job_number,submit_time,wait_time,runtime,nodes_alloc,cpu_used,mem_used,proc_req,time_req,mem_req,status,user,user_group,executable_num,queue_num,partition,prev_job,think_time,,,,,start_time_minutes
1,0,-1,1451,128,-1,-1,-1,-1,-1,-1,1,1,-1,-1,-1,-1,-1,,,,,
2,1460,-1,3726,128,-1,-1,-1,-1,-1,-1,1,1,-1,-1,-1,-1,-1,,,,,
3,5198,-1,1067,128,-1,-1,-1,-1,-1,-1,1,1,-1,-1,-1,-1,-1,,,,,
4,6269,-1,10927,128,-1,-1,-1,-1,-1,-1,2,1,-1,-1,-1,-1,-1,,,,,
5,17201,-1,2927,128,-1,-1,-1,-1,-1,-1,1,1,-1,-1,-1,-1,-1,,,,,
57,25574,-1,10,1,-1,-1,-1,-1,-1,-1,4,1,2,-1,-1,-1,-1,,,,4935/18239,
59,26613,-1,716,32,-1,-1,-1,-1,-1,-1,4,1,3,-1,-1,-1,-1,,,,,
60,27331,-1,7,1,-1,-1,-1,-1,-1,-1,4,1,4,-1,-1,-1,-1,1,27%,4935,,
61,27968,-1,69,2,-1,-1,-1,-1,-1,-1,5,2,5,-1,-1,-1,-1,2,10%,1763,,
62,27989,-1,9,1,-1,-1,-1,-1,-1,-1,6,1,6,-1,-1,-1,-1,4,15%,2683,,
63,28043,-1,9,1,-1,-1,-1,-1,-1,-1,6,1,6,-1,-1,-1,-1,8,10%,1793,,
65,28255,-1,884,1,-1,-1,-1,-1,-1,-1,6,1,6,-1,-1,-1,-1,16,10%,1780,,
72,29539,-1,75,32,-1,-1,-1,-1,-1,-1,4,1,3,-1,-1,-1,-1,32,20%,3662,,
74,29616,-1,15,1,-1,-1,-1,-1,-1,-1,4,1,4,-1,-1,-1,-1,64,7%,1203,,
76,30304,-1,176,32,-1,-1,-1,-1,-1,-1,4,1,3,-1,-1,-1,-1,128,2%,420,,
77,30542,-1,160,32,-1,-1,-1,-1,-1,-1,4,1,3,-1,-1,-1,-1,,100%,18239,,
80,30931,-1,229,32,-1,-1,-1,-1,-1,-1,4,1,3,-1,-1,-1,-1,,,,,
85,31316,-1,54,4,-1,-1,-1,-1,-1,-1,7,1,7,-1,-1,-1,-1,,,,,
86,31345,-1,237,32,-1,-1,-1,-1,-1,-1,4,1,3,-1,-1,-1,-1,,,,,
87,31658,-1,49,4,-1,-1,-1,-1,-1,-1,7,1,7,-1,-1,-1,-1,,,,,
89,31823,-1,104,32,-1,-1,-1,-1,-1,-1,4,1,3,-1,-1,-1,-1,,,,,
90,31829,-1,57,4,-1,-1,-1,-1,-1,-1,7,1,7,-1,-1,-1,-1,,,,,
91,31888,-1,19,16,-1,-1,-1,-1,-1,-1,8,1,8,-1,-1,-1,-1,,,,,
92,31929,-1,7,1,-1,-1,-1,-1,-1,-1,4,1,4,-1,-1,-1,-1,,,,,
93,32058,-1,181,32,-1,-1,-1,-1,-1,-1,4,1,3,-1,-1,-1,-1,,,,,
95,32289,-1,143,32,-1,-1,-1,-1,-1,-1,4,1,3,-1,-1,-1,-1,,,,,
96,32435,-1,7,1,-1,-1,-1,-1,-1,-1,4,1,4,-1,-1,-1,-1,,,,,
97,32463,-1,59,4,-1,-1,-1,-1,-1,-1,7,1,7,-1,-1,-1,-1,,,,,
98,32513,-1,4034,16,-1,-1,-1,-1,-1,-1,8,1,8,-1,-1,-1,-1,,,,,
102,32702,-1,14,1,-1,-1,-1,-1,-1,-1,9,2,9,-1,-1,-1,-1,,,,,
104,32974,-1,51,4,-1,-1,-1,-1,-1,-1,7,1,7,-1,-1,-1,-1,,,,,
106,33114,-1,10,1,-1,-1,-1,-1,-1,-1,4,1,4,-1,-1,-1,-1,,,,,
107,33200,-1,52,4,-1,-1,-1,-1,-1,-1,7,1,7,-1,-1,-1,-1,,,,,
109,33656,-1,147,32,-1,-1,-1,-1,-1,-1,4,1,3,-1,-1,-1,-1,,,,,
110,33806,-1,19,1,-1,-1,-1,-1,-1,-1,4,1,4,-1,-1,-1,-1,,,,,
111,33820,-1,60,4,-1,-1,-1,-1,-1,-1,7,1,7,-1,-1,-1,-1,,,,,
115,34421,-1,21,4,-1,-1,-1,-1,-1,-1,5,2,5,-1,-1,-1,-1,,,,,
117,34471,-1,200,32,-1,-1,-1,-1,-1,-1,4,1,3,-1,-1,-1,-1,,,,,
119,34546,-1,35,4,-1,-1,-1,-1,-1,-1,5,2,5,-1,-1,-1,-1,,,,,
121,34673,-1,8,1,-1,-1,-1,-1,-1,-1,4,1,4,-1,-1,-1,-1,,,,,
122,34856,-1,732,32,-1,-1,-1,-1,-1,-1,4,1,3,-1,-1,-1,-1,,,,,
124,35269,-1,7,1,-1,-1,-1,-1,-1,-1,4,1,4,-1,-1,-1,-1,,,,,
126,35572,-1,63,4,-1,-1,-1,-1,-1,-1,7,1,7,-1,-1,-1,-1,,,,,
127,35593,-1,10,1,-1,-1,-1,-1,-1,-1,4,1,4,-1,-1,-1,-1,,,,,
128,35663,-1,727,32,-1,-1,-1,-1,-1,-1,4,1,3,-1,-1,-1,-1,,,,,
133,36027,-1,53,4,-1,-1,-1,-1,-1,-1,7,1,7,-1,-1,-1,-1,,,,,
135,36149,-1,120,32,-1,-1,-1,-1,-1,-1,10,1,10,-1,-1,-1,-1,,,,,
136,36204,-1,133,16,-1,-1,-1,-1,-1,-1,11,1,11,-1,-1,-1,-1,,,,,
137,36396,-1,8,1,-1,-1,-1,-1,-1,-1,4,1,4,-1,-1,-1,-1,,,,,
138,36451,-1,166,32,-1,-1,-1,-1,-1,-1,4,1,3,-1,-1,-1,-1,,,,,
140,36641,-1,785,32,-1,-1,-1,-1,-1,-1,4,1,3,-1,-1,-1,-1,,,,,
141,36709,-1,151,16,-1,-1,-1,-1,-1,-1,11,1,11,-1,-1,-1,-1,,,,,
142,36716,-1,290,4,-1,-1,-1,-1,-1,-1,7,1,7,-1,-1,-1,-1,,,,,
143,36718,-1,5057,16,-1,-1,-1,-1,-1,-1,8,1,8,-1,-1,-1,-1,,,,,
144,36965,-1,593,32,-1,-1,-1,-1,-1,-1,10,1,10,-1,-1,-1,-1,,,,,
146,37087,-1,123,16,-1,-1,-1,-1,-1,-1,11,1,11,-1,-1,-1,-1,,,,,
147,37304,-1,152,16,-1,-1,-1,-1,-1,-1,11,1,11,-1,-1,-1,-1,,,,,
150,37436,-1,29,1,-1,-1,-1,-1,-1,-1,4,1,4,-1,-1,-1,-1,,,,,
151,37439,-1,71,4,-1,-1,-1,-1,-1,-1,7,1,7,-1,-1,-1,-1,,,,,
154,37562,-1,136,32,-1,-1,-1,-1,-1,-1,10,1,10,-1,-1,-1,-1,,,,,
155,37701,-1,172,32,-1,-1,-1,-1,-1,-1,10,1,10,-1,-1,-1,-1,,,,,
156,37826,-1,69,4,-1,-1,-1,-1,-1,-1,7,1,7,-1,-1,-1,-1,,,,,
157,37877,-1,566,32,-1,-1,-1,-1,-1,-1,10,1,10,-1,-1,-1,-1,,,,,
159,37905,-1,807,32,-1,-1,-1,-1,-1,-1,4,1,3,-1,-1,-1,-1,,,,,
160,38147,-1,70,4,-1,-1,-1,-1,-1,-1,7,1,7,-1,-1,-1,-1,,,,,
162,38445,-1,4750,32,-1,-1,-1,-1,-1,-1,10,1,10,-1,-1,-1,-1,,,,,
163,38716,-1,7,1,-1,-1,-1,-1,-1,-1,4,1,4,-1,-1,-1,-1,,,,,
170,40045,-1,3,1,-1,-1,-1,-1,-1,-1,2,1,9,-1,-1,-1,-1,,,,,
172,40336,-1,748,32,-1,-1,-1,-1,-1,-1,4,1,3,-1,-1,-1,-1,,,,,
173,40393,-1,78,4,-1,-1,-1,-1,-1,-1,7,1,7,-1,-1,-1,-1,,,,,
175,40730,-1,68,4,-1,-1,-1,-1,-1,-1,7,1,7,-1,-1,-1,-1,,,,,
176,40770,-1,9,1,-1,-1,-1,-1,-1,-1,4,1,4,-1,-1,-1,-1,,,,,
178,41017,-1,64,4,-1,-1,-1,-1,-1,-1,7,1,7,-1,-1,-1,-1,,,,,
180,41088,-1,16,1,-1,-1,-1,-1,-1,-1,4,1,4,-1,-1,-1,-1,,,,,
183,41252,-1,206,32,-1,-1,-1,-1,-1,-1,4,1,3,-1,-1,-1,-1,,,,,
184,41391,-1,74,4,-1,-1,-1,-1,-1,-1,7,1,7,-1,-1,-1,-1,,,,,
186,41502,-1,260,32,-1,-1,-1,-1,-1,-1,4,1,-1,-1,-1,-1,-1,,,,,
187,41598,-1,138,4,-1,-1,-1,-1,-1,-1,5,2,5,-1,-1,-1,-1,,,,,
188,41759,-1,24,4,-1,-1,-1,-1,-1,-1,5,2,5,-1,-1,-1,-1,,,,,
189,41861,-1,37,8,-1,-1,-1,-1,-1,-1,5,2,5,-1,-1,-1,-1,,,,,
190,42024,-1,4,1,-1,-1,-1,-1,-1,-1,5,2,9,-1,-1,-1,-1,,,,,
191,42064,-1,4,1,-1,-1,-1,-1,-1,-1,5,2,12,-1,-1,-1,-1,,,,,
192,42072,-1,4,1,-1,-1,-1,-1,-1,-1,5,2,12,-1,-1,-1,-1,,,,,
194,42432,-1,14,32,-1,-1,-1,-1,-1,-1,5,2,11,-1,-1,-1,-1,,,,,
195,42451,-1,23,4,-1,-1,-1,-1,-1,-1,5,2,11,-1,-1,-1,-1,,,,,
197,42545,-1,19,4,-1,-1,-1,-1,-1,-1,5,2,13,-1,-1,-1,-1,,,,,
198,42602,-1,54,4,-1,-1,-1,-1,-1,-1,5,2,13,-1,-1,-1,-1,,,,,
199,42632,-1,500,32,-1,-1,-1,-1,-1,-1,4,1,-1,-1,-1,-1,-1,,,,,
200,42670,-1,355,8,-1,-1,-1,-1,-1,-1,5,2,13,-1,-1,-1,-1,,,,,
202,42912,-1,235,32,-1,-1,-1,-1,-1,-1,12,2,14,-1,-1,-1,-1,,,,,
205,43044,-1,4,16,-1,-1,-1,-1,-1,-1,11,1,11,-1,-1,-1,-1,,,,,
207,43072,-1,29,16,-1,-1,-1,-1,-1,-1,11,1,11,-1,-1,-1,-1,,,,,
209,43137,-1,159,16,-1,-1,-1,-1,-1,-1,11,1,11,-1,-1,-1,-1,,,,,
210,43180,-1,1342,32,-1,-1,-1,-1,-1,-1,4,1,-1,-1,-1,-1,-1,,,,,
211,43212,-1,594,8,-1,-1,-1,-1,-1,-1,5,2,13,-1,-1,-1,-1,,,,,
212,43326,-1,5,1,-1,-1,-1,-1,-1,-1,5,2,9,-1,-1,-1,-1,,,,,
213,43394,-1,1641,16,-1,-1,-1,-1,-1,-1,8,1,8,-1,-1,-1,-1,,,,,
214,43398,-1,134,16,-1,-1,-1,-1,-1,-1,11,1,11,-1,-1,-1,-1,,,,,
215,43507,-1,21,1,-1,-1,-1,-1,-1,-1,13,1,15,-1,-1,-1,-1,,,,,
217,43685,-1,134,16,-1,-1,-1,-1,-1,-1,11,1,11,-1,-1,-1,-1,,,,,
218,43701,-1,23,1,-1,-1,-1,-1,-1,-1,13,1,15,-1,-1,-1,-1,,,,,
219,43812,-1,80,8,-1,-1,-1,-1,-1,-1,5,2,13,-1,-1,-1,-1,,,,,
220,43912,-1,126,16,-1,-1,-1,-1,-1,-1,11,1,11,-1,-1,-1,-1,,,,,
221,43934,-1,5,1,-1,-1,-1,-1,-1,-1,5,2,12,-1,-1,-1,-1,,,,,
222,43941,-1,80,1,-1,-1,-1,-1,-1,-1,5,2,12,-1,-1,-1,-1,,,,,
223,44117,-1,135,16,-1,-1,-1,-1,-1,-1,11,1,11,-1,-1,-1,-1,,,,,
225,44316,-1,89,16,-1,-1,-1,-1,-1,-1,11,1,11,-1,-1,-1,-1,,,,,
226,44367,-1,8,1,-1,-1,-1,-1,-1,-1,4,1,4,-1,-1,-1,-1,,,,,
227,44445,-1,590,16,-1,-1,-1,-1,-1,-1,11,1,11,-1,-1,-1,-1,,,,,
230,44542,-1,493,32,-1,-1,-1,-1,-1,-1,4,1,-1,-1,-1,-1,-1,,,,,
232,44576,-1,459,32,-1,-1,-1,-1,-1,-1,10,1,10,-1,-1,-1,-1,,,,,
234,44804,-1,27,1,-1,-1,-1,-1,-1,-1,13,1,15,-1,-1,-1,-1,,,,,
236,46158,-1,16,1,-1,-1,-1,-1,-1,-1,4,1,4,-1,-1,-1,-1,,,,,
237,46167,-1,13,1,-1,-1,-1,-1,-1,-1,6,1,6,-1,-1,-1,-1,,,,,
238,46210,-1,485,32,-1,-1,-1,-1,-1,-1,4,1,-1,-1,-1,-1,-1,,,,,
239,46211,-1,935,1,-1,-1,-1,-1,-1,-1,6,1,6,-1,-1,-1,-1,,,,,
242,46461,-1,754,1,-1,-1,-1,-1,-1,-1,14,2,9,-1,-1,-1,-1,,,,,
244,46546,-1,488,32,-1,-1,-1,-1,-1,-1,10,1,10,-1,-1,-1,-1,,,,,
247,46726,-1,651,32,-1,-1,-1,-1,-1,-1,4,1,-1,-1,-1,-1,-1,,,,,
248,47039,-1,424,32,-1,-1,-1,-1,-1,-1,10,1,10,-1,-1,-1,-1,,,,,
250,47245,-1,923,1,-1,-1,-1,-1,-1,-1,14,2,16,-1,-1,-1,-1,,,,,
251,47395,-1,2860,32,-1,-1,-1,-1,-1,-1,4,1,-1,-1,-1,-1,-1,,,,,
252,47475,-1,180,32,-1,-1,-1,-1,-1,-1,10,1,10,-1,-1,-1,-1,,,,,
253,47691,-1,155,32,-1,-1,-1,-1,-1,-1,10,1,10,-1,-1,-1,-1,,,,,
255,47966,-1,4472,32,-1,-1,-1,-1,-1,-1,10,1,10,-1,-1,-1,-1,,,,,
261,48720,-1,8,1,-1,-1,-1,-1,-1,-1,2,1,9,-1,-1,-1,-1,,,,,
263,49003,-1,9,1,-1,-1,-1,-1,-1,-1,4,1,4,-1,-1,-1,-1,,,,,
264,49208,-1,12,1,-1,-1,-1,-1,-1,-1,12,2,17,-1,-1,-1,-1,,,,,
266,49623,-1,13,1,-1,-1,-1,-1,-1,-1,4,1,4,-1,-1,-1,-1,,,,,
272,50054,-1,106,4,-1,-1,-1,-1,-1,-1,7,1,7,-1,-1,-1,-1,,,,,
274,50369,-1,362,32,-1,-1,-1,-1,-1,-1,4,1,3,-1,-1,-1,-1,,,,,
275,50739,-1,1125,32,-1,-1,-1,-1,-1,-1,4,1,-1,-1,-1,-1,-1,,,,,
277,50905,-1,12,1,-1,-1,-1,-1,-1,-1,12,2,17,-1,-1,-1,-1,,,,,
280,51171,-1,522,32,-1,-1,-1,-1,-1,-1,7,1,10,-1,-1,-1,-1,,,,,
281,51189,-1,17,1,-1,-1,-1,-1,-1,-1,4,1,4,-1,-1,-1,-1,,,,,
283,51238,-1,454,4,-1,-1,-1,-1,-1,-1,7,1,18,-1,-1,-1,-1,,,,,
284,51268,-1,4,1,-1,-1,-1,-1,-1,-1,2,1,9,-1,-1,-1,-1,,,,,
286,51310,-1,44,4,-1,-1,-1,-1,-1,-1,15,1,19,-1,-1,-1,-1,,,,,
287,51332,-1,21,2,-1,-1,-1,-1,-1,-1,15,1,20,-1,-1,-1,-1,,,,,
289,51500,-1,3,1,-1,-1,-1,-1,-1,-1,2,1,9,-1,-1,-1,-1,,,,,
290,51751,-1,83,32,-1,-1,-1,-1,-1,-1,7,1,10,-1,-1,-1,-1,,,,,
291,51818,-1,6,4,-1,-1,-1,-1,-1,-1,7,1,18,-1,-1,-1,-1,,,,,
293,51853,-1,175,32,-1,-1,-1,-1,-1,-1,7,1,10,-1,-1,-1,-1,,,,,
294,51921,-1,108,4,-1,-1,-1,-1,-1,-1,7,1,18,-1,-1,-1,-1,,,,,
295,51932,-1,222,32,-1,-1,-1,-1,-1,-1,4,1,-1,-1,-1,-1,-1,,,,,
296,52128,-1,11,1,-1,-1,-1,-1,-1,-1,4,1,4,-1,-1,-1,-1,,,,,
297,52174,-1,372,32,-1,-1,-1,-1,-1,-1,4,1,-1,-1,-1,-1,-1,,,,,
299,52615,-1,922,32,-1,-1,-1,-1,-1,-1,4,1,-1,-1,-1,-1,-1,,,,,
304,52889,-1,6,64,-1,-1,-1,-1,-1,-1,12,2,14,-1,-1,-1,-1,,,,,
305,52912,-1,12,1,-1,-1,-1,-1,-1,-1,12,2,1,-1,-1,-1,-1,,,,,
307,52949,-1,3,64,-1,-1,-1,-1,-1,-1,12,2,14,-1,-1,-1,-1,,,,,
308,52985,-1,219,32,-1,-1,-1,-1,-1,-1,12,2,14,-1,-1,-1,-1,,,,,
309,53019,-1,38,64,-1,-1,-1,-1,-1,-1,12,2,1,-1,-1,-1,-1,,,,,
310,53073,-1,39,64,-1,-1,-1,-1,-1,-1,12,2,1,-1,-1,-1,-1,,,,,
311,53127,-1,142,1,-1,-1,-1,-1,-1,-1,12,2,1,-1,-1,-1,-1,,,,,
312,53129,-1,103,1,-1,-1,-1,-1,-1,-1,4,1,4,-1,-1,-1,-1,,,,,
313,53246,-1,60,1,-1,-1,-1,-1,-1,-1,4,1,4,-1,-1,-1,-1,,,,,
314,53326,-1,11,1,-1,-1,-1,-1,-1,-1,4,1,4,-1,-1,-1,-1,,,,,
315,53328,-1,24,1,-1,-1,-1,-1,-1,-1,12,2,1,-1,-1,-1,-1,,,,,
316,53374,-1,3,64,-1,-1,-1,-1,-1,-1,12,2,1,-1,-1,-1,-1,,,,,
318,53472,-1,71,32,-1,-1,-1,-1,-1,-1,12,2,11,-1,-1,-1,-1,,,,,
319,53590,-1,3,64,-1,-1,-1,-1,-1,-1,14,2,11,-1,-1,-1,-1,,,,,
320,54127,-1,11,1,-1,-1,-1,-1,-1,-1,4,1,4,-1,-1,-1,-1,,,,,
321,54151,-1,2689,32,-1,-1,-1,-1,-1,-1,4,1,-1,-1,-1,-1,-1,,,,,
327,54595,-1,12,1,-1,-1,-1,-1,-1,-1,4,1,4,-1,-1,-1,-1,,,,,
328,54673,-1,161,64,-1,-1,-1,-1,-1,-1,12,2,14,-1,-1,-1,-1,,,,,
331,54885,-1,220,32,-1,-1,-1,-1,-1,-1,12,2,14,-1,-1,-1,-1,,,,,
332,54889,-1,253,64,-1,-1,-1,-1,-1,-1,16,2,21,-1,-1,-1,-1,,,,,
333,55252,-1,1268,32,-1,-1,-1,-1,-1,-1,7,1,10,-1,-1,-1,-1,,,,,
334,55313,-1,1207,4,-1,-1,-1,-1,-1,-1,7,1,18,-1,-1,-1,-1,,,,,
336,55612,-1,9,1,-1,-1,-1,-1,-1,-1,4,1,4,-1,-1,-1,-1,,,,,
338,56204,-1,9,1,-1,-1,-1,-1,-1,-1,4,1,4,-1,-1,-1,-1,,,,,
339,56706,-1,287,32,-1,-1,-1,-1,-1,-1,7,1,10,-1,-1,-1,-1,,,,,
340,56769,-1,224,4,-1,-1,-1,-1,-1,-1,7,1,18,-1,-1,-1,-1,,,,,
341,57078,-1,294,32,-1,-1,-1,-1,-1,-1,7,1,10,-1,-1,-1,-1,,,,,
342,57140,-1,232,4,-1,-1,-1,-1,-1,-1,7,1,18,-1,-1,-1,-1,,,,,
343,57412,-1,115,32,-1,-1,-1,-1,-1,-1,4,1,-1,-1,-1,-1,-1,,,,,
344,57863,-1,183,32,-1,-1,-1,-1,-1,-1,4,1,-1,-1,-1,-1,-1,,,,,
345,58126,-1,2683,32,-1,-1,-1,-1,-1,-1,4,1,-1,-1,-1,-1,-1,,,,,
346,58762,-1,101,4,-1,-1,-1,-1,-1,-1,7,1,7,-1,-1,-1,-1,,,,,
347,59334,-1,12,1,-1,-1,-1,-1,-1,-1,4,1,4,-1,-1,-1,-1,,,,,
348,59618,-1,12,1,-1,-1,-1,-1,-1,-1,4,1,2,-1,-1,-1,-1,,,,,
349,60189,-1,10,1,-1,-1,-1,-1,-1,-1,4,1,4,-1,-1,-1,-1,,,,,
350,60520,-1,7,1,-1,-1,-1,-1,-1,-1,4,1,4,-1,-1,-1,-1,,,,,
351,61042,-1,247,64,-1,-1,-1,-1,-1,-1,16,2,21,-1,-1,-1,-1,,,,,
352,61049,-1,286,32,-1,-1,-1,-1,-1,-1,4,1,-1,-1,-1,-1,-1,,,,,
353,61418,-1,243,64,-1,-1,-1,-1,-1,-1,16,2,21,-1,-1,-1,-1,,,,,
354,61496,-1,895,32,-1,-1,-1,-1,-1,-1,4,1,-1,-1,-1,-1,-1,,,,,
355,61686,-1,221,64,-1,-1,-1,-1,-1,-1,16,2,21,-1,-1,-1,-1,,,,,
356,62660,-1,2674,32,-1,-1,-1,-1,-1,-1,4,1,-1,-1,-1,-1,-1,,,,,
357,65100,-1,11,1,-1,-1,-1,-1,-1,-1,9,2,9,-1,-1,-1,-1,,,,,
373,72005,-1,9078,32,-1,-1,-1,-1,-1,-1,4,1,-1,-1,-1,-1,-1,,,,,
379,81088,-1,10925,128,-1,-1,-1,-1,-1,-1,17,1,-1,-1,-1,-1,-1,,,,,
380,92020,-1,6959,16,-1,-1,-1,-1,-1,-1,8,1,-1,-1,-1,-1,-1,,,,,
417,102247,-1,4,1,-1,-1,-1,-1,-1,-1,14,2,1,-1,-1,-1,-1,,,,,
501,119099,-1,9,1,-1,-1,-1,-1,-1,-1,9,2,9,-1,-1,-1,-1,,,,,
507,119642,-1,8,1,-1,-1,-1,-1,-1,-1,4,1,2,-1,-1,-1,-1,,,,,
524,124269,-1,8,1,-1,-1,-1,-1,-1,-1,2,1,9,-1,-1,-1,-1,,,,,
532,125455,-1,19761,16,-1,-1,-1,-1,-1,-1,8,1,8,-1,-1,-1,-1,,,,,
618,145195,-1,15,1,-1,-1,-1,-1,-1,-1,12,2,17,-1,-1,-1,-1,,,,,
619,145220,-1,16,128,-1,-1,-1,-1,-1,-1,12,2,-1,-1,-1,-1,-1,,,,,
621,145531,-1,107,128,-1,-1,-1,-1,-1,-1,12,2,14,-1,-1,-1,-1,,,,,
630,154804,-1,96,128,-1,-1,-1,-1,-1,-1,12,2,14,-1,-1,-1,-1,,,,,
633,155847,-1,393,128,-1,-1,-1,-1,-1,-1,1,1,22,-1,-1,-1,-1,,,,,
634,156282,-1,127,32,-1,-1,-1,-1,-1,-1,1,1,22,-1,-1,-1,-1,,,,,
641,157108,-1,176,64,-1,-1,-1,-1,-1,-1,1,1,22,-1,-1,-1,-1,,,,,
642,157454,-1,164,128,-1,-1,-1,-1,-1,-1,1,1,22,-1,-1,-1,-1,,,,,
643,157733,-1,112,32,-1,-1,-1,-1,-1,-1,1,1,22,-1,-1,-1,-1,,,,,
644,157899,-1,130,64,-1,-1,-1,-1,-1,-1,1,1,22,-1,-1,-1,-1,,,,,
650,158270,-1,103,32,-1,-1,-1,-1,-1,-1,1,1,22,-1,-1,-1,-1,,,,,
651,158407,-1,801,16,-1,-1,-1,-1,-1,-1,8,1,-1,-1,-1,-1,-1,,,,,
652,158539,-1,136,64,-1,-1,-1,-1,-1,-1,1,1,22,-1,-1,-1,-1,,,,,
654,158976,-1,118,64,-1,-1,-1,-1,-1,-1,1,1,22,-1,-1,-1,-1,,,,,
656,159123,-1,90,64,-1,-1,-1,-1,-1,-1,1,1,22,-1,-1,-1,-1,,,,,
657,159217,-1,9627,128,-1,-1,-1,-1,-1,-1,2,1,-1,-1,-1,-1,-1,,,,,
658,168848,-1,0,128,-1,-1,-1,-1,-1,-1,1,1,-1,-1,-1,-1,-1,,,,,
659,179781,-1,0,64,-1,-1,-1,-1,-1,-1,1,1,-1,-1,-1,-1,-1,,,,,
669,183531,-1,0,128,-1,-1,-1,-1,-1,-1,18,1,-1,-1,-1,-1,-1,,,,,
670,184502,-1,0,128,-1,-1,-1,-1,-1,-1,1,1,-1,-1,-1,-1,-1,,,,,
671,185400,-1,0,128,-1,-1,-1,-1,-1,-1,18,1,-1,-1,-1,-1,-1,,,,,
672,187722,-1,70,128,-1,-1,-1,-1,-1,-1,18,1,-1,-1,-1,-1,-1,,,,,
673,187796,-1,641,128,-1,-1,-1,-1,-1,-1,1,1,-1,-1,-1,-1,-1,,,,,
739,204541,-1,78,32,-1,-1,-1,-1,-1,-1,1,1,22,-1,-1,-1,-1,,,,,
740,204621,-1,84,32,-1,-1,-1,-1,-1,-1,1,1,22,-1,-1,-1,-1,,,,,
741,204707,-1,91,32,-1,-1,-1,-1,-1,-1,1,1,22,-1,-1,-1,-1,,,,,
744,204799,-1,84,32,-1,-1,-1,-1,-1,-1,1,1,22,-1,-1,-1,-1,,,,,
746,204885,-1,89,32,-1,-1,-1,-1,-1,-1,1,1,22,-1,-1,-1,-1,,,,,
748,204976,-1,82,32,-1,-1,-1,-1,-1,-1,1,1,22,-1,-1,-1,-1,,,,,
750,205059,-1,103,32,-1,-1,-1,-1,-1,-1,1,1,22,-1,-1,-1,-1,,,,,
751,205165,-1,102,32,-1,-1,-1,-1,-1,-1,1,1,22,-1,-1,-1,-1,,,,,
752,205269,-1,102,32,-1,-1,-1,-1,-1,-1,1,1,22,-1,-1,-1,-1,,,,,
753,205373,-1,103,32,-1,-1,-1,-1,-1,-1,1,1,22,-1,-1,-1,-1,,,,,
755,205499,-1,11,1,-1,-1,-1,-1,-1,-1,9,2,9,-1,-1,-1,-1,,,,,
770,209027,-1,196,16,-1,-1,-1,-1,-1,-1,8,1,8,-1,-1,-1,-1,,,,,
772,209381,-1,2429,16,-1,-1,-1,-1,-1,-1,8,1,8,-1,-1,-1,-1,,,,,
878,233469,-1,134,1,-1,-1,-1,-1,-1,-1,19,1,23,-1,-1,-1,-1,,,,,
886,234787,-1,135,32,-1,-1,-1,-1,-1,-1,4,1,3,-1,-1,-1,-1,,,,,
887,234924,-1,17,32,-1,-1,-1,-1,-1,-1,4,1,4,-1,-1,-1,-1,,,,,
889,235535,-1,247,32,-1,-1,-1,-1,-1,-1,4,1,3,-1,-1,-1,-1,,,,,
891,235949,-1,185,32,-1,-1,-1,-1,-1,-1,4,1,3,-1,-1,-1,-1,,,,,
898,237093,-1,153,32,-1,-1,-1,-1,-1,-1,4,1,3,-1,-1,-1,-1,,,,,
900,237247,-1,14,32,-1,-1,-1,-1,-1,-1,4,1,4,-1,-1,-1,-1,,,,,
901,237286,-1,19,1,-1,-1,-1,-1,-1,-1,4,1,2,-1,-1,-1,-1,,,,,
907,237802,-1,143,32,-1,-1,-1,-1,-1,-1,4,1,3,-1,-1,-1,-1,,,,,
908,237900,-1,14,1,-1,-1,-1,-1,-1,-1,9,2,9,-1,-1,-1,-1,,,,,
909,237947,-1,20,32,-1,-1,-1,-1,-1,-1,4,1,4,-1,-1,-1,-1,,,,,
910,237950,-1,9,1,-1,-1,-1,-1,-1,-1,4,1,2,-1,-1,-1,-1,,,,,
919,239820,-1,141,32,-1,-1,-1,-1,-1,-1,4,1,3,-1,-1,-1,-1,,,,,
920,239963,-1,17,32,-1,-1,-1,-1,-1,-1,4,1,4,-1,-1,-1,-1,,,,,
921,240036,-1,152,32,-1,-1,-1,-1,-1,-1,4,1,3,-1,-1,-1,-1,,,,,
922,240190,-1,19,32,-1,-1,-1,-1,-1,-1,4,1,4,-1,-1,-1,-1,,,,,
924,240319,-1,252,32,-1,-1,-1,-1,-1,-1,4,1,3,-1,-1,-1,-1,,,,,
931,241575,-1,208,32,-1,-1,-1,-1,-1,-1,4,1,3,-1,-1,-1,-1,,,,,
933,241854,-1,235,32,-1,-1,-1,-1,-1,-1,4,1,3,-1,-1,-1,-1,,,,,
938,242281,-1,172,32,-1,-1,-1,-1,-1,-1,4,1,3,-1,-1,-1,-1,,,,,
942,243491,-1,297,32,-1,-1,-1,-1,-1,-1,4,1,3,-1,-1,-1,-1,,,,,
950,244806,-1,9089,32,-1,-1,-1,-1,-1,-1,4,1,-1,-1,-1,-1,-1,,,,,
998,253899,-1,3037,128,-1,-1,-1,-1,-1,-1,18,1,-1,-1,-1,-1,-1,,,,,
999,256940,-1,9764,128,-1,-1,-1,-1,-1,-1,2,1,-1,-1,-1,-1,-1,,,,,
1000,266709,-1,9141,32,-1,-1,-1,-1,-1,-1,4,1,-1,-1,-1,-1,-1,,,,,
1001,266712,-1,1465,16,-1,-1,-1,-1,-1,-1,8,1,-1,-1,-1,-1,-1,,,,,
1025,271998,-1,8,2,-1,-1,-1,-1,-1,-1,20,1,24,-1,-1,-1,-1,,,,,
1026,272013,-1,5,2,-1,-1,-1,-1,-1,-1,20,1,24,-1,-1,-1,-1,,,,,
1027,272022,-1,5,2,-1,-1,-1,-1,-1,-1,20,1,24,-1,-1,-1,-1,,,,,
1028,272030,-1,8,2,-1,-1,-1,-1,-1,-1,20,1,24,-1,-1,-1,-1,,,,,
1033,272285,-1,304,2,-1,-1,-1,-1,-1,-1,20,1,24,-1,-1,-1,-1,,,,,
1042,274132,-1,8,2,-1,-1,-1,-1,-1,-1,20,1,24,-1,-1,-1,-1,,,,,
1044,274279,-1,9,2,-1,-1,-1,-1,-1,-1,20,1,24,-1,-1,-1,-1,,,,,
1045,274462,-1,7,2,-1,-1,-1,-1,-1,-1,20,1,24,-1,-1,-1,-1,,,,,
1046,274564,-1,6,2,-1,-1,-1,-1,-1,-1,20,1,24,-1,-1,-1,-1,,,,,
1047,274676,-1,11,2,-1,-1,-1,-1,-1,-1,20,1,24,-1,-1,-1,-1,,,,,
1050,275093,-1,15,2,-1,-1,-1,-1,-1,-1,20,1,24,-1,-1,-1,-1,,,,,
1053,275186,-1,9,2,-1,-1,-1,-1,-1,-1,20,1,24,-1,-1,-1,-1,,,,,
1057,275933,-1,11,2,-1,-1,-1,-1,-1,-1,20,1,24,-1,-1,-1,-1,,,,,
1059,276247,-1,15,2,-1,-1,-1,-1,-1,-1,20,1,24,-1,-1,-1,-1,,,,,
1064,276685,-1,10,2,-1,-1,-1,-1,-1,-1,20,1,24,-1,-1,-1,-1,,,,,
1066,276930,-1,7,2,-1,-1,-1,-1,-1,-1,20,1,24,-1,-1,-1,-1,,,,,
1081,279644,-1,7,1,-1,-1,-1,-1,-1,-1,4,1,2,-1,-1,-1,-1,,,,,
1087,280995,-1,270,32,-1,-1,-1,-1,-1,-1,4,1,3,-1,-1,-1,-1,,,,,
1090,281267,-1,17,32,-1,-1,-1,-1,-1,-1,4,1,4,-1,-1,-1,-1,,,,,
1091,281405,-1,1248,32,-1,-1,-1,-1,-1,-1,4,1,3,-1,-1,-1,-1,,,,,
1099,282654,-1,21,32,-1,-1,-1,-1,-1,-1,4,1,4,-1,-1,-1,-1,,,,,
1100,282758,-1,4654,64,-1,-1,-1,-1,-1,-1,4,1,3,-1,-1,-1,-1,,,,,
1102,283065,-1,21,1,-1,-1,-1,-1,-1,-1,5,2,5,-1,-1,-1,-1,,,,,
1103,283113,-1,20,1,-1,-1,-1,-1,-1,-1,5,2,5,-1,-1,-1,-1,,,,,
1104,283191,-1,56,1,-1,-1,-1,-1,-1,-1,5,2,5,-1,-1,-1,-1,,,,,
1105,283435,-1,46,2,-1,-1,-1,-1,-1,-1,5,2,5,-1,-1,-1,-1,,,,,
1107,283540,-1,3,1,-1,-1,-1,-1,-1,-1,5,2,12,-1,-1,-1,-1,,,,,
1108,283678,-1,23,1,-1,-1,-1,-1,-1,-1,5,2,5,-1,-1,-1,-1,,,,,
1109,283721,-1,227,1,-1,-1,-1,-1,-1,-1,5,2,5,-1,-1,-1,-1,,,,,
1116,284742,-1,38,1,-1,-1,-1,-1,-1,-1,5,2,5,-1,-1,-1,-1,,,,,
1117,284828,-1,21,1,-1,-1,-1,-1,-1,-1,5,2,5,-1,-1,-1,-1,,,,,
1121,285276,-1,192,1,-1,-1,-1,-1,-1,-1,5,2,5,-1,-1,-1,-1,,,,,
1127,286695,-1,280,1,-1,-1,-1,-1,-1,-1,5,2,11,-1,-1,-1,-1,,,,,
1133,287317,-1,11,1,-1,-1,-1,-1,-1,-1,4,1,4,-1,-1,-1,-1,,,,,
1134,287469,-1,814,64,-1,-1,-1,-1,-1,-1,4,1,3,-1,-1,-1,-1,,,,,
1135,287715,-1,24,1,-1,-1,-1,-1,-1,-1,5,2,5,-1,-1,-1,-1,,,,,
1136,288141,-1,908,16,-1,-1,-1,-1,-1,-1,21,1,-1,-1,-1,-1,-1,,,,,
1137,288399,-1,45,1,-1,-1,-1,-1,-1,-1,5,2,5,-1,-1,-1,-1,,,,,
1138,288452,-1,8666,64,-1,-1,-1,-1,-1,-1,4,1,3,-1,-1,-1,-1,,,,,
1139,288479,-1,30,1,-1,-1,-1,-1,-1,-1,5,2,5,-1,-1,-1,-1,,,,,
1140,290368,-1,4,1,-1,-1,-1,-1,-1,-1,2,1,9,-1,-1,-1,-1,,,,,
1141,290405,-1,2,1,-1,-1,-1,-1,-1,-1,2,1,9,-1,-1,-1,-1,,,,,
1144,291911,-1,13,1,-1,-1,-1,-1,-1,-1,9,2,9,-1,-1,-1,-1,,,,,
1147,292776,-1,0,16,-1,-1,-1,-1,-1,-1,8,1,8,-1,-1,-1,-1,,,,,
1150,292914,-1,450,32,-1,-1,-1,-1,-1,-1,16,2,21,-1,-1,-1,-1,,,,,
1156,293478,-1,251,32,-1,-1,-1,-1,-1,-1,16,2,21,-1,-1,-1,-1,,,,,
1159,294245,-1,177,32,-1,-1,-1,-1,-1,-1,16,2,21,-1,-1,-1,-1,,,,,
1167,294976,-1,200,32,-1,-1,-1,-1,-1,-1,16,2,21,-1,-1,-1,-1,,,,,
1169,295588,-1,20,1,-1,-1,-1,-1,-1,-1,22,1,25,-1,-1,-1,-1,,,,,
1176,296581,-1,29,1,-1,-1,-1,-1,-1,-1,15,1,12,-1,-1,-1,-1,,,,,
1177,296629,-1,1102,1,-1,-1,-1,-1,-1,-1,5,2,11,-1,-1,-1,-1,,,,,
1179,297123,-1,281,1,-1,-1,-1,-1,-1,-1,4,1,4,-1,-1,-1,-1,,,,,
1181,297211,-1,43,1,-1,-1,-1,-1,-1,-1,15,1,9,-1,-1,-1,-1,,,,,
1183,297331,-1,24,1,-1,-1,-1,-1,-1,-1,15,1,9,-1,-1,-1,-1,,,,,
1185,297408,-1,103,1,-1,-1,-1,-1,-1,-1,4,1,4,-1,-1,-1,-1,,,,,
1190,297588,-1,24,1,-1,-1,-1,-1,-1,-1,15,1,12,-1,-1,-1,-1,,,,,
1191,297648,-1,24,32,-1,-1,-1,-1,-1,-1,16,2,21,-1,-1,-1,-1,,,,,
1192,297729,-1,0,1,-1,-1,-1,-1,-1,-1,4,1,4,-1,-1,-1,-1,,,,,
1193,297859,-1,25,4,-1,-1,-1,-1,-1,-1,22,1,25,-1,-1,-1,-1,,,,,
1199,299481,-1,179,128,-1,-1,-1,-1,-1,-1,14,2,26,-1,-1,-1,-1,,,,,
1201,299684,-1,24,1,-1,-1,-1,-1,-1,-1,4,1,4,-1,-1,-1,-1,,,,,
1202,299687,-1,4,1,-1,-1,-1,-1,-1,-1,14,2,1,-1,-1,-1,-1,,,,,
1203,299745,-1,4354,64,-1,-1,-1,-1,-1,-1,4,1,3,-1,-1,-1,-1,,,,,
1204,299753,-1,11,4,-1,-1,-1,-1,-1,-1,5,2,5,-1,-1,-1,-1,,,,,
1205,299780,-1,14,8,-1,-1,-1,-1,-1,-1,5,2,5,-1,-1,-1,-1,,,,,
1206,299858,-1,18,16,-1,-1,-1,-1,-1,-1,5,2,5,-1,-1,-1,-1,,,,,
1207,299958,-1,5,1,-1,-1,-1,-1,-1,-1,5,2,9,-1,-1,-1,-1,,,,,
1208,300099,-1,8,1,-1,-1,-1,-1,-1,-1,5,2,12,-1,-1,-1,-1,,,,,
1210,300330,-1,116,32,-1,-1,-1,-1,-1,-1,10,1,10,-1,-1,-1,-1,,,,,
1211,300458,-1,4464,32,-1,-1,-1,-1,-1,-1,10,1,10,-1,-1,-1,-1,,,,,
1213,300919,-1,110,32,-1,-1,-1,-1,-1,-1,14,2,26,-1,-1,-1,-1,,,,,
1215,301147,-1,89,32,-1,-1,-1,-1,-1,-1,14,2,26,-1,-1,-1,-1,,,,,
1216,301261,-1,10,4,-1,-1,-1,-1,-1,-1,5,2,5,-1,-1,-1,-1,,,,,
1217,301298,-1,10,8,-1,-1,-1,-1,-1,-1,5,2,5,-1,-1,-1,-1,,,,,
1218,301324,-1,6,1,-1,-1,-1,-1,-1,-1,5,2,9,-1,-1,-1,-1,,,,,
1219,301384,-1,11,8,-1,-1,-1,-1,-1,-1,5,2,5,-1,-1,-1,-1,,,,,
1221,301742,-1,40,8,-1,-1,-1,-1,-1,-1,5,2,11,-1,-1,-1,-1,,,,,
1222,301838,-1,24,2,-1,-1,-1,-1,-1,-1,23,1,27,-1,-1,-1,-1,,,,,
1223,301877,-1,7,1,-1,-1,-1,-1,-1,-1,5,2,12,-1,-1,-1,-1,,,,,
1224,301989,-1,24,2,-1,-1,-1,-1,-1,-1,23,1,27,-1,-1,-1,-1,,,,,
1226,302244,-1,213,32,-1,-1,-1,-1,-1,-1,16,2,21,-1,-1,-1,-1,,,,,
1227,302686,-1,1599,32,-1,-1,-1,-1,-1,-1,21,1,-1,-1,-1,-1,-1,,,,,
1228,304107,-1,22,1,-1,-1,-1,-1,-1,-1,4,1,4,-1,-1,-1,-1,,,,,
1229,304161,-1,212,32,-1,-1,-1,-1,-1,-1,16,2,21,-1,-1,-1,-1,,,,,
1235,305127,-1,29,1,-1,-1,-1,-1,-1,-1,15,1,12,-1,-1,-1,-1,,,,,
1236,305146,-1,227,32,-1,-1,-1,-1,-1,-1,16,2,21,-1,-1,-1,-1,,,,,
1241,305375,-1,24,1,-1,-1,-1,-1,-1,-1,15,1,12,-1,-1,-1,-1,,,,,
1242,305416,-1,110,4,-1,-1,-1,-1,-1,-1,15,1,19,-1,-1,-1,-1,,,,,
1243,305439,-1,2487,2,-1,-1,-1,-1,-1,-1,15,1,20,-1,-1,-1,-1,,,,,
1245,306073,-1,21,1,-1,-1,-1,-1,-1,-1,4,1,4,-1,-1,-1,-1,,,,,
1246,306123,-1,341,64,-1,-1,-1,-1,-1,-1,4,1,3,-1,-1,-1,-1,,,,,
1253,306807,-1,3,1,-1,-1,-1,-1,-1,-1,20,1,28,-1,-1,-1,-1,,,,,
1254,306911,-1,65,1,-1,-1,-1,-1,-1,-1,20,1,28,-1,-1,-1,-1,,,,,
1255,306992,-1,5,1,-1,-1,-1,-1,-1,-1,20,1,28,-1,-1,-1,-1,,,,,
1256,307072,-1,58,8,-1,-1,-1,-1,-1,-1,24,1,29,-1,-1,-1,-1,,,,,
1257,307092,-1,7,1,-1,-1,-1,-1,-1,-1,20,1,28,-1,-1,-1,-1,,,,,
1258,307123,-1,160,1,-1,-1,-1,-1,-1,-1,22,1,30,-1,-1,-1,-1,,,,,
1260,307273,-1,3,1,-1,-1,-1,-1,-1,-1,20,1,28,-1,-1,-1,-1,,,,,
1261,307319,-1,10,1,-1,-1,-1,-1,-1,-1,20,1,28,-1,-1,-1,-1,,,,,
1262,307335,-1,32,1,-1,-1,-1,-1,-1,-1,20,1,28,-1,-1,-1,-1,,,,,
1263,307372,-1,21,2,-1,-1,-1,-1,-1,-1,20,1,28,-1,-1,-1,-1,,,,,
1264,307403,-1,194,1,-1,-1,-1,-1,-1,-1,15,1,12,-1,-1,-1,-1,,,,,
1265,307406,-1,78,16,-1,-1,-1,-1,-1,-1,20,1,28,-1,-1,-1,-1,,,,,
1266,307432,-1,28,8,-1,-1,-1,-1,-1,-1,24,1,29,-1,-1,-1,-1,,,,,
1267,307474,-1,37,8,-1,-1,-1,-1,-1,-1,24,1,29,-1,-1,-1,-1,,,,,
1268,307511,-1,121,32,-1,-1,-1,-1,-1,-1,20,1,28,-1,-1,-1,-1,,,,,
1269,307572,-1,64,8,-1,-1,-1,-1,-1,-1,24,1,29,-1,-1,-1,-1,,,,,
1270,307579,-1,173,64,-1,-1,-1,-1,-1,-1,12,2,31,-1,-1,-1,-1,,,,,
1271,307662,-1,183,1,-1,-1,-1,-1,-1,-1,22,1,32,-1,-1,-1,-1,,,,,
1273,307750,-1,43,32,-1,-1,-1,-1,-1,-1,20,1,28,-1,-1,-1,-1,,,,,
1274,307963,-1,181,4,-1,-1,-1,-1,-1,-1,15,1,19,-1,-1,-1,-1,,,,,
1275,307984,-1,162,2,-1,-1,-1,-1,-1,-1,15,1,20,-1,-1,-1,-1,,,,,
1277,308071,-1,236,2,-1,-1,-1,-1,-1,-1,22,1,32,-1,-1,-1,-1,,,,,
1280,308184,-1,27,1,-1,-1,-1,-1,-1,-1,15,1,9,-1,-1,-1,-1,,,,,
1281,308229,-1,40,1,-1,-1,-1,-1,-1,-1,15,1,9,-1,-1,-1,-1,,,,,
1284,308464,-1,217,4,-1,-1,-1,-1,-1,-1,22,1,32,-1,-1,-1,-1,,,,,
1286,308847,-1,248,8,-1,-1,-1,-1,-1,-1,22,1,32,-1,-1,-1,-1,,,,,
1295,310903,-1,28,1,-1,-1,-1,-1,-1,-1,15,1,12,-1,-1,-1,-1,,,,,
1302,311601,-1,179,1,-1,-1,-1,-1,-1,-1,22,1,32,-1,-1,-1,-1,,,,,
1303,311872,-1,275,2,-1,-1,-1,-1,-1,-1,22,1,32,-1,-1,-1,-1,,,,,
1304,311908,-1,282,4,-1,-1,-1,-1,-1,-1,22,1,33,-1,-1,-1,-1,,,,,
1306,312238,-1,270,8,-1,-1,-1,-1,-1,-1,22,1,32,-1,-1,-1,-1,,,,,
1307,312326,-1,347,16,-1,-1,-1,-1,-1,-1,22,1,33,-1,-1,-1,-1,,,,,
1309,312472,-1,239,4,-1,-1,-1,-1,-1,-1,15,1,19,-1,-1,-1,-1,,,,,
1311,312494,-1,219,2,-1,-1,-1,-1,-1,-1,15,1,20,-1,-1,-1,-1,,,,,
1314,312619,-1,453,32,-1,-1,-1,-1,-1,-1,22,1,32,-1,-1,-1,-1,,,,,
1316,312858,-1,9005,8,-1,-1,-1,-1,-1,-1,22,1,33,-1,-1,-1,-1,,,,,
1319,313844,-1,31,1,-1,-1,-1,-1,-1,-1,22,1,34,-1,-1,-1,-1,,,,,
1320,313898,-1,298,16,-1,-1,-1,-1,-1,-1,25,1,35,-1,-1,-1,-1,,,,,
1321,313938,-1,23,2,-1,-1,-1,-1,-1,-1,22,1,34,-1,-1,-1,-1,,,,,
1323,313950,-1,43,1,-1,-1,-1,-1,-1,-1,15,1,12,-1,-1,-1,-1,,,,,
1324,313997,-1,29,4,-1,-1,-1,-1,-1,-1,22,1,34,-1,-1,-1,-1,,,,,
1327,314072,-1,706,4,-1,-1,-1,-1,-1,-1,15,1,19,-1,-1,-1,-1,,,,,
1328,314079,-1,22,8,-1,-1,-1,-1,-1,-1,22,1,34,-1,-1,-1,-1,,,,,
1329,314101,-1,679,2,-1,-1,-1,-1,-1,-1,15,1,20,-1,-1,-1,-1,,,,,
1331,314152,-1,28,16,-1,-1,-1,-1,-1,-1,22,1,34,-1,-1,-1,-1,,,,,
1332,314161,-1,8,1,-1,-1,-1,-1,-1,-1,13,1,36,-1,-1,-1,-1,,,,,
1333,314209,-1,31,1,-1,-1,-1,-1,-1,-1,13,1,36,-1,-1,-1,-1,,,,,
1334,314255,-1,37,16,-1,-1,-1,-1,-1,-1,22,1,34,-1,-1,-1,-1,,,,,
1336,314336,-1,25,32,-1,-1,-1,-1,-1,-1,22,1,34,-1,-1,-1,-1,,,,,
1338,314993,-1,35,1,-1,-1,-1,-1,-1,-1,15,1,9,-1,-1,-1,-1,,,,,
1339,315069,-1,42,1,-1,-1,-1,-1,-1,-1,15,1,9,-1,-1,-1,-1,,,,,
1341,315206,-1,617,4,-1,-1,-1,-1,-1,-1,15,1,19,-1,-1,-1,-1,,,,,
1342,315227,-1,598,2,-1,-1,-1,-1,-1,-1,15,1,20,-1,-1,-1,-1,,,,,
1348,315975,-1,217,32,-1,-1,-1,-1,-1,-1,12,2,14,-1,-1,-1,-1,,,,,
1350,316474,-1,237,64,-1,-1,-1,-1,-1,-1,16,2,21,-1,-1,-1,-1,,,,,
1351,316747,-1,236,64,-1,-1,-1,-1,-1,-1,16,2,21,-1,-1,-1,-1,,,,,
1352,317827,-1,29,1,-1,-1,-1,-1,-1,-1,22,1,34,-1,-1,-1,-1,,,,,
1353,318250,-1,225,64,-1,-1,-1,-1,-1,-1,16,2,21,-1,-1,-1,-1,,,,,
1354,319254,-1,9,1,-1,-1,-1,-1,-1,-1,7,1,9,-1,-1,-1,-1,,,,,
1355,319284,-1,107,4,-1,-1,-1,-1,-1,-1,7,1,37,-1,-1,-1,-1,,,,,
1356,319404,-1,1001,1,-1,-1,-1,-1,-1,-1,6,1,6,-1,-1,-1,-1,,,,,
1357,319586,-1,2926,64,-1,-1,-1,-1,-1,-1,4,1,3,-1,-1,-1,-1,,,,,
1358,320276,-1,31,2,-1,-1,-1,-1,-1,-1,7,1,37,-1,-1,-1,-1,,,,,
1359,320363,-1,18,2,-1,-1,-1,-1,-1,-1,7,1,7,-1,-1,-1,-1,,,,,
1360,320420,-1,12,1,-1,-1,-1,-1,-1,-1,4,1,4,-1,-1,-1,-1,,,,,
1361,320751,-1,13,1,-1,-1,-1,-1,-1,-1,4,1,4,-1,-1,-1,-1,,,,,
1362,322153,-1,13,2,-1,-1,-1,-1,-1,-1,7,1,37,-1,-1,-1,-1,,,,,
1363,322260,-1,32,2,-1,-1,-1,-1,-1,-1,7,1,7,-1,-1,-1,-1,,,,,
1364,322293,-1,11,1,-1,-1,-1,-1,-1,-1,4,1,4,-1,-1,-1,-1,,,,,
1365,322310,-1,19,2,-1,-1,-1,-1,-1,-1,7,1,37,-1,-1,-1,-1,,,,,
1366,322412,-1,4,1,-1,-1,-1,-1,-1,-1,7,1,9,-1,-1,-1,-1,,,,,
1367,322514,-1,11,1,-1,-1,-1,-1,-1,-1,4,1,4,-1,-1,-1,-1,,,,,
1368,322556,-1,1527,64,-1,-1,-1,-1,-1,-1,4,1,3,-1,-1,-1,-1,,,,,
1369,322736,-1,8,1,-1,-1,-1,-1,-1,-1,7,1,9,-1,-1,-1,-1,,,,,
1370,322745,-1,30,2,-1,-1,-1,-1,-1,-1,7,1,37,-1,-1,-1,-1,,,,,
1371,322801,-1,16,2,-1,-1,-1,-1,-1,-1,7,1,7,-1,-1,-1,-1,,,,,
1372,322912,-1,38,2,-1,-1,-1,-1,-1,-1,7,1,37,-1,-1,-1,-1,,,,,
1373,323478,-1,14,2,-1,-1,-1,-1,-1,-1,7,1,37,-1,-1,-1,-1,,,,,
1374,323510,-1,20,2,-1,-1,-1,-1,-1,-1,7,1,7,-1,-1,-1,-1,,,,,
1375,324063,-1,5,1,-1,-1,-1,-1,-1,-1,4,1,4,-1,-1,-1,-1,,,,,
1376,324084,-1,10,1,-1,-1,-1,-1,-1,-1,4,1,4,-1,-1,-1,-1,,,,,
1377,324147,-1,16,2,-1,-1,-1,-1,-1,-1,7,1,7,-1,-1,-1,-1,,,,,
1378,324210,-1,4765,64,-1,-1,-1,-1,-1,-1,4,1,3,-1,-1,-1,-1,,,,,
1379,324231,-1,28,2,-1,-1,-1,-1,-1,-1,7,1,7,-1,-1,-1,-1,,,,,
1380,324302,-1,17,1,-1,-1,-1,-1,-1,-1,9,2,9,-1,-1,-1,-1,,,,,
1381,324474,-1,21,2,-1,-1,-1,-1,-1,-1,7,1,7,-1,-1,-1,-1,,,,,
1382,324516,-1,26,2,-1,-1,-1,-1,-1,-1,7,1,37,-1,-1,-1,-1,,,,,
1383,328978,-1,11,1,-1,-1,-1,-1,-1,-1,4,1,4,-1,-1,-1,-1,,,,,
1384,330048,-1,105,16,-1,-1,-1,-1,-1,-1,25,1,38,-1,-1,-1,-1,,,,,
1385,330287,-1,23,1,-1,-1,-1,-1,-1,-1,25,1,39,-1,-1,-1,-1,,,,,
1386,330336,-1,25,1,-1,-1,-1,-1,-1,-1,25,1,40,-1,-1,-1,-1,,,,,
1387,330393,-1,90,1,-1,-1,-1,-1,-1,-1,25,1,41,-1,-1,-1,-1,,,,,
1388,330516,-1,39,16,-1,-1,-1,-1,-1,-1,25,1,42,-1,-1,-1,-1,,,,,
1389,330656,-1,29,16,-1,-1,-1,-1,-1,-1,25,1,42,-1,-1,-1,-1,,,,,
1390,330729,-1,46,16,-1,-1,-1,-1,-1,-1,25,1,42,-1,-1,-1,-1,,,,,
1391,331055,-1,222,16,-1,-1,-1,-1,-1,-1,25,1,42,-1,-1,-1,-1,,,,,
1392,331206,-1,6540,64,-1,-1,-1,-1,-1,-1,4,1,-1,-1,-1,-1,-1,,,,,
1393,331334,-1,438,16,-1,-1,-1,-1,-1,-1,25,1,42,-1,-1,-1,-1,,,,,
1394,332466,-1,2712,32,-1,-1,-1,-1,-1,-1,10,1,10,-1,-1,-1,-1,,,,,
1395,332618,-1,8,2,-1,-1,-1,-1,-1,-1,26,1,43,-1,-1,-1,-1,,,,,
1396,332638,-1,640,4,-1,-1,-1,-1,-1,-1,15,1,19,-1,-1,-1,-1,,,,,
1397,332660,-1,620,2,-1,-1,-1,-1,-1,-1,15,1,20,-1,-1,-1,-1,,,,,
1398,333079,-1,9,2,-1,-1,-1,-1,-1,-1,26,1,43,-1,-1,-1,-1,,,,,
1399,333209,-1,8,2,-1,-1,-1,-1,-1,-1,26,1,44,-1,-1,-1,-1,,,,,
1400,333355,-1,10,2,-1,-1,-1,-1,-1,-1,26,1,44,-1,-1,-1,-1,,,,,
1401,333612,-1,553,4,-1,-1,-1,-1,-1,-1,15,1,19,-1,-1,-1,-1,,,,,
1402,333634,-1,533,2,-1,-1,-1,-1,-1,-1,15,1,20,-1,-1,-1,-1,,,,,
1403,334688,-1,2373,16,-1,-1,-1,-1,-1,-1,8,1,-1,-1,-1,-1,-1,,,,,
1404,337397,-1,9,1,-1,-1,-1,-1,-1,-1,4,1,2,-1,-1,-1,-1,,,,,
1405,337751,-1,0,128,-1,-1,-1,-1,-1,-1,1,1,-1,-1,-1,-1,-1,,,,,
1406,348686,-1,0,128,-1,-1,-1,-1,-1,-1,2,1,-1,-1,-1,-1,-1,,,,,
1408,350243,-1,10926,64,-1,-1,-1,-1,-1,-1,4,1,-1,-1,-1,-1,-1,,,,,
1409,350272,-1,46,1,-1,-1,-1,-1,-1,-1,15,1,12,-1,-1,-1,-1,,,,,
1411,350360,-1,826,4,-1,-1,-1,-1,-1,-1,15,1,19,-1,-1,-1,-1,,,,,
1413,350381,-1,808,2,-1,-1,-1,-1,-1,-1,15,1,20,-1,-1,-1,-1,,,,,
1533,363269,-1,3722,32,-1,-1,-1,-1,-1,-1,21,1,-1,-1,-1,-1,-1,,,,,
1589,369203,-1,10,1,-1,-1,-1,-1,-1,-1,4,1,4,-1,-1,-1,-1,,,,,
1590,369323,-1,273,64,-1,-1,-1,-1,-1,-1,4,1,3,-1,-1,-1,-1,,,,,
1593,369600,-1,31,64,-1,-1,-1,-1,-1,-1,4,1,4,-1,-1,-1,-1,,,,,
1594,369610,-1,15,1,-1,-1,-1,-1,-1,-1,4,1,2,-1,-1,-1,-1,,,,,
1595,369674,-1,17,1,-1,-1,-1,-1,-1,-1,4,1,4,-1,-1,-1,-1,,,,,
1596,369729,-1,277,64,-1,-1,-1,-1,-1,-1,4,1,3,-1,-1,-1,-1,,,,,
1603,370012,-1,51,64,-1,-1,-1,-1,-1,-1,4,1,4,-1,-1,-1,-1,,,,,
1604,370014,-1,12,1,-1,-1,-1,-1,-1,-1,4,1,2,-1,-1,-1,-1,,,,,
1605,370038,-1,18,1,-1,-1,-1,-1,-1,-1,4,1,2,-1,-1,-1,-1,,,,,
1610,370220,-1,817,64,-1,-1,-1,-1,-1,-1,4,1,3,-1,-1,-1,-1,,,,,
1614,371068,-1,3747,64,-1,-1,-1,-1,-1,-1,4,1,3,-1,-1,-1,-1,,,,,
1643,373971,-1,31,4,-1,-1,-1,-1,-1,-1,5,2,5,-1,-1,-1,-1,,,,,
1644,374014,-1,47,8,-1,-1,-1,-1,-1,-1,5,2,5,-1,-1,-1,-1,,,,,
1648,374233,-1,5,1,-1,-1,-1,-1,-1,-1,5,2,9,-1,-1,-1,-1,,,,,
1649,374303,-1,4,1,-1,-1,-1,-1,-1,-1,5,2,12,-1,-1,-1,-1,,,,,
1656,375042,-1,2307,64,-1,-1,-1,-1,-1,-1,4,1,3,-1,-1,-1,-1,,,,,
1661,375581,-1,1957,1,-1,-1,-1,-1,-1,-1,6,1,6,-1,-1,-1,-1,,,,,
1664,375967,-1,11,1,-1,-1,-1,-1,-1,-1,4,1,4,-1,-1,-1,-1,,,,,
1666,376287,-1,2424,16,-1,-1,-1,-1,-1,-1,8,1,8,-1,-1,-1,-1,,,,,
1673,377294,-1,10,1,-1,-1,-1,-1,-1,-1,4,1,4,-1,-1,-1,-1,,,,,
1674,377378,-1,2280,64,-1,-1,-1,-1,-1,-1,4,1,3,-1,-1,-1,-1,,,,,
1675,377509,-1,161,8,-1,-1,-1,-1,-1,-1,19,1,23,-1,-1,-1,-1,,,,,
1678,378299,-1,12,1,-1,-1,-1,-1,-1,-1,9,2,9,-1,-1,-1,-1,,,,,
1685,379294,-1,1249,32,-1,-1,-1,-1,-1,-1,10,1,10,-1,-1,-1,-1,,,,,
1686,379490,-1,40,2,-1,-1,-1,-1,-1,-1,7,1,7,-1,-1,-1,-1,,,,,
1688,379623,-1,10,1,-1,-1,-1,-1,-1,-1,4,1,4,-1,-1,-1,-1,,,,,
1689,379689,-1,1210,64,-1,-1,-1,-1,-1,-1,4,1,3,-1,-1,-1,-1,,,,,
1690,379758,-1,58,2,-1,-1,-1,-1,-1,-1,7,1,37,-1,-1,-1,-1,,,,,
1695,380143,-1,207,4,-1,-1,-1,-1,-1,-1,7,1,7,-1,-1,-1,-1,,,,,
1697,380353,-1,6,1,-1,-1,-1,-1,-1,-1,7,1,9,-1,-1,-1,-1,,,,,
1698,380382,-1,239,32,-1,-1,-1,-1,-1,-1,16,2,45,-1,-1,-1,-1,,,,,
1699,380564,-1,2008,32,-1,-1,-1,-1,-1,-1,7,1,10,-1,-1,-1,-1,,,,,
1700,380638,-1,1933,4,-1,-1,-1,-1,-1,-1,7,1,18,-1,-1,-1,-1,,,,,
1702,380903,-1,14,1,-1,-1,-1,-1,-1,-1,4,1,4,-1,-1,-1,-1,,,,,
1703,380906,-1,4441,32,-1,-1,-1,-1,-1,-1,10,1,10,-1,-1,-1,-1,,,,,
1704,381085,-1,22,1,-1,-1,-1,-1,-1,-1,4,1,4,-1,-1,-1,-1,,,,,
1706,381368,-1,137,16,-1,-1,-1,-1,-1,-1,27,1,46,-1,-1,-1,-1,,,,,
1707,381472,-1,3600,32,-1,-1,-1,-1,-1,-1,4,1,-1,-1,-1,-1,-1,,,,,
1709,381502,-1,32,1,-1,-1,-1,-1,-1,-1,4,1,4,-1,-1,-1,-1,,,,,
1714,382149,-1,5,1,-1,-1,-1,-1,-1,-1,7,1,9,-1,-1,-1,-1,,,,,
1716,382603,-1,27,1,-1,-1,-1,-1,-1,-1,15,1,12,-1,-1,-1,-1,,,,,
1718,382779,-1,4306,4,-1,-1,-1,-1,-1,-1,15,1,19,-1,-1,-1,-1,,,,,
1719,382801,-1,4284,2,-1,-1,-1,-1,-1,-1,15,1,20,-1,-1,-1,-1,,,,,
1720,382827,-1,3,32,-1,-1,-1,-1,-1,-1,7,1,10,-1,-1,-1,-1,,,,,
1721,382846,-1,18,1,-1,-1,-1,-1,-1,-1,4,1,4,-1,-1,-1,-1,,,,,
1726,383401,-1,16,1,-1,-1,-1,-1,-1,-1,4,1,4,-1,-1,-1,-1,,,,,
1729,384425,-1,14,1,-1,-1,-1,-1,-1,-1,4,1,4,-1,-1,-1,-1,,,,,
1730,384531,-1,52,16,-1,-1,-1,-1,-1,-1,16,2,21,-1,-1,-1,-1,,,,,
1731,384584,-1,84,16,-1,-1,-1,-1,-1,-1,16,2,45,-1,-1,-1,-1,,,,,
1735,384783,-1,39,16,-1,-1,-1,-1,-1,-1,16,2,21,-1,-1,-1,-1,,,,,
1737,385224,-1,1859,32,-1,-1,-1,-1,-1,-1,7,1,10,-1,-1,-1,-1,,,,,
1738,385295,-1,1790,4,-1,-1,-1,-1,-1,-1,7,1,18,-1,-1,-1,-1,,,,,
1740,385395,-1,60,16,-1,-1,-1,-1,-1,-1,16,2,21,-1,-1,-1,-1,,,,,
1741,385413,-1,64,16,-1,-1,-1,-1,-1,-1,16,2,45,-1,-1,-1,-1,,,,,
1742,385553,-1,1532,32,-1,-1,-1,-1,-1,-1,4,1,-1,-1,-1,-1,-1,,,,,
1743,385567,-1,70,16,-1,-1,-1,-1,-1,-1,16,2,21,-1,-1,-1,-1,,,,,
1744,385726,-1,5,16,-1,-1,-1,-1,-1,-1,16,2,21,-1,-1,-1,-1,,,,,
1745,385734,-1,157,16,-1,-1,-1,-1,-1,-1,16,2,45,-1,-1,-1,-1,,,,,
1747,385897,-1,53,16,-1,-1,-1,-1,-1,-1,16,2,21,-1,-1,-1,-1,,,,,
1748,385953,-1,92,16,-1,-1,-1,-1,-1,-1,16,2,45,-1,-1,-1,-1,,,,,
1749,386046,-1,85,16,-1,-1,-1,-1,-1,-1,16,2,21,-1,-1,-1,-1,,,,,
1756,386922,-1,163,16,-1,-1,-1,-1,-1,-1,8,1,8,-1,-1,-1,-1,,,,,
1757,387844,-1,179,128,-1,-1,-1,-1,-1,-1,14,2,26,-1,-1,-1,-1,,,,,
1758,388027,-1,292,32,-1,-1,-1,-1,-1,-1,7,1,10,-1,-1,-1,-1,,,,,
1759,388069,-1,17,1,-1,-1,-1,-1,-1,-1,7,1,9,-1,-1,-1,-1,,,,,
1760,388089,-1,231,4,-1,-1,-1,-1,-1,-1,7,1,18,-1,-1,-1,-1,,,,,
1762,388323,-1,107,32,-1,-1,-1,-1,-1,-1,7,1,10,-1,-1,-1,-1,,,,,
1763,388375,-1,16,1,-1,-1,-1,-1,-1,-1,7,1,9,-1,-1,-1,-1,,,,,
1764,388398,-1,32,4,-1,-1,-1,-1,-1,-1,7,1,18,-1,-1,-1,-1,,,,,
1765,388440,-1,266,32,-1,-1,-1,-1,-1,-1,7,1,10,-1,-1,-1,-1,,,,,
1766,388502,-1,205,4,-1,-1,-1,-1,-1,-1,7,1,18,-1,-1,-1,-1,,,,,
1767,388628,-1,6,1,-1,-1,-1,-1,-1,-1,7,1,9,-1,-1,-1,-1,,,,,
1768,388754,-1,3602,32,-1,-1,-1,-1,-1,-1,4,1,-1,-1,-1,-1,-1,,,,,
1770,388775,-1,93,32,-1,-1,-1,-1,-1,-1,7,1,10,-1,-1,-1,-1,,,,,
1771,388779,-1,221,32,-1,-1,-1,-1,-1,-1,12,2,14,-1,-1,-1,-1,,,,,
1772,388851,-1,31,4,-1,-1,-1,-1,-1,-1,7,1,18,-1,-1,-1,-1,,,,,
1773,388897,-1,8,1,-1,-1,-1,-1,-1,-1,7,1,9,-1,-1,-1,-1,,,,,
1774,389092,-1,452,32,-1,-1,-1,-1,-1,-1,7,1,10,-1,-1,-1,-1,,,,,
1776,389149,-1,396,4,-1,-1,-1,-1,-1,-1,7,1,18,-1,-1,-1,-1,,,,,
1781,389371,-1,4,1,-1,-1,-1,-1,-1,-1,12,2,12,-1,-1,-1,-1,,,,,
1782,389763,-1,8,1,-1,-1,-1,-1,-1,-1,7,1,9,-1,-1,-1,-1,,,,,
1783,389765,-1,105,64,-1,-1,-1,-1,-1,-1,14,2,26,-1,-1,-1,-1,,,,,
1785,389844,-1,497,32,-1,-1,-1,-1,-1,-1,7,1,10,-1,-1,-1,-1,,,,,
1786,389903,-1,440,4,-1,-1,-1,-1,-1,-1,7,1,18,-1,-1,-1,-1,,,,,
1787,390074,-1,31,1,-1,-1,-1,-1,-1,-1,15,1,12,-1,-1,-1,-1,,,,,
1788,390119,-1,59,4,-1,-1,-1,-1,-1,-1,15,1,19,-1,-1,-1,-1,,,,,
1789,390150,-1,29,2,-1,-1,-1,-1,-1,-1,15,1,20,-1,-1,-1,-1,,,,,
1791,390285,-1,48,4,-1,-1,-1,-1,-1,-1,15,1,19,-1,-1,-1,-1,,,,,
1792,390304,-1,52,1,-1,-1,-1,-1,-1,-1,19,1,47,-1,-1,-1,-1,,,,,
1793,390307,-1,26,2,-1,-1,-1,-1,-1,-1,15,1,20,-1,-1,-1,-1,,,,,
1794,390392,-1,47,4,-1,-1,-1,-1,-1,-1,15,1,19,-1,-1,-1,-1,,,,,
1795,390413,-1,26,2,-1,-1,-1,-1,-1,-1,15,1,20,-1,-1,-1,-1,,,,,
1799,390734,-1,1661,4,-1,-1,-1,-1,-1,-1,15,1,19,-1,-1,-1,-1,,,,,
1800,390755,-1,1640,2,-1,-1,-1,-1,-1,-1,15,1,20,-1,-1,-1,-1,,,,,
1803,391147,-1,51,1,-1,-1,-1,-1,-1,-1,19,1,47,-1,-1,-1,-1,,,,,
1806,391925,-1,28,32,-1,-1,-1,-1,-1,-1,10,1,10,-1,-1,-1,-1,,,,,
1807,391963,-1,29,32,-1,-1,-1,-1,-1,-1,10,1,10,-1,-1,-1,-1,,,,,
1808,392017,-1,4428,32,-1,-1,-1,-1,-1,-1,10,1,10,-1,-1,-1,-1,,,,,
1809,392025,-1,29,1,-1,-1,-1,-1,-1,-1,15,1,9,-1,-1,-1,-1,,,,,
1815,392403,-1,645,4,-1,-1,-1,-1,-1,-1,15,1,19,-1,-1,-1,-1,,,,,
1816,392414,-1,3562,32,-1,-1,-1,-1,-1,-1,4,1,-1,-1,-1,-1,-1,,,,,
1817,392425,-1,624,2,-1,-1,-1,-1,-1,-1,15,1,20,-1,-1,-1,-1,,,,,
1818,392718,-1,28,1,-1,-1,-1,-1,-1,-1,15,1,9,-1,-1,-1,-1,,,,,
1819,392755,-1,28,1,-1,-1,-1,-1,-1,-1,15,1,9,-1,-1,-1,-1,,,,,
1821,393065,-1,2958,4,-1,-1,-1,-1,-1,-1,15,1,19,-1,-1,-1,-1,,,,,
1822,393095,-1,2928,2,-1,-1,-1,-1,-1,-1,15,1,20,-1,-1,-1,-1,,,,,
1829,394410,-1,35,1,-1,-1,-1,-1,-1,-1,15,1,9,-1,-1,-1,-1,,,,,
1831,394601,-1,29,1,-1,-1,-1,-1,-1,-1,15,1,9,-1,-1,-1,-1,,,,,
1836,395474,-1,33,1,-1,-1,-1,-1,-1,-1,22,1,48,-1,-1,-1,-1,,,,,
1837,395554,-1,46,2,-1,-1,-1,-1,-1,-1,12,2,49,-1,-1,-1,-1,,,,,
1838,395556,-1,45,2,-1,-1,-1,-1,-1,-1,12,2,50,-1,-1,-1,-1,,,,,
1839,395559,-1,42,2,-1,-1,-1,-1,-1,-1,12,2,51,-1,-1,-1,-1,,,,,
1840,395650,-1,29,1,-1,-1,-1,-1,-1,-1,15,1,9,-1,-1,-1,-1,,,,,
1841,395724,-1,24,1,-1,-1,-1,-1,-1,-1,4,1,2,-1,-1,-1,-1,,,,,
1842,395725,-1,37,1,-1,-1,-1,-1,-1,-1,15,1,9,-1,-1,-1,-1,,,,,
1844,395809,-1,45,1,-1,-1,-1,-1,-1,-1,15,1,9,-1,-1,-1,-1,,,,,
1846,396021,-1,21,1,-1,-1,-1,-1,-1,-1,22,1,52,-1,-1,-1,-1,,,,,
1847,396094,-1,5249,4,-1,-1,-1,-1,-1,-1,15,1,19,-1,-1,-1,-1,,,,,
1848,396097,-1,3599,32,-1,-1,-1,-1,-1,-1,4,1,-1,-1,-1,-1,-1,,,,,
1849,396116,-1,5226,2,-1,-1,-1,-1,-1,-1,15,1,20,-1,-1,-1,-1,,,,,
1850,396329,-1,54,1,-1,-1,-1,-1,-1,-1,22,1,53,-1,-1,-1,-1,,,,,
1852,396488,-1,42,2,-1,-1,-1,-1,-1,-1,22,1,53,-1,-1,-1,-1,,,,,
1853,396621,-1,55,4,-1,-1,-1,-1,-1,-1,22,1,53,-1,-1,-1,-1,,,,,
1854,396759,-1,21,8,-1,-1,-1,-1,-1,-1,22,1,53,-1,-1,-1,-1,,,,,
1856,396821,-1,21,8,-1,-1,-1,-1,-1,-1,22,1,53,-1,-1,-1,-1,,,,,
1857,396979,-1,21,8,-1,-1,-1,-1,-1,-1,22,1,53,-1,-1,-1,-1,,,,,
1860,397229,-1,120,8,-1,-1,-1,-1,-1,-1,22,1,53,-1,-1,-1,-1,,,,,
1864,397427,-1,167,16,-1,-1,-1,-1,-1,-1,22,1,53,-1,-1,-1,-1,,,,,
1865,397646,-1,21,32,-1,-1,-1,-1,-1,-1,22,1,53,-1,-1,-1,-1,,,,,
1866,397715,-1,4417,32,-1,-1,-1,-1,-1,-1,10,1,10,-1,-1,-1,-1,,,,,
1867,397821,-1,21,8,-1,-1,-1,-1,-1,-1,22,1,53,-1,-1,-1,-1,,,,,
1869,397942,-1,273,8,-1,-1,-1,-1,-1,-1,22,1,53,-1,-1,-1,-1,,,,,
1870,398084,-1,29,32,-1,-1,-1,-1,-1,-1,22,1,53,-1,-1,-1,-1,,,,,
1871,398169,-1,28,32,-1,-1,-1,-1,-1,-1,22,1,53,-1,-1,-1,-1,,,,,
1872,398274,-1,21,32,-1,-1,-1,-1,-1,-1,22,1,53,-1,-1,-1,-1,,,,,
1873,398355,-1,21,32,-1,-1,-1,-1,-1,-1,22,1,53,-1,-1,-1,-1,,,,,
1875,398436,-1,21,32,-1,-1,-1,-1,-1,-1,22,1,53,-1,-1,-1,-1,,,,,
1876,398574,-1,21,32,-1,-1,-1,-1,-1,-1,22,1,53,-1,-1,-1,-1,,,,,
1881,398870,-1,287,32,-1,-1,-1,-1,-1,-1,22,1,53,-1,-1,-1,-1,,,,,
1882,398919,-1,15016,8,-1,-1,-1,-1,-1,-1,22,1,53,-1,-1,-1,-1,,,,,
1886,399552,-1,24,1,-1,-1,-1,-1,-1,-1,13,1,36,-1,-1,-1,-1,,,,,
1888,399803,-1,3530,32,-1,-1,-1,-1,-1,-1,4,1,-1,-1,-1,-1,-1,,,,,
1889,399905,-1,34,16,-1,-1,-1,-1,-1,-1,28,1,54,-1,-1,-1,-1,,,,,
1891,400223,-1,33,16,-1,-1,-1,-1,-1,-1,28,1,54,-1,-1,-1,-1,,,,,
1894,400534,-1,26,16,-1,-1,-1,-1,-1,-1,28,1,54,-1,-1,-1,-1,,,,,
1900,401005,-1,26,16,-1,-1,-1,-1,-1,-1,28,1,54,-1,-1,-1,-1,,,,,
1903,401320,-1,29,8,-1,-1,-1,-1,-1,-1,28,1,54,-1,-1,-1,-1,,,,,
1904,401390,-1,1352,1,-1,-1,-1,-1,-1,-1,15,1,12,-1,-1,-1,-1,,,,,
1906,401544,-1,12,8,-1,-1,-1,-1,-1,-1,28,1,54,-1,-1,-1,-1,,,,,
1911,401924,-1,228,32,-1,-1,-1,-1,-1,-1,12,2,14,-1,-1,-1,-1,,,,,
1912,402165,-1,220,32,-1,-1,-1,-1,-1,-1,12,2,14,-1,-1,-1,-1,,,,,
1920,403371,-1,525,32,-1,-1,-1,-1,-1,-1,4,1,-1,-1,-1,-1,-1,,,,,
1922,403906,-1,2435,32,-1,-1,-1,-1,-1,-1,4,1,-1,-1,-1,-1,-1,,,,,
1930,405468,-1,160,64,-1,-1,-1,-1,-1,-1,12,2,14,-1,-1,-1,-1,,,,,
1932,405950,-1,15,1,-1,-1,-1,-1,-1,-1,4,1,4,-1,-1,-1,-1,,,,,
1937,406242,-1,67,2,-1,-1,-1,-1,-1,-1,12,2,49,-1,-1,-1,-1,,,,,
1938,406246,-1,64,2,-1,-1,-1,-1,-1,-1,12,2,50,-1,-1,-1,-1,,,,,
1939,406254,-1,56,2,-1,-1,-1,-1,-1,-1,12,2,51,-1,-1,-1,-1,,,,,
1940,406256,-1,55,2,-1,-1,-1,-1,-1,-1,12,2,55,-1,-1,-1,-1,,,,,
1941,406369,-1,3524,32,-1,-1,-1,-1,-1,-1,4,1,-1,-1,-1,-1,-1,,,,,
1942,407015,-1,8,8,-1,-1,-1,-1,-1,-1,28,1,54,-1,-1,-1,-1,,,,,
1943,407431,-1,15,1,-1,-1,-1,-1,-1,-1,4,1,4,-1,-1,-1,-1,,,,,
1944,407470,-1,12,8,-1,-1,-1,-1,-1,-1,28,1,54,-1,-1,-1,-1,,,,,
1945,407689,-1,7,8,-1,-1,-1,-1,-1,-1,28,1,54,-1,-1,-1,-1,,,,,
1946,408351,-1,53,1,-1,-1,-1,-1,-1,-1,15,1,12,-1,-1,-1,-1,,,,,
1948,408420,-1,1420,4,-1,-1,-1,-1,-1,-1,15,1,19,-1,-1,-1,-1,,,,,
1949,408445,-1,1399,2,-1,-1,-1,-1,-1,-1,15,1,20,-1,-1,-1,-1,,,,,
1952,409613,-1,28,2,-1,-1,-1,-1,-1,-1,12,2,49,-1,-1,-1,-1,,,,,
1953,409615,-1,26,2,-1,-1,-1,-1,-1,-1,12,2,50,-1,-1,-1,-1,,,,,
1954,409618,-1,24,2,-1,-1,-1,-1,-1,-1,12,2,51,-1,-1,-1,-1,,,,,
1955,409624,-1,16,2,-1,-1,-1,-1,-1,-1,12,2,55,-1,-1,-1,-1,,,,,
1962,410699,-1,13,1,-1,-1,-1,-1,-1,-1,9,2,9,-1,-1,-1,-1,,,,,
1969,411836,-1,3522,64,-1,-1,-1,-1,-1,-1,4,1,3,-1,-1,-1,-1,,,,,
1972,412542,-1,26,32,-1,-1,-1,-1,-1,-1,7,1,10,-1,-1,-1,-1,,,,,
1975,412718,-1,323,32,-1,-1,-1,-1,-1,-1,7,1,10,-1,-1,-1,-1,,,,,
1976,412783,-1,258,4,-1,-1,-1,-1,-1,-1,7,1,18,-1,-1,-1,-1,,,,,
1979,413083,-1,358,32,-1,-1,-1,-1,-1,-1,7,1,10,-1,-1,-1,-1,,,,,
1980,413150,-1,292,4,-1,-1,-1,-1,-1,-1,7,1,18,-1,-1,-1,-1,,,,,
1981,413286,-1,25,1,-1,-1,-1,-1,-1,-1,6,1,6,-1,-1,-1,-1,,,,,
1982,413349,-1,11,1,-1,-1,-1,-1,-1,-1,6,1,6,-1,-1,-1,-1,,,,,
1983,413387,-1,14,1,-1,-1,-1,-1,-1,-1,6,1,6,-1,-1,-1,-1,,,,,
1985,413441,-1,22,1,-1,-1,-1,-1,-1,-1,6,1,6,-1,-1,-1,-1,,,,,
1986,413483,-1,12,1,-1,-1,-1,-1,-1,-1,6,1,6,-1,-1,-1,-1,,,,,
1987,413516,-1,14,1,-1,-1,-1,-1,-1,-1,6,1,6,-1,-1,-1,-1,,,,,
1988,413550,-1,11,1,-1,-1,-1,-1,-1,-1,6,1,6,-1,-1,-1,-1,,,,,
1989,413767,-1,16,1,-1,-1,-1,-1,-1,-1,6,1,6,-1,-1,-1,-1,,,,,
1991,413898,-1,20,1,-1,-1,-1,-1,-1,-1,6,1,6,-1,-1,-1,-1,,,,,
1999,415428,-1,1077,64,-1,-1,-1,-1,-1,-1,4,1,3,-1,-1,-1,-1,,,,,
2006,416507,-1,9,1,-1,-1,-1,-1,-1,-1,4,1,4,-1,-1,-1,-1,,,,,
2013,417606,-1,10924,16,-1,-1,-1,-1,-1,-1,8,1,-1,-1,-1,-1,-1,,,,,
2014,417608,-1,9422,64,-1,-1,-1,-1,-1,-1,4,1,-1,-1,-1,-1,-1,,,,,
2043,423641,-1,4899,4,-1,-1,-1,-1,-1,-1,15,1,19,-1,-1,-1,-1,,,,,
2044,423663,-1,4873,2,-1,-1,-1,-1,-1,-1,15,1,20,-1,-1,-1,-1,,,,,
2064,428542,-1,0,128,-1,-1,-1,-1,-1,-1,2,1,-1,-1,-1,-1,-1,,,,,
2065,431363,-1,10920,128,-1,-1,-1,-1,-1,-1,2,1,-1,-1,-1,-1,-1,,,,,
2173,454362,-1,11,1,-1,-1,-1,-1,-1,-1,4,1,2,-1,-1,-1,-1,,,,,
2174,454510,-1,9345,64,-1,-1,-1,-1,-1,-1,4,1,3,-1,-1,-1,-1,,,,,
2211,459277,-1,2598,16,-1,-1,-1,-1,-1,-1,5,2,11,-1,-1,-1,-1,,,,,
2222,459702,-1,5,1,-1,-1,-1,-1,-1,-1,5,2,9,-1,-1,-1,-1,,,,,
2223,459949,-1,18,1,-1,-1,-1,-1,-1,-1,4,1,4,-1,-1,-1,-1,,,,,
2224,459956,-1,1,1,-1,-1,-1,-1,-1,-1,5,2,12,-1,-1,-1,-1,,,,,
2225,459976,-1,58,1,-1,-1,-1,-1,-1,-1,5,2,12,-1,-1,-1,-1,,,,,
2228,460386,-1,12,1,-1,-1,-1,-1,-1,-1,4,1,4,-1,-1,-1,-1,,,,,
2230,460770,-1,5,1,-1,-1,-1,-1,-1,-1,5,2,56,-1,-1,-1,-1,,,,,
2231,461292,-1,4,1,-1,-1,-1,-1,-1,-1,2,1,9,-1,-1,-1,-1,,,,,
2232,461787,-1,182,16,-1,-1,-1,-1,-1,-1,5,2,57,-1,-1,-1,-1,,,,,
2233,461963,-1,5,1,-1,-1,-1,-1,-1,-1,5,2,9,-1,-1,-1,-1,,,,,
2234,461983,-1,41,8,-1,-1,-1,-1,-1,-1,5,2,5,-1,-1,-1,-1,,,,,
2235,462137,-1,1,1,-1,-1,-1,-1,-1,-1,5,2,12,-1,-1,-1,-1,,,,,
2236,462153,-1,44,1,-1,-1,-1,-1,-1,-1,5,2,12,-1,-1,-1,-1,,,,,
2237,462270,-1,20,4,-1,-1,-1,-1,-1,-1,6,1,6,-1,-1,-1,-1,,,,,
2238,462327,-1,21,4,-1,-1,-1,-1,-1,-1,6,1,6,-1,-1,-1,-1,,,,,
2239,462457,-1,53,4,-1,-1,-1,-1,-1,-1,6,1,6,-1,-1,-1,-1,,,,,
2240,462545,-1,3731,4,-1,-1,-1,-1,-1,-1,6,1,6,-1,-1,-1,-1,,,,,
2241,462702,-1,11,1,-1,-1,-1,-1,-1,-1,4,1,4,-1,-1,-1,-1,,,,,
2244,463724,-1,36,1,-1,-1,-1,-1,-1,-1,22,1,58,-1,-1,-1,-1,,,,,
2245,463860,-1,26,64,-1,-1,-1,-1,-1,-1,4,1,4,-1,-1,-1,-1,,,,,
2246,463904,-1,13,1,-1,-1,-1,-1,-1,-1,4,1,2,-1,-1,-1,-1,,,,,
2247,463925,-1,1087,64,-1,-1,-1,-1,-1,-1,4,1,3,-1,-1,-1,-1,,,,,
2253,464702,-1,16,1,-1,-1,-1,-1,-1,-1,9,2,9,-1,-1,-1,-1,,,,,
2255,464956,-1,29,16,-1,-1,-1,-1,-1,-1,5,2,11,-1,-1,-1,-1,,,,,
2256,465015,-1,33,64,-1,-1,-1,-1,-1,-1,4,1,4,-1,-1,-1,-1,,,,,
2257,465042,-1,33,8,-1,-1,-1,-1,-1,-1,5,2,5,-1,-1,-1,-1,,,,,
2258,465108,-1,57,16,-1,-1,-1,-1,-1,-1,5,2,5,-1,-1,-1,-1,,,,,
2260,465259,-1,314,64,-1,-1,-1,-1,-1,-1,4,1,3,-1,-1,-1,-1,,,,,
2261,465426,-1,9,1,-1,-1,-1,-1,-1,-1,4,1,2,-1,-1,-1,-1,,,,,
2262,465480,-1,1025,16,-1,-1,-1,-1,-1,-1,5,2,11,-1,-1,-1,-1,,,,,
2263,465496,-1,5,1,-1,-1,-1,-1,-1,-1,5,2,9,-1,-1,-1,-1,,,,,
2264,465665,-1,1160,64,-1,-1,-1,-1,-1,-1,4,1,3,-1,-1,-1,-1,,,,,
2265,465667,-1,8,1,-1,-1,-1,-1,-1,-1,5,2,9,-1,-1,-1,-1,,,,,
2267,465718,-1,35,1,-1,-1,-1,-1,-1,-1,5,2,12,-1,-1,-1,-1,,,,,
2268,466034,-1,61,16,-1,-1,-1,-1,-1,-1,5,2,5,-1,-1,-1,-1,,,,,
2271,466133,-1,65,16,-1,-1,-1,-1,-1,-1,5,2,5,-1,-1,-1,-1,,,,,
2274,466233,-1,52,32,-1,-1,-1,-1,-1,-1,16,2,21,-1,-1,-1,-1,,,,,
2275,466286,-1,238,32,-1,-1,-1,-1,-1,-1,16,2,21,-1,-1,-1,-1,,,,,
2277,466460,-1,6,1,-1,-1,-1,-1,-1,-1,5,2,9,-1,-1,-1,-1,,,,,
2278,466538,-1,512,16,-1,-1,-1,-1,-1,-1,5,2,59,-1,-1,-1,-1,,,,,
2279,466619,-1,131,32,-1,-1,-1,-1,-1,-1,16,2,21,-1,-1,-1,-1,,,,,
2281,466805,-1,324,32,-1,-1,-1,-1,-1,-1,16,2,21,-1,-1,-1,-1,,,,,
2282,466830,-1,39,64,-1,-1,-1,-1,-1,-1,4,1,4,-1,-1,-1,-1,,,,,
2283,466836,-1,16,1,-1,-1,-1,-1,-1,-1,4,1,2,-1,-1,-1,-1,,,,,
2284,466875,-1,280,32,-1,-1,-1,-1,-1,-1,16,2,60,-1,-1,-1,-1,,,,,
2285,467118,-1,25,2,-1,-1,-1,-1,-1,-1,5,2,5,-1,-1,-1,-1,,,,,
2286,467135,-1,230,64,-1,-1,-1,-1,-1,-1,4,1,3,-1,-1,-1,-1,,,,,
2287,467137,-1,757,2,-1,-1,-1,-1,-1,-1,5,2,11,-1,-1,-1,-1,,,,,
2292,467776,-1,247,32,-1,-1,-1,-1,-1,-1,16,2,21,-1,-1,-1,-1,,,,,
2295,467929,-1,130,2,-1,-1,-1,-1,-1,-1,5,2,11,-1,-1,-1,-1,,,,,
2296,468061,-1,29,2,-1,-1,-1,-1,-1,-1,5,2,11,-1,-1,-1,-1,,,,,
2297,468161,-1,725,2,-1,-1,-1,-1,-1,-1,5,2,59,-1,-1,-1,-1,,,,,
2299,468683,-1,3,1,-1,-1,-1,-1,-1,-1,5,2,12,-1,-1,-1,-1,,,,,
2301,468852,-1,5,1,-1,-1,-1,-1,-1,-1,5,2,56,-1,-1,-1,-1,,,,,
2302,468919,-1,3,1,-1,-1,-1,-1,-1,-1,5,2,12,-1,-1,-1,-1,,,,,
2307,469340,-1,445,64,-1,-1,-1,-1,-1,-1,4,1,3,-1,-1,-1,-1,,,,,
2309,469821,-1,417,64,-1,-1,-1,-1,-1,-1,4,1,3,-1,-1,-1,-1,,,,,
2311,470230,-1,7,1,-1,-1,-1,-1,-1,-1,28,1,61,-1,-1,-1,-1,,,,,
2312,470408,-1,5,1,-1,-1,-1,-1,-1,-1,28,1,61,-1,-1,-1,-1,,,,,
2313,470423,-1,797,64,-1,-1,-1,-1,-1,-1,4,1,3,-1,-1,-1,-1,,,,,
2314,470532,-1,52,8,-1,-1,-1,-1,-1,-1,5,2,5,-1,-1,-1,-1,,,,,
2315,470647,-1,30,1,-1,-1,-1,-1,-1,-1,17,1,62,-1,-1,-1,-1,,,,,
2316,470673,-1,10,1,-1,-1,-1,-1,-1,-1,28,1,61,-1,-1,-1,-1,,,,,
2317,470746,-1,4,1,-1,-1,-1,-1,-1,-1,28,1,61,-1,-1,-1,-1,,,,,
2318,470799,-1,5,1,-1,-1,-1,-1,-1,-1,28,1,61,-1,-1,-1,-1,,,,,
2319,470908,-1,5,1,-1,-1,-1,-1,-1,-1,28,1,61,-1,-1,-1,-1,,,,,
2320,471084,-1,85,16,-1,-1,-1,-1,-1,-1,5,2,13,-1,-1,-1,-1,,,,,
2321,471187,-1,5,1,-1,-1,-1,-1,-1,-1,5,2,12,-1,-1,-1,-1,,,,,
2322,471226,-1,11,1,-1,-1,-1,-1,-1,-1,5,2,9,-1,-1,-1,-1,,,,,
2323,471228,-1,31,1,-1,-1,-1,-1,-1,-1,4,1,4,-1,-1,-1,-1,,,,,
2324,471229,-1,18,1,-1,-1,-1,-1,-1,-1,28,1,63,-1,-1,-1,-1,,,,,
2325,471306,-1,461,64,-1,-1,-1,-1,-1,-1,4,1,3,-1,-1,-1,-1,,,,,
2326,471371,-1,6,1,-1,-1,-1,-1,-1,-1,5,2,9,-1,-1,-1,-1,,,,,
2327,471527,-1,231,16,-1,-1,-1,-1,-1,-1,5,2,11,-1,-1,-1,-1,,,,,
2328,471579,-1,6,1,-1,-1,-1,-1,-1,-1,5,2,9,-1,-1,-1,-1,,,,,
2329,471818,-1,4,1,-1,-1,-1,-1,-1,-1,5,2,12,-1,-1,-1,-1,,,,,
2331,472224,-1,388,64,-1,-1,-1,-1,-1,-1,4,1,3,-1,-1,-1,-1,,,,,
2333,472645,-1,464,64,-1,-1,-1,-1,-1,-1,4,1,3,-1,-1,-1,-1,,,,,
2339,473348,-1,154,64,-1,-1,-1,-1,-1,-1,4,1,3,-1,-1,-1,-1,,,,,
2341,473504,-1,25,64,-1,-1,-1,-1,-1,-1,4,1,4,-1,-1,-1,-1,,,,,
2343,474220,-1,27,1,-1,-1,-1,-1,-1,-1,15,1,12,-1,-1,-1,-1,,,,,
2345,474259,-1,733,4,-1,-1,-1,-1,-1,-1,15,1,19,-1,-1,-1,-1,,,,,
2346,474281,-1,712,2,-1,-1,-1,-1,-1,-1,15,1,20,-1,-1,-1,-1,,,,,
2356,476153,-1,632,64,-1,-1,-1,-1,-1,-1,4,1,3,-1,-1,-1,-1,,,,,
2360,476788,-1,34,64,-1,-1,-1,-1,-1,-1,4,1,4,-1,-1,-1,-1,,,,,
2362,476962,-1,500,64,-1,-1,-1,-1,-1,-1,4,1,3,-1,-1,-1,-1,,,,,
2364,477464,-1,32,64,-1,-1,-1,-1,-1,-1,4,1,4,-1,-1,-1,-1,,,,,
2367,477721,-1,197,64,-1,-1,-1,-1,-1,-1,4,1,3,-1,-1,-1,-1,,,,,
2370,477949,-1,1080,64,-1,-1,-1,-1,-1,-1,4,1,3,-1,-1,-1,-1,,,,,
2373,479031,-1,26,64,-1,-1,-1,-1,-1,-1,4,1,4,-1,-1,-1,-1,,,,,
2374,479094,-1,984,64,-1,-1,-1,-1,-1,-1,4,1,3,-1,-1,-1,-1,,,,,
2376,479382,-1,852,4,-1,-1,-1,-1,-1,-1,15,1,19,-1,-1,-1,-1,,,,,
2377,479403,-1,833,2,-1,-1,-1,-1,-1,-1,15,1,20,-1,-1,-1,-1,,,,,
2379,479689,-1,19,1,-1,-1,-1,-1,-1,-1,28,1,64,-1,-1,-1,-1,,,,,
2383,479822,-1,15,1,-1,-1,-1,-1,-1,-1,4,1,4,-1,-1,-1,-1,,,,,
2385,479883,-1,229,32,-1,-1,-1,-1,-1,-1,12,2,14,-1,-1,-1,-1,,,,,
2386,480081,-1,19,1,-1,-1,-1,-1,-1,-1,4,1,4,-1,-1,-1,-1,,,,,
2387,480160,-1,992,64,-1,-1,-1,-1,-1,-1,4,1,3,-1,-1,-1,-1,,,,,
2389,480783,-1,13,1,-1,-1,-1,-1,-1,-1,4,1,4,-1,-1,-1,-1,,,,,
2391,481155,-1,30,1,-1,-1,-1,-1,-1,-1,4,1,4,-1,-1,-1,-1,,,,,
2394,481230,-1,2014,64,-1,-1,-1,-1,-1,-1,4,1,3,-1,-1,-1,-1,,,,,
2396,481342,-1,34,1,-1,-1,-1,-1,-1,-1,22,1,65,-1,-1,-1,-1,,,,,
2398,481399,-1,88,1,-1,-1,-1,-1,-1,-1,28,1,64,-1,-1,-1,-1,,,,,
2400,481816,-1,38,8,-1,-1,-1,-1,-1,-1,28,1,54,-1,-1,-1,-1,,,,,
2401,482285,-1,24,1,-1,-1,-1,-1,-1,-1,22,1,66,-1,-1,-1,-1,,,,,
2402,482400,-1,24,2,-1,-1,-1,-1,-1,-1,22,1,66,-1,-1,-1,-1,,,,,
2403,482472,-1,29,4,-1,-1,-1,-1,-1,-1,22,1,66,-1,-1,-1,-1,,,,,
2404,482524,-1,8,8,-1,-1,-1,-1,-1,-1,28,1,54,-1,-1,-1,-1,,,,,
2405,483041,-1,24,8,-1,-1,-1,-1,-1,-1,28,1,54,-1,-1,-1,-1,,,,,
2406,483072,-1,13,8,-1,-1,-1,-1,-1,-1,28,1,54,-1,-1,-1,-1,,,,,
2407,483246,-1,12,1,-1,-1,-1,-1,-1,-1,4,1,4,-1,-1,-1,-1,,,,,
2408,483294,-1,1096,64,-1,-1,-1,-1,-1,-1,4,1,3,-1,-1,-1,-1,,,,,
2410,483550,-1,13,8,-1,-1,-1,-1,-1,-1,28,1,54,-1,-1,-1,-1,,,,,
2411,483638,-1,29,1,-1,-1,-1,-1,-1,-1,15,1,12,-1,-1,-1,-1,,,,,
2412,483644,-1,82,1,-1,-1,-1,-1,-1,-1,28,1,64,-1,-1,-1,-1,,,,,
2413,483684,-1,808,4,-1,-1,-1,-1,-1,-1,15,1,19,-1,-1,-1,-1,,,,,
2414,483705,-1,790,2,-1,-1,-1,-1,-1,-1,15,1,20,-1,-1,-1,-1,,,,,
2415,483809,-1,25,8,-1,-1,-1,-1,-1,-1,28,1,54,-1,-1,-1,-1,,,,,
2417,484086,-1,13,1,-1,-1,-1,-1,-1,-1,4,1,4,-1,-1,-1,-1,,,,,
2418,484109,-1,23,8,-1,-1,-1,-1,-1,-1,28,1,54,-1,-1,-1,-1,,,,,
2419,484392,-1,10,1,-1,-1,-1,-1,-1,-1,4,1,4,-1,-1,-1,-1,,,,,
2420,484466,-1,705,64,-1,-1,-1,-1,-1,-1,4,1,3,-1,-1,-1,-1,,,,,
2421,485220,-1,86,1,-1,-1,-1,-1,-1,-1,28,1,64,-1,-1,-1,-1,,,,,
2422,485237,-1,632,64,-1,-1,-1,-1,-1,-1,4,1,3,-1,-1,-1,-1,,,,,
2423,485263,-1,221,32,-1,-1,-1,-1,-1,-1,12,2,14,-1,-1,-1,-1,,,,,
2424,485332,-1,35,8,-1,-1,-1,-1,-1,-1,28,1,54,-1,-1,-1,-1,,,,,
2425,485511,-1,177,16,-1,-1,-1,-1,-1,-1,12,2,14,-1,-1,-1,-1,,,,,
2426,485691,-1,339,8,-1,-1,-1,-1,-1,-1,12,2,14,-1,-1,-1,-1,,,,,
2427,486016,-1,3393,16,-1,-1,-1,-1,-1,-1,8,1,8,-1,-1,-1,-1,,,,,
2428,486022,-1,1104,64,-1,-1,-1,-1,-1,-1,4,1,3,-1,-1,-1,-1,,,,,
2429,486046,-1,159,2,-1,-1,-1,-1,-1,-1,12,2,14,-1,-1,-1,-1,,,,,
2430,486202,-1,132,32,-1,-1,-1,-1,-1,-1,17,1,62,-1,-1,-1,-1,,,,,
2431,486225,-1,117,16,-1,-1,-1,-1,-1,-1,28,1,54,-1,-1,-1,-1,,,,,
2432,486757,-1,19,16,-1,-1,-1,-1,-1,-1,28,1,54,-1,-1,-1,-1,,,,,
2433,486795,-1,1570,2,-1,-1,-1,-1,-1,-1,12,2,11,-1,-1,-1,-1,,,,,
2434,486884,-1,22,16,-1,-1,-1,-1,-1,-1,28,1,54,-1,-1,-1,-1,,,,,
2435,486958,-1,92,8,-1,-1,-1,-1,-1,-1,28,1,67,-1,-1,-1,-1,,,,,
2436,487129,-1,11,1,-1,-1,-1,-1,-1,-1,4,1,4,-1,-1,-1,-1,,,,,
2437,487142,-1,9,1,-1,-1,-1,-1,-1,-1,4,1,2,-1,-1,-1,-1,,,,,
2438,487207,-1,414,64,-1,-1,-1,-1,-1,-1,4,1,3,-1,-1,-1,-1,,,,,
2439,487722,-1,294,64,-1,-1,-1,-1,-1,-1,4,1,3,-1,-1,-1,-1,,,,,
2440,488018,-1,10,1,-1,-1,-1,-1,-1,-1,4,1,4,-1,-1,-1,-1,,,,,
2441,488082,-1,183,64,-1,-1,-1,-1,-1,-1,4,1,3,-1,-1,-1,-1,,,,,
2442,488301,-1,183,64,-1,-1,-1,-1,-1,-1,4,1,3,-1,-1,-1,-1,,,,,
2443,488359,-1,24,1,-1,-1,-1,-1,-1,-1,12,2,1,-1,-1,-1,-1,,,,,
2444,488378,-1,20,1,-1,-1,-1,-1,-1,-1,12,2,1,-1,-1,-1,-1,,,,,
2445,488486,-1,18,1,-1,-1,-1,-1,-1,-1,4,1,4,-1,-1,-1,-1,,,,,
2446,488651,-1,8,1,-1,-1,-1,-1,-1,-1,4,1,2,-1,-1,-1,-1,,,,,
2447,488661,-1,199,2,-1,-1,-1,-1,-1,-1,12,2,68,-1,-1,-1,-1,,,,,
2448,488666,-1,6,1,-1,-1,-1,-1,-1,-1,4,1,2,-1,-1,-1,-1,,,,,
2449,488676,-1,13,1,-1,-1,-1,-1,-1,-1,4,1,2,-1,-1,-1,-1,,,,,
2450,488877,-1,3833,64,-1,-1,-1,-1,-1,-1,4,1,3,-1,-1,-1,-1,,,,,
2451,489519,-1,164,64,-1,-1,-1,-1,-1,-1,12,2,1,-1,-1,-1,-1,,,,,
2452,490093,-1,201,4,-1,-1,-1,-1,-1,-1,12,2,68,-1,-1,-1,-1,,,,,
2453,490310,-1,200,8,-1,-1,-1,-1,-1,-1,12,2,68,-1,-1,-1,-1,,,,,
2454,490525,-1,201,16,-1,-1,-1,-1,-1,-1,12,2,68,-1,-1,-1,-1,,,,,
2458,491832,-1,28,1,-1,-1,-1,-1,-1,-1,22,1,66,-1,-1,-1,-1,,,,,
2459,492008,-1,28,2,-1,-1,-1,-1,-1,-1,22,1,66,-1,-1,-1,-1,,,,,
2460,492035,-1,14,1,-1,-1,-1,-1,-1,-1,4,1,4,-1,-1,-1,-1,,,,,
2463,492122,-1,158,4,-1,-1,-1,-1,-1,-1,22,1,66,-1,-1,-1,-1,,,,,
2467,492492,-1,276,8,-1,-1,-1,-1,-1,-1,22,1,66,-1,-1,-1,-1,,,,,
2468,492713,-1,15,1,-1,-1,-1,-1,-1,-1,4,1,4,-1,-1,-1,-1,,,,,
2470,492808,-1,7574,64,-1,-1,-1,-1,-1,-1,4,1,3,-1,-1,-1,-1,,,,,
2471,492897,-1,313,16,-1,-1,-1,-1,-1,-1,22,1,66,-1,-1,-1,-1,,,,,
2478,493876,-1,10,1,-1,-1,-1,-1,-1,-1,4,1,2,-1,-1,-1,-1,,,,,
2488,496240,-1,27,1,-1,-1,-1,-1,-1,-1,17,1,69,-1,-1,-1,-1,,,,,
2489,496261,-1,249,32,-1,-1,-1,-1,-1,-1,7,1,10,-1,-1,-1,-1,,,,,
2490,496324,-1,186,4,-1,-1,-1,-1,-1,-1,7,1,18,-1,-1,-1,-1,,,,,
2496,497104,-1,11,1,-1,-1,-1,-1,-1,-1,9,2,9,-1,-1,-1,-1,,,,,
2512,500385,-1,10,1,-1,-1,-1,-1,-1,-1,4,1,4,-1,-1,-1,-1,,,,,
2513,506734,-1,10923,64,-1,-1,-1,-1,-1,-1,4,1,-1,-1,-1,-1,-1,,,,,
2514,509145,-1,439,4,-1,-1,-1,-1,-1,-1,15,1,19,-1,-1,-1,-1,,,,,
2515,509166,-1,420,2,-1,-1,-1,-1,-1,-1,15,1,20,-1,-1,-1,-1,,,,,
2524,517663,-1,10923,16,-1,-1,-1,-1,-1,-1,8,1,-1,-1,-1,-1,-1,,,,,
2610,528591,-1,9591,128,-1,-1,-1,-1,-1,-1,2,1,-1,-1,-1,-1,-1,,,,,
2627,539857,-1,498,64,-1,-1,-1,-1,-1,-1,4,1,3,-1,-1,-1,-1,,,,,
2634,540409,-1,5945,64,-1,-1,-1,-1,-1,-1,4,1,3,-1,-1,-1,-1,,,,,
2681,545299,-1,441,16,-1,-1,-1,-1,-1,-1,8,1,8,-1,-1,-1,-1,,,,,
2685,546185,-1,17,1,-1,-1,-1,-1,-1,-1,4,1,4,-1,-1,-1,-1,,,,,
2686,546189,-1,180,16,-1,-1,-1,-1,-1,-1,8,1,8,-1,-1,-1,-1,,,,,
2695,547978,-1,384,4,-1,-1,-1,-1,-1,-1,19,1,47,-1,-1,-1,-1,,,,,
2698,548582,-1,774,16,-1,-1,-1,-1,-1,-1,8,1,8,-1,-1,-1,-1,,,,,
2701,550932,-1,1965,1,-1,-1,-1,-1,-1,-1,6,1,70,-1,-1,-1,-1,,,,,
2702,550969,-1,313,64,-1,-1,-1,-1,-1,-1,4,1,3,-1,-1,-1,-1,,,,,
2703,551104,-1,14,1,-1,-1,-1,-1,-1,-1,9,2,9,-1,-1,-1,-1,,,,,
2704,551314,-1,1226,64,-1,-1,-1,-1,-1,-1,4,1,3,-1,-1,-1,-1,,,,,
2708,552473,-1,14,1,-1,-1,-1,-1,-1,-1,4,1,4,-1,-1,-1,-1,,,,,
2709,552568,-1,318,64,-1,-1,-1,-1,-1,-1,4,1,3,-1,-1,-1,-1,,,,,
2711,552925,-1,2413,64,-1,-1,-1,-1,-1,-1,4,1,3,-1,-1,-1,-1,,,,,
2715,554338,-1,30,1,-1,-1,-1,-1,-1,-1,6,1,70,-1,-1,-1,-1,,,,,
2716,554415,-1,1507,1,-1,-1,-1,-1,-1,-1,6,1,70,-1,-1,-1,-1,,,,,
2718,555089,-1,13,1,-1,-1,-1,-1,-1,-1,4,1,4,-1,-1,-1,-1,,,,,
2720,555374,-1,1086,64,-1,-1,-1,-1,-1,-1,4,1,3,-1,-1,-1,-1,,,,,
2722,555751,-1,17,1,-1,-1,-1,-1,-1,-1,4,1,4,-1,-1,-1,-1,,,,,
2723,556081,-1,324,16,-1,-1,-1,-1,-1,-1,8,1,8,-1,-1,-1,-1,,,,,
2725,556178,-1,10,4,-1,-1,-1,-1,-1,-1,7,1,71,-1,-1,-1,-1,,,,,
2726,556199,-1,14,8,-1,-1,-1,-1,-1,-1,7,1,71,-1,-1,-1,-1,,,,,
2727,556219,-1,20,16,-1,-1,-1,-1,-1,-1,7,1,71,-1,-1,-1,-1,,,,,
2728,556463,-1,17,1,-1,-1,-1,-1,-1,-1,4,1,4,-1,-1,-1,-1,,,,,
2729,556506,-1,12,1,-1,-1,-1,-1,-1,-1,4,1,2,-1,-1,-1,-1,,,,,
2730,556520,-1,210,64,-1,-1,-1,-1,-1,-1,4,1,3,-1,-1,-1,-1,,,,,
2732,556770,-1,168,64,-1,-1,-1,-1,-1,-1,4,1,3,-1,-1,-1,-1,,,,,
2733,557072,-1,241,64,-1,-1,-1,-1,-1,-1,4,1,3,-1,-1,-1,-1,,,,,
2735,557243,-1,14,8,-1,-1,-1,-1,-1,-1,7,1,71,-1,-1,-1,-1,,,,,
2736,557265,-1,9,4,-1,-1,-1,-1,-1,-1,7,1,71,-1,-1,-1,-1,,,,,
2737,557285,-1,22,32,-1,-1,-1,-1,-1,-1,7,1,71,-1,-1,-1,-1,,,,,
2738,557339,-1,824,64,-1,-1,-1,-1,-1,-1,4,1,3,-1,-1,-1,-1,,,,,
2741,558127,-1,18,1,-1,-1,-1,-1,-1,-1,6,1,6,-1,-1,-1,-1,,,,,
2742,558163,-1,0,1,-1,-1,-1,-1,-1,-1,4,1,4,-1,-1,-1,-1,,,,,
2743,558704,-1,33,1,-1,-1,-1,-1,-1,-1,4,1,4,-1,-1,-1,-1,,,,,
2744,558770,-1,1125,64,-1,-1,-1,-1,-1,-1,4,1,3,-1,-1,-1,-1,,,,,
2745,558779,-1,44,8,-1,-1,-1,-1,-1,-1,28,1,54,-1,-1,-1,-1,,,,,
2746,559034,-1,18,8,-1,-1,-1,-1,-1,-1,28,1,54,-1,-1,-1,-1,,,,,
2748,559069,-1,64,8,-1,-1,-1,-1,-1,-1,28,1,67,-1,-1,-1,-1,,,,,
2750,559584,-1,416,16,-1,-1,-1,-1,-1,-1,8,1,8,-1,-1,-1,-1,,,,,
2751,559835,-1,69,8,-1,-1,-1,-1,-1,-1,24,1,29,-1,-1,-1,-1,,,,,
2752,559904,-1,29,1,-1,-1,-1,-1,-1,-1,4,1,4,-1,-1,-1,-1,,,,,
2753,559947,-1,391,32,-1,-1,-1,-1,-1,-1,22,1,72,-1,-1,-1,-1,,,,,
2754,559951,-1,41,1,-1,-1,-1,-1,-1,-1,4,1,2,-1,-1,-1,-1,,,,,
2755,559999,-1,1185,64,-1,-1,-1,-1,-1,-1,4,1,3,-1,-1,-1,-1,,,,,
2757,560015,-1,439,8,-1,-1,-1,-1,-1,-1,24,1,29,-1,-1,-1,-1,,,,,
2758,560095,-1,23,1,-1,-1,-1,-1,-1,-1,12,2,1,-1,-1,-1,-1,,,,,
2759,560145,-1,34,1,-1,-1,-1,-1,-1,-1,12,2,1,-1,-1,-1,-1,,,,,
2762,560384,-1,721,16,-1,-1,-1,-1,-1,-1,8,1,8,-1,-1,-1,-1,,,,,
2763,560471,-1,8999,8,-1,-1,-1,-1,-1,-1,22,1,73,-1,-1,-1,-1,,,,,
2769,561025,-1,94,8,-1,-1,-1,-1,-1,-1,24,1,74,-1,-1,-1,-1,,,,,
2770,561190,-1,81,8,-1,-1,-1,-1,-1,-1,24,1,74,-1,-1,-1,-1,,,,,
2771,561193,-1,37,1,-1,-1,-1,-1,-1,-1,6,1,6,-1,-1,-1,-1,,,,,
2772,561196,-1,30,1,-1,-1,-1,-1,-1,-1,4,1,4,-1,-1,-1,-1,,,,,
2773,561254,-1,43,1,-1,-1,-1,-1,-1,-1,4,1,4,-1,-1,-1,-1,,,,,
2774,561294,-1,1124,64,-1,-1,-1,-1,-1,-1,4,1,3,-1,-1,-1,-1,,,,,
2776,561429,-1,20,1,-1,-1,-1,-1,-1,-1,6,1,6,-1,-1,-1,-1,,,,,
2777,561759,-1,1529,1,-1,-1,-1,-1,-1,-1,6,1,6,-1,-1,-1,-1,,,,,
2779,561945,-1,15,1,-1,-1,-1,-1,-1,-1,4,1,4,-1,-1,-1,-1,,,,,
2781,562423,-1,13,1,-1,-1,-1,-1,-1,-1,4,1,4,-1,-1,-1,-1,,,,,
2782,562439,-1,169,64,-1,-1,-1,-1,-1,-1,4,1,3,-1,-1,-1,-1,,,,,
2783,562613,-1,26,1,-1,-1,-1,-1,-1,-1,4,1,4,-1,-1,-1,-1,,,,,
2785,562701,-1,1111,64,-1,-1,-1,-1,-1,-1,4,1,3,-1,-1,-1,-1,,,,,
2791,563732,-1,81,1,-1,-1,-1,-1,-1,-1,28,1,64,-1,-1,-1,-1,,,,,
2792,563815,-1,18,1,-1,-1,-1,-1,-1,-1,4,1,4,-1,-1,-1,-1,,,,,
2793,563844,-1,20,8,-1,-1,-1,-1,-1,-1,28,1,54,-1,-1,-1,-1,,,,,
2795,563874,-1,71,8,-1,-1,-1,-1,-1,-1,28,1,67,-1,-1,-1,-1,,,,,
2797,564252,-1,1107,64,-1,-1,-1,-1,-1,-1,4,1,3,-1,-1,-1,-1,,,,,
2803,565364,-1,12,1,-1,-1,-1,-1,-1,-1,4,1,4,-1,-1,-1,-1,,,,,
2805,565545,-1,1085,64,-1,-1,-1,-1,-1,-1,4,1,3,-1,-1,-1,-1,,,,,
2811,566285,-1,12,1,-1,-1,-1,-1,-1,-1,4,1,4,-1,-1,-1,-1,,,,,
2813,566633,-1,12,1,-1,-1,-1,-1,-1,-1,4,1,4,-1,-1,-1,-1,,,,,
2814,566724,-1,44,16,-1,-1,-1,-1,-1,-1,29,1,75,-1,-1,-1,-1,,,,,
2815,566775,-1,51,16,-1,-1,-1,-1,-1,-1,29,1,75,-1,-1,-1,-1,,,,,
2816,566810,-1,51,16,-1,-1,-1,-1,-1,-1,29,1,75,-1,-1,-1,-1,,,,,
2817,566859,-1,621,64,-1,-1,-1,-1,-1,-1,4,1,3,-1,-1,-1,-1,,,,,
2818,566870,-1,70,16,-1,-1,-1,-1,-1,-1,29,1,75,-1,-1,-1,-1,,,,,
2820,567111,-1,49,16,-1,-1,-1,-1,-1,-1,29,1,75,-1,-1,-1,-1,,,,,
2822,567496,-1,71,16,-1,-1,-1,-1,-1,-1,29,1,75,-1,-1,-1,-1,,,,,
2824,567530,-1,2053,64,-1,-1,-1,-1,-1,-1,4,1,3,-1,-1,-1,-1,,,,,
2826,567640,-1,22,16,-1,-1,-1,-1,-1,-1,29,1,75,-1,-1,-1,-1,,,,,
2827,567670,-1,70,16,-1,-1,-1,-1,-1,-1,29,1,75,-1,-1,-1,-1,,,,,
2829,567717,-1,74,16,-1,-1,-1,-1,-1,-1,29,1,75,-1,-1,-1,-1,,,,,
2830,567787,-1,68,16,-1,-1,-1,-1,-1,-1,29,1,75,-1,-1,-1,-1,,,,,
2832,567860,-1,65,16,-1,-1,-1,-1,-1,-1,29,1,75,-1,-1,-1,-1,,,,,
2833,567862,-1,14,8,-1,-1,-1,-1,-1,-1,28,1,54,-1,-1,-1,-1,,,,,
2834,567880,-1,74,8,-1,-1,-1,-1,-1,-1,28,1,67,-1,-1,-1,-1,,,,,
2835,567944,-1,64,16,-1,-1,-1,-1,-1,-1,29,1,75,-1,-1,-1,-1,,,,,
2837,568297,-1,13,1,-1,-1,-1,-1,-1,-1,4,1,4,-1,-1,-1,-1,,,,,
2838,568669,-1,74,16,-1,-1,-1,-1,-1,-1,29,1,75,-1,-1,-1,-1,,,,,
2840,568750,-1,79,16,-1,-1,-1,-1,-1,-1,29,1,75,-1,-1,-1,-1,,,,,
2841,568816,-1,28,16,-1,-1,-1,-1,-1,-1,29,1,75,-1,-1,-1,-1,,,,,
2842,568855,-1,92,16,-1,-1,-1,-1,-1,-1,29,1,75,-1,-1,-1,-1,,,,,
2843,568861,-1,15,1,-1,-1,-1,-1,-1,-1,4,1,4,-1,-1,-1,-1,,,,,
2844,568910,-1,79,16,-1,-1,-1,-1,-1,-1,29,1,75,-1,-1,-1,-1,,,,,
2845,569032,-1,107,16,-1,-1,-1,-1,-1,-1,29,1,75,-1,-1,-1,-1,,,,,
2846,569084,-1,89,16,-1,-1,-1,-1,-1,-1,29,1,75,-1,-1,-1,-1,,,,,
2852,569386,-1,199,32,-1,-1,-1,-1,-1,-1,30,1,76,-1,-1,-1,-1,,,,,
2853,569585,-1,10,1,-1,-1,-1,-1,-1,-1,4,1,4,-1,-1,-1,-1,,,,,
2854,569661,-1,18,1,-1,-1,-1,-1,-1,-1,4,1,2,-1,-1,-1,-1,,,,,
2855,569681,-1,143,64,-1,-1,-1,-1,-1,-1,4,1,3,-1,-1,-1,-1,,,,,
2857,569852,-1,1992,64,-1,-1,-1,-1,-1,-1,4,1,3,-1,-1,-1,-1,,,,,
2858,570165,-1,9,16,-1,-1,-1,-1,-1,-1,28,1,77,-1,-1,-1,-1,,,,,
2859,570188,-1,2281,16,-1,-1,-1,-1,-1,-1,28,1,77,-1,-1,-1,-1,,,,,
2860,570252,-1,6280,16,-1,-1,-1,-1,-1,-1,8,1,8,-1,-1,-1,-1,,,,,
2867,570944,-1,11,1,-1,-1,-1,-1,-1,-1,4,1,4,-1,-1,-1,-1,,,,,
2870,571846,-1,10,1,-1,-1,-1,-1,-1,-1,4,1,4,-1,-1,-1,-1,,,,,
2871,571937,-1,4595,8,-1,-1,-1,-1,-1,-1,22,1,32,-1,-1,-1,-1,,,,,
2872,571949,-1,2006,64,-1,-1,-1,-1,-1,-1,4,1,3,-1,-1,-1,-1,,,,,
2878,572595,-1,60,8,-1,-1,-1,-1,-1,-1,28,1,67,-1,-1,-1,-1,,,,,
2879,572661,-1,69,8,-1,-1,-1,-1,-1,-1,28,1,67,-1,-1,-1,-1,,,,,
2885,573809,-1,21,1,-1,-1,-1,-1,-1,-1,29,1,56,-1,-1,-1,-1,,,,,
2888,573958,-1,13,1,-1,-1,-1,-1,-1,-1,4,1,4,-1,-1,-1,-1,,,,,
2889,574015,-1,1996,64,-1,-1,-1,-1,-1,-1,4,1,3,-1,-1,-1,-1,,,,,
2891,574773,-1,1759,8,-1,-1,-1,-1,-1,-1,22,1,78,-1,-1,-1,-1,,,,,
2896,575491,-1,58,16,-1,-1,-1,-1,-1,-1,29,1,75,-1,-1,-1,-1,,,,,
2897,575498,-1,100,16,-1,-1,-1,-1,-1,-1,29,1,75,-1,-1,-1,-1,,,,,
2898,575552,-1,28,16,-1,-1,-1,-1,-1,-1,29,1,75,-1,-1,-1,-1,,,,,
2899,575627,-1,84,16,-1,-1,-1,-1,-1,-1,29,1,75,-1,-1,-1,-1,,,,,
2900,575648,-1,65,4,-1,-1,-1,-1,-1,-1,31,1,79,-1,-1,-1,-1,,,,,
2901,576014,-1,10,1,-1,-1,-1,-1,-1,-1,4,1,4,-1,-1,-1,-1,,,,,
2902,576047,-1,137,4,-1,-1,-1,-1,-1,-1,31,1,79,-1,-1,-1,-1,,,,,
2903,576063,-1,64,16,-1,-1,-1,-1,-1,-1,29,1,75,-1,-1,-1,-1,,,,,
2904,576067,-1,5,16,-1,-1,-1,-1,-1,-1,29,1,75,-1,-1,-1,-1,,,,,
2905,576076,-1,108,16,-1,-1,-1,-1,-1,-1,29,1,75,-1,-1,-1,-1,,,,,
2906,576102,-1,122,16,-1,-1,-1,-1,-1,-1,29,1,75,-1,-1,-1,-1,,,,,
2907,576114,-1,223,32,-1,-1,-1,-1,-1,-1,30,1,76,-1,-1,-1,-1,,,,,
2908,576265,-1,12,1,-1,-1,-1,-1,-1,-1,4,1,2,-1,-1,-1,-1,,,,,
2909,576528,-1,4,1,-1,-1,-1,-1,-1,-1,12,2,1,-1,-1,-1,-1,,,,,
2910,577188,-1,55,16,-1,-1,-1,-1,-1,-1,29,1,75,-1,-1,-1,-1,,,,,
2911,577225,-1,67,16,-1,-1,-1,-1,-1,-1,29,1,75,-1,-1,-1,-1,,,,,
2912,577230,-1,94,16,-1,-1,-1,-1,-1,-1,29,1,75,-1,-1,-1,-1,,,,,
2913,577328,-1,2086,64,-1,-1,-1,-1,-1,-1,4,1,3,-1,-1,-1,-1,,,,,
2914,577375,-1,2198,8,-1,-1,-1,-1,-1,-1,22,1,78,-1,-1,-1,-1,,,,,
2915,577565,-1,260,32,-1,-1,-1,-1,-1,-1,30,1,76,-1,-1,-1,-1,,,,,
2916,578313,-1,275,32,-1,-1,-1,-1,-1,-1,30,1,76,-1,-1,-1,-1,,,,,
2917,578602,-1,15,1,-1,-1,-1,-1,-1,-1,4,1,4,-1,-1,-1,-1,,,,,
2918,578741,-1,2303,16,-1,-1,-1,-1,-1,-1,28,1,77,-1,-1,-1,-1,,,,,
2919,578810,-1,324,32,-1,-1,-1,-1,-1,-1,30,1,76,-1,-1,-1,-1,,,,,
2920,579056,-1,64,1,-1,-1,-1,-1,-1,-1,12,2,1,-1,-1,-1,-1,,,,,
2921,579103,-1,6,1,-1,-1,-1,-1,-1,-1,12,2,1,-1,-1,-1,-1,,,,,
2922,579139,-1,5,1,-1,-1,-1,-1,-1,-1,12,2,1,-1,-1,-1,-1,,,,,
2923,579185,-1,5,1,-1,-1,-1,-1,-1,-1,12,2,1,-1,-1,-1,-1,,,,,
2924,579205,-1,166,2,-1,-1,-1,-1,-1,-1,12,2,14,-1,-1,-1,-1,,,,,
2925,579422,-1,13,1,-1,-1,-1,-1,-1,-1,4,1,4,-1,-1,-1,-1,,,,,
2926,579614,-1,65,16,-1,-1,-1,-1,-1,-1,29,1,75,-1,-1,-1,-1,,,,,
2927,579620,-1,69,16,-1,-1,-1,-1,-1,-1,29,1,75,-1,-1,-1,-1,,,,,
2928,579625,-1,94,16,-1,-1,-1,-1,-1,-1,29,1,75,-1,-1,-1,-1,,,,,
2929,579775,-1,209,32,-1,-1,-1,-1,-1,-1,30,1,76,-1,-1,-1,-1,,,,,
2930,580131,-1,629,32,-1,-1,-1,-1,-1,-1,30,1,76,-1,-1,-1,-1,,,,,
2931,580148,-1,74,16,-1,-1,-1,-1,-1,-1,29,1,75,-1,-1,-1,-1,,,,,
2932,580210,-1,2028,64,-1,-1,-1,-1,-1,-1,4,1,3,-1,-1,-1,-1,,,,,
2933,580931,-1,24,1,-1,-1,-1,-1,-1,-1,12,2,1,-1,-1,-1,-1,,,,,
2934,581179,-1,29,1,-1,-1,-1,-1,-1,-1,12,2,1,-1,-1,-1,-1,,,,,
2935,581233,-1,15,1,-1,-1,-1,-1,-1,-1,12,2,1,-1,-1,-1,-1,,,,,
2936,581985,-1,95,16,-1,-1,-1,-1,-1,-1,29,1,75,-1,-1,-1,-1,,,,,
2937,581991,-1,164,16,-1,-1,-1,-1,-1,-1,29,1,75,-1,-1,-1,-1,,,,,
2938,582029,-1,347,32,-1,-1,-1,-1,-1,-1,30,1,76,-1,-1,-1,-1,,,,,
2939,582153,-1,69,16,-1,-1,-1,-1,-1,-1,29,1,75,-1,-1,-1,-1,,,,,
2940,582160,-1,73,16,-1,-1,-1,-1,-1,-1,29,1,75,-1,-1,-1,-1,,,,,
2941,582230,-1,102,16,-1,-1,-1,-1,-1,-1,29,1,75,-1,-1,-1,-1,,,,,
2942,582244,-1,13,1,-1,-1,-1,-1,-1,-1,4,1,4,-1,-1,-1,-1,,,,,
2943,582707,-1,268,32,-1,-1,-1,-1,-1,-1,30,1,76,-1,-1,-1,-1,,,,,
2944,583372,-1,279,32,-1,-1,-1,-1,-1,-1,30,1,76,-1,-1,-1,-1,,,,,
2945,583502,-1,16,1,-1,-1,-1,-1,-1,-1,9,2,9,-1,-1,-1,-1,,,,,
2946,584642,-1,313,32,-1,-1,-1,-1,-1,-1,30,1,76,-1,-1,-1,-1,,,,,
2947,585887,-1,337,32,-1,-1,-1,-1,-1,-1,30,1,76,-1,-1,-1,-1,,,,,
2948,586284,-1,389,32,-1,-1,-1,-1,-1,-1,30,1,76,-1,-1,-1,-1,,,,,
2949,586835,-1,368,32,-1,-1,-1,-1,-1,-1,30,1,76,-1,-1,-1,-1,,,,,
2950,586982,-1,84,16,-1,-1,-1,-1,-1,-1,29,1,80,-1,-1,-1,-1,,,,,
2951,587055,-1,92,16,-1,-1,-1,-1,-1,-1,29,1,80,-1,-1,-1,-1,,,,,
2952,587229,-1,227,32,-1,-1,-1,-1,-1,-1,30,1,76,-1,-1,-1,-1,,,,,
2953,587233,-1,97,16,-1,-1,-1,-1,-1,-1,29,1,80,-1,-1,-1,-1,,,,,
2954,587607,-1,237,32,-1,-1,-1,-1,-1,-1,30,1,76,-1,-1,-1,-1,,,,,
2955,587724,-1,107,16,-1,-1,-1,-1,-1,-1,29,1,80,-1,-1,-1,-1,,,,,
2956,587733,-1,100,16,-1,-1,-1,-1,-1,-1,29,1,80,-1,-1,-1,-1,,,,,
2957,587890,-1,63,16,-1,-1,-1,-1,-1,-1,29,1,80,-1,-1,-1,-1,,,,,
2958,587955,-1,85,16,-1,-1,-1,-1,-1,-1,29,1,80,-1,-1,-1,-1,,,,,
2959,587957,-1,124,16,-1,-1,-1,-1,-1,-1,29,1,80,-1,-1,-1,-1,,,,,
2960,587974,-1,85,16,-1,-1,-1,-1,-1,-1,29,1,80,-1,-1,-1,-1,,,,,
2961,588076,-1,250,32,-1,-1,-1,-1,-1,-1,30,1,76,-1,-1,-1,-1,,,,,
2962,588531,-1,217,32,-1,-1,-1,-1,-1,-1,30,1,76,-1,-1,-1,-1,,,,,
2963,588827,-1,217,32,-1,-1,-1,-1,-1,-1,30,1,76,-1,-1,-1,-1,,,,,
2964,588970,-1,101,16,-1,-1,-1,-1,-1,-1,29,1,80,-1,-1,-1,-1,,,,,
2965,588974,-1,109,16,-1,-1,-1,-1,-1,-1,29,1,80,-1,-1,-1,-1,,,,,
2966,588977,-1,91,16,-1,-1,-1,-1,-1,-1,29,1,80,-1,-1,-1,-1,,,,,
2967,589372,-1,21,16,-1,-1,-1,-1,-1,-1,29,1,80,-1,-1,-1,-1,,,,,
2968,589441,-1,106,16,-1,-1,-1,-1,-1,-1,29,1,80,-1,-1,-1,-1,,,,,
2969,589459,-1,86,16,-1,-1,-1,-1,-1,-1,29,1,80,-1,-1,-1,-1,,,,,
2970,589477,-1,94,16,-1,-1,-1,-1,-1,-1,29,1,80,-1,-1,-1,-1,,,,,
2971,589522,-1,262,32,-1,-1,-1,-1,-1,-1,30,1,76,-1,-1,-1,-1,,,,,
2972,589743,-1,92,16,-1,-1,-1,-1,-1,-1,29,1,80,-1,-1,-1,-1,,,,,
2973,589864,-1,115,16,-1,-1,-1,-1,-1,-1,29,1,80,-1,-1,-1,-1,,,,,
2974,589868,-1,114,16,-1,-1,-1,-1,-1,-1,29,1,80,-1,-1,-1,-1,,,,,
2975,589870,-1,115,16,-1,-1,-1,-1,-1,-1,29,1,80,-1,-1,-1,-1,,,,,
2976,590299,-1,647,32,-1,-1,-1,-1,-1,-1,30,1,76,-1,-1,-1,-1,,,,,
2977,590413,-1,9479,64,-1,-1,-1,-1,-1,-1,4,1,-1,-1,-1,-1,-1,,,,,
2978,590415,-1,2347,16,-1,-1,-1,-1,-1,-1,28,1,-1,-1,-1,-1,-1,,,,,
2979,591009,-1,292,32,-1,-1,-1,-1,-1,-1,30,1,76,-1,-1,-1,-1,,,,,
2980,591995,-1,207,32,-1,-1,-1,-1,-1,-1,30,1,76,-1,-1,-1,-1,,,,,
2981,592207,-1,78,16,-1,-1,-1,-1,-1,-1,29,1,81,-1,-1,-1,-1,,,,,
2982,592211,-1,106,16,-1,-1,-1,-1,-1,-1,29,1,81,-1,-1,-1,-1,,,,,
2983,592213,-1,137,16,-1,-1,-1,-1,-1,-1,29,1,81,-1,-1,-1,-1,,,,,
2984,592451,-1,97,16,-1,-1,-1,-1,-1,-1,29,1,81,-1,-1,-1,-1,,,,,
2985,592454,-1,96,16,-1,-1,-1,-1,-1,-1,29,1,81,-1,-1,-1,-1,,,,,
2986,592458,-1,120,16,-1,-1,-1,-1,-1,-1,29,1,81,-1,-1,-1,-1,,,,,
2987,592654,-1,83,16,-1,-1,-1,-1,-1,-1,29,1,81,-1,-1,-1,-1,,,,,
2988,592658,-1,112,16,-1,-1,-1,-1,-1,-1,29,1,81,-1,-1,-1,-1,,,,,
2989,592661,-1,135,16,-1,-1,-1,-1,-1,-1,29,1,81,-1,-1,-1,-1,,,,,
2990,593366,-1,76,16,-1,-1,-1,-1,-1,-1,29,1,75,-1,-1,-1,-1,,,,,
2991,593372,-1,208,16,-1,-1,-1,-1,-1,-1,29,1,75,-1,-1,-1,-1,,,,,
2992,593376,-1,108,16,-1,-1,-1,-1,-1,-1,29,1,75,-1,-1,-1,-1,,,,,
2993,593726,-1,63,16,-1,-1,-1,-1,-1,-1,29,1,75,-1,-1,-1,-1,,,,,
2994,593895,-1,60,16,-1,-1,-1,-1,-1,-1,29,1,75,-1,-1,-1,-1,,,,,
2995,593899,-1,71,16,-1,-1,-1,-1,-1,-1,29,1,75,-1,-1,-1,-1,,,,,
2996,593903,-1,94,16,-1,-1,-1,-1,-1,-1,29,1,75,-1,-1,-1,-1,,,,,
2997,594118,-1,79,16,-1,-1,-1,-1,-1,-1,29,1,75,-1,-1,-1,-1,,,,,
2998,594123,-1,82,16,-1,-1,-1,-1,-1,-1,29,1,75,-1,-1,-1,-1,,,,,
2999,594126,-1,106,16,-1,-1,-1,-1,-1,-1,29,1,75,-1,-1,-1,-1,,,,,
3000,594244,-1,63,16,-1,-1,-1,-1,-1,-1,29,1,75,-1,-1,-1,-1,,,,,
3001,594247,-1,73,16,-1,-1,-1,-1,-1,-1,29,1,75,-1,-1,-1,-1,,,,,
3002,594250,-1,99,16,-1,-1,-1,-1,-1,-1,29,1,75,-1,-1,-1,-1,,,,,
3003,596463,-1,29,1,-1,-1,-1,-1,-1,-1,15,1,12,-1,-1,-1,-1,,,,,
3004,596534,-1,698,4,-1,-1,-1,-1,-1,-1,15,1,19,-1,-1,-1,-1,,,,,
3005,596555,-1,678,2,-1,-1,-1,-1,-1,-1,15,1,20,-1,-1,-1,-1,,,,,
3006,597249,-1,2283,4,-1,-1,-1,-1,-1,-1,15,1,19,-1,-1,-1,-1,,,,,
3007,597275,-1,2258,2,-1,-1,-1,-1,-1,-1,15,1,20,-1,-1,-1,-1,,,,,
3008,599789,-1,116,4,-1,-1,-1,-1,-1,-1,15,1,19,-1,-1,-1,-1,,,,,
3009,599815,-1,84,2,-1,-1,-1,-1,-1,-1,15,1,20,-1,-1,-1,-1,,,,,
3010,599911,-1,9764,128,-1,-1,-1,-1,-1,-1,2,1,-1,-1,-1,-1,-1,,,,,
3011,609683,-1,9467,64,-1,-1,-1,-1,-1,-1,4,1,-1,-1,-1,-1,-1,,,,,
3137,624132,-1,5,1,-1,-1,-1,-1,-1,-1,4,1,2,-1,-1,-1,-1,,,,,
3138,624143,-1,15,1,-1,-1,-1,-1,-1,-1,4,1,2,-1,-1,-1,-1,,,,,
3140,624264,-1,6072,64,-1,-1,-1,-1,-1,-1,4,1,3,-1,-1,-1,-1,,,,,
3165,626404,-1,3481,64,-1,-1,-1,-1,-1,-1,4,1,-1,-1,-1,-1,-1,,,,,
3166,629950,-1,16,1,-1,-1,-1,-1,-1,-1,4,1,4,-1,-1,-1,-1,,,,,
3169,630340,-1,20,1,-1,-1,-1,-1,-1,-1,4,1,4,-1,-1,-1,-1,,,,,
3170,630410,-1,1106,64,-1,-1,-1,-1,-1,-1,4,1,3,-1,-1,-1,-1,,,,,
3172,630725,-1,109,32,-1,-1,-1,-1,-1,-1,30,1,76,-1,-1,-1,-1,,,,,
3179,631203,-1,95,32,-1,-1,-1,-1,-1,-1,30,1,76,-1,-1,-1,-1,,,,,
3180,631518,-1,19,1,-1,-1,-1,-1,-1,-1,4,1,2,-1,-1,-1,-1,,,,,
3181,631520,-1,23,1,-1,-1,-1,-1,-1,-1,4,1,4,-1,-1,-1,-1,,,,,
3182,631552,-1,199,32,-1,-1,-1,-1,-1,-1,30,1,76,-1,-1,-1,-1,,,,,
3183,631611,-1,289,64,-1,-1,-1,-1,-1,-1,4,1,3,-1,-1,-1,-1,,,,,
3185,631835,-1,694,32,-1,-1,-1,-1,-1,-1,30,1,76,-1,-1,-1,-1,,,,,
3188,631992,-1,3372,64,-1,-1,-1,-1,-1,-1,4,1,3,-1,-1,-1,-1,,,,,
3196,633122,-1,229,32,-1,-1,-1,-1,-1,-1,30,1,76,-1,-1,-1,-1,,,,,
3197,633136,-1,16,1,-1,-1,-1,-1,-1,-1,4,1,4,-1,-1,-1,-1,,,,,
3198,633573,-1,2540,8,-1,-1,-1,-1,-1,-1,22,1,78,-1,-1,-1,-1,,,,,
3199,634059,-1,15,1,-1,-1,-1,-1,-1,-1,4,1,4,-1,-1,-1,-1,,,,,
3200,634476,-1,241,32,-1,-1,-1,-1,-1,-1,30,1,76,-1,-1,-1,-1,,,,,
3201,634482,-1,238,8,-1,-1,-1,-1,-1,-1,22,1,82,-1,-1,-1,-1,,,,,
3202,634572,-1,30,1,-1,-1,-1,-1,-1,-1,4,1,4,-1,-1,-1,-1,,,,,
3203,634972,-1,291,16,-1,-1,-1,-1,-1,-1,22,1,82,-1,-1,-1,-1,,,,,
3204,635209,-1,377,32,-1,-1,-1,-1,-1,-1,30,1,76,-1,-1,-1,-1,,,,,
3205,635371,-1,28,1,-1,-1,-1,-1,-1,-1,4,1,4,-1,-1,-1,-1,,,,,
3206,635451,-1,1304,16,-1,-1,-1,-1,-1,-1,8,1,8,-1,-1,-1,-1,,,,,
3208,635553,-1,384,32,-1,-1,-1,-1,-1,-1,22,1,82,-1,-1,-1,-1,,,,,
3209,635850,-1,25,1,-1,-1,-1,-1,-1,-1,4,1,4,-1,-1,-1,-1,,,,,
3211,635965,-1,4816,64,-1,-1,-1,-1,-1,-1,4,1,3,-1,-1,-1,-1,,,,,
3212,636078,-1,240,32,-1,-1,-1,-1,-1,-1,30,1,76,-1,-1,-1,-1,,,,,
3217,636885,-1,235,32,-1,-1,-1,-1,-1,-1,30,1,76,-1,-1,-1,-1,,,,,
3218,636940,-1,517,16,-1,-1,-1,-1,-1,-1,8,1,8,-1,-1,-1,-1,,,,,
3221,637349,-1,16,1,-1,-1,-1,-1,-1,-1,4,1,4,-1,-1,-1,-1,,,,,
3222,637504,-1,22,1,-1,-1,-1,-1,-1,-1,9,2,9,-1,-1,-1,-1,,,,,
3223,637520,-1,3630,16,-1,-1,-1,-1,-1,-1,8,1,8,-1,-1,-1,-1,,,,,
3225,637623,-1,254,16,-1,-1,-1,-1,-1,-1,16,2,83,-1,-1,-1,-1,,,,,
3227,638016,-1,112,32,-1,-1,-1,-1,-1,-1,16,2,83,-1,-1,-1,-1,,,,,
3228,638119,-1,15,1,-1,-1,-1,-1,-1,-1,4,1,4,-1,-1,-1,-1,,,,,
3229,638136,-1,116,32,-1,-1,-1,-1,-1,-1,16,2,83,-1,-1,-1,-1,,,,,
3230,638319,-1,54,32,-1,-1,-1,-1,-1,-1,16,2,83,-1,-1,-1,-1,,,,,
3232,638375,-1,231,32,-1,-1,-1,-1,-1,-1,30,1,76,-1,-1,-1,-1,,,,,
3234,638483,-1,90,8,-1,-1,-1,-1,-1,-1,28,1,67,-1,-1,-1,-1,,,,,
3236,638514,-1,47,1,-1,-1,-1,-1,-1,-1,4,1,4,-1,-1,-1,-1,,,,,
3238,638614,-1,281,4,-1,-1,-1,-1,-1,-1,31,1,79,-1,-1,-1,-1,,,,,
3240,638872,-1,116,32,-1,-1,-1,-1,-1,-1,16,2,83,-1,-1,-1,-1,,,,,
3241,638966,-1,660,4,-1,-1,-1,-1,-1,-1,31,1,79,-1,-1,-1,-1,,,,,
3242,638974,-1,29,1,-1,-1,-1,-1,-1,-1,4,1,4,-1,-1,-1,-1,,,,,
3243,639026,-1,187,32,-1,-1,-1,-1,-1,-1,30,1,76,-1,-1,-1,-1,,,,,
3245,639563,-1,2480,8,-1,-1,-1,-1,-1,-1,22,1,84,-1,-1,-1,-1,,,,,
3247,639895,-1,19,1,-1,-1,-1,-1,-1,-1,4,1,4,-1,-1,-1,-1,,,,,
3249,640470,-1,53,32,-1,-1,-1,-1,-1,-1,30,1,76,-1,-1,-1,-1,,,,,
3250,640532,-1,56,32,-1,-1,-1,-1,-1,-1,16,2,85,-1,-1,-1,-1,,,,,
3252,640627,-1,272,4,-1,-1,-1,-1,-1,-1,31,1,86,-1,-1,-1,-1,,,,,
3253,640635,-1,205,32,-1,-1,-1,-1,-1,-1,30,1,76,-1,-1,-1,-1,,,,,
3257,640785,-1,34,1,-1,-1,-1,-1,-1,-1,4,1,4,-1,-1,-1,-1,,,,,
3258,640789,-1,79,32,-1,-1,-1,-1,-1,-1,16,2,85,-1,-1,-1,-1,,,,,
3260,641105,-1,308,64,-1,-1,-1,-1,-1,-1,4,1,3,-1,-1,-1,-1,,,,,
3261,641264,-1,6764,16,-1,-1,-1,-1,-1,-1,8,1,8,-1,-1,-1,-1,,,,,
3263,641409,-1,91,32,-1,-1,-1,-1,-1,-1,16,2,85,-1,-1,-1,-1,,,,,
3264,641416,-1,35,1,-1,-1,-1,-1,-1,-1,4,1,4,-1,-1,-1,-1,,,,,
3265,641440,-1,17,1,-1,-1,-1,-1,-1,-1,4,1,2,-1,-1,-1,-1,,,,,
3266,641447,-1,201,32,-1,-1,-1,-1,-1,-1,30,1,76,-1,-1,-1,-1,,,,,
3267,641494,-1,60,32,-1,-1,-1,-1,-1,-1,16,2,83,-1,-1,-1,-1,,,,,
3268,641639,-1,140,32,-1,-1,-1,-1,-1,-1,16,2,83,-1,-1,-1,-1,,,,,
3269,641683,-1,1170,64,-1,-1,-1,-1,-1,-1,4,1,3,-1,-1,-1,-1,,,,,
3271,641959,-1,195,32,-1,-1,-1,-1,-1,-1,30,1,76,-1,-1,-1,-1,,,,,
3272,642201,-1,4118,16,-1,-1,-1,-1,-1,-1,28,1,77,-1,-1,-1,-1,,,,,
3274,642277,-1,50,16,-1,-1,-1,-1,-1,-1,16,2,83,-1,-1,-1,-1,,,,,
3276,642356,-1,108,16,-1,-1,-1,-1,-1,-1,16,2,83,-1,-1,-1,-1,,,,,
3279,642490,-1,22,1,-1,-1,-1,-1,-1,-1,4,1,4,-1,-1,-1,-1,,,,,
3281,642681,-1,258,32,-1,-1,-1,-1,-1,-1,30,1,76,-1,-1,-1,-1,,,,,
3282,642861,-1,17,1,-1,-1,-1,-1,-1,-1,4,1,4,-1,-1,-1,-1,,,,,
3283,642930,-1,14,1,-1,-1,-1,-1,-1,-1,4,1,2,-1,-1,-1,-1,,,,,
3284,642984,-1,73,16,-1,-1,-1,-1,-1,-1,16,2,83,-1,-1,-1,-1,,,,,
3285,643015,-1,557,64,-1,-1,-1,-1,-1,-1,4,1,3,-1,-1,-1,-1,,,,,
3287,643195,-1,169,32,-1,-1,-1,-1,-1,-1,30,1,76,-1,-1,-1,-1,,,,,
3288,643385,-1,15,1,-1,-1,-1,-1,-1,-1,4,1,4,-1,-1,-1,-1,,,,,
3290,643576,-1,17,1,-1,-1,-1,-1,-1,-1,4,1,4,-1,-1,-1,-1,,,,,
3291,643632,-1,289,64,-1,-1,-1,-1,-1,-1,4,1,3,-1,-1,-1,-1,,,,,
3292,643719,-1,243,32,-1,-1,-1,-1,-1,-1,30,1,76,-1,-1,-1,-1,,,,,
3294,643997,-1,1116,64,-1,-1,-1,-1,-1,-1,4,1,3,-1,-1,-1,-1,,,,,
3297,644143,-1,218,32,-1,-1,-1,-1,-1,-1,30,1,76,-1,-1,-1,-1,,,,,
3298,644369,-1,14,1,-1,-1,-1,-1,-1,-1,4,1,4,-1,-1,-1,-1,,,,,
3300,644742,-1,12,1,-1,-1,-1,-1,-1,-1,4,1,4,-1,-1,-1,-1,,,,,
3301,644797,-1,614,32,-1,-1,-1,-1,-1,-1,30,1,76,-1,-1,-1,-1,,,,,
3302,645115,-1,18,1,-1,-1,-1,-1,-1,-1,4,1,4,-1,-1,-1,-1,,,,,
3303,645121,-1,21,1,-1,-1,-1,-1,-1,-1,4,1,2,-1,-1,-1,-1,,,,,
3304,645143,-1,10,1,-1,-1,-1,-1,-1,-1,4,1,2,-1,-1,-1,-1,,,,,
3305,645245,-1,1096,64,-1,-1,-1,-1,-1,-1,4,1,3,-1,-1,-1,-1,,,,,
3310,645977,-1,329,32,-1,-1,-1,-1,-1,-1,30,1,76,-1,-1,-1,-1,,,,,
3311,646344,-1,11,1,-1,-1,-1,-1,-1,-1,4,1,4,-1,-1,-1,-1,,,,,
3312,646406,-1,1187,64,-1,-1,-1,-1,-1,-1,4,1,3,-1,-1,-1,-1,,,,,
3313,646481,-1,13,4,-1,-1,-1,-1,-1,-1,7,1,71,-1,-1,-1,-1,,,,,
3314,646507,-1,17,8,-1,-1,-1,-1,-1,-1,7,1,71,-1,-1,-1,-1,,,,,
3315,646529,-1,23,1,-1,-1,-1,-1,-1,-1,4,1,2,-1,-1,-1,-1,,,,,
3316,646534,-1,24,16,-1,-1,-1,-1,-1,-1,7,1,71,-1,-1,-1,-1,,,,,
3317,646578,-1,29,32,-1,-1,-1,-1,-1,-1,7,1,71,-1,-1,-1,-1,,,,,
3319,646742,-1,573,32,-1,-1,-1,-1,-1,-1,30,1,76,-1,-1,-1,-1,,,,,
3320,647052,-1,16,1,-1,-1,-1,-1,-1,-1,4,1,4,-1,-1,-1,-1,,,,,
3322,647113,-1,13745,16,-1,-1,-1,-1,-1,-1,28,1,77,-1,-1,-1,-1,,,,,
3323,647351,-1,479,32,-1,-1,-1,-1,-1,-1,30,1,76,-1,-1,-1,-1,,,,,
3324,647597,-1,12,1,-1,-1,-1,-1,-1,-1,4,1,4,-1,-1,-1,-1,,,,,
3325,647629,-1,11,1,-1,-1,-1,-1,-1,-1,4,1,2,-1,-1,-1,-1,,,,,
3326,647753,-1,1092,64,-1,-1,-1,-1,-1,-1,4,1,3,-1,-1,-1,-1,,,,,
3327,647872,-1,710,32,-1,-1,-1,-1,-1,-1,30,1,76,-1,-1,-1,-1,,,,,
3328,648250,-1,41,1,-1,-1,-1,-1,-1,-1,12,2,1,-1,-1,-1,-1,,,,,
3329,648299,-1,6,1,-1,-1,-1,-1,-1,-1,12,2,1,-1,-1,-1,-1,,,,,
3331,648645,-1,220,32,-1,-1,-1,-1,-1,-1,30,1,76,-1,-1,-1,-1,,,,,
3332,648850,-1,19,1,-1,-1,-1,-1,-1,-1,4,1,4,-1,-1,-1,-1,,,,,
3333,648855,-1,20,1,-1,-1,-1,-1,-1,-1,4,1,2,-1,-1,-1,-1,,,,,
3334,648943,-1,1156,64,-1,-1,-1,-1,-1,-1,4,1,3,-1,-1,-1,-1,,,,,
3335,648952,-1,237,32,-1,-1,-1,-1,-1,-1,30,1,76,-1,-1,-1,-1,,,,,
3337,649158,-1,2458,8,-1,-1,-1,-1,-1,-1,22,1,84,-1,-1,-1,-1,,,,,
3338,649265,-1,555,32,-1,-1,-1,-1,-1,-1,30,1,76,-1,-1,-1,-1,,,,,
3340,649364,-1,31,1,-1,-1,-1,-1,-1,-1,4,1,4,-1,-1,-1,-1,,,,,
3344,649592,-1,18,1,-1,-1,-1,-1,-1,-1,4,1,4,-1,-1,-1,-1,,,,,
3346,649955,-1,908,32,-1,-1,-1,-1,-1,-1,30,1,76,-1,-1,-1,-1,,,,,
3347,650105,-1,19,1,-1,-1,-1,-1,-1,-1,4,1,4,-1,-1,-1,-1,,,,,
3349,650197,-1,1103,64,-1,-1,-1,-1,-1,-1,4,1,3,-1,-1,-1,-1,,,,,
3350,650558,-1,19,1,-1,-1,-1,-1,-1,-1,4,1,4,-1,-1,-1,-1,,,,,
3352,650779,-1,18,1,-1,-1,-1,-1,-1,-1,4,1,4,-1,-1,-1,-1,,,,,
3353,650914,-1,367,32,-1,-1,-1,-1,-1,-1,30,1,76,-1,-1,-1,-1,,,,,
3359,651305,-1,19,1,-1,-1,-1,-1,-1,-1,4,1,4,-1,-1,-1,-1,,,,,
3360,651307,-1,15,1,-1,-1,-1,-1,-1,-1,4,1,2,-1,-1,-1,-1,,,,,
3361,651348,-1,76,32,-1,-1,-1,-1,-1,-1,30,1,76,-1,-1,-1,-1,,,,,
3362,651390,-1,1188,64,-1,-1,-1,-1,-1,-1,4,1,3,-1,-1,-1,-1,,,,,
3363,651448,-1,246,32,-1,-1,-1,-1,-1,-1,30,1,76,-1,-1,-1,-1,,,,,
3364,651682,-1,76,16,-1,-1,-1,-1,-1,-1,16,2,83,-1,-1,-1,-1,,,,,
3366,651915,-1,193,32,-1,-1,-1,-1,-1,-1,30,1,76,-1,-1,-1,-1,,,,,
3367,652186,-1,93,16,-1,-1,-1,-1,-1,-1,16,2,83,-1,-1,-1,-1,,,,,
3368,652193,-1,21,32,-1,-1,-1,-1,-1,-1,30,1,76,-1,-1,-1,-1,,,,,
3369,652230,-1,799,32,-1,-1,-1,-1,-1,-1,30,1,76,-1,-1,-1,-1,,,,,
3370,652468,-1,30,1,-1,-1,-1,-1,-1,-1,22,1,87,-1,-1,-1,-1,,,,,
3372,652543,-1,42,1,-1,-1,-1,-1,-1,-1,22,1,87,-1,-1,-1,-1,,,,,
3373,652582,-1,14,1,-1,-1,-1,-1,-1,-1,4,1,4,-1,-1,-1,-1,,,,,
3374,652748,-1,64,16,-1,-1,-1,-1,-1,-1,16,2,83,-1,-1,-1,-1,,,,,
3379,653142,-1,353,32,-1,-1,-1,-1,-1,-1,30,1,76,-1,-1,-1,-1,,,,,
3380,653247,-1,84,16,-1,-1,-1,-1,-1,-1,16,2,83,-1,-1,-1,-1,,,,,
3381,653490,-1,1104,64,-1,-1,-1,-1,-1,-1,4,1,3,-1,-1,-1,-1,,,,,
3383,653668,-1,875,32,-1,-1,-1,-1,-1,-1,30,1,76,-1,-1,-1,-1,,,,,
3384,653897,-1,36,1,-1,-1,-1,-1,-1,-1,4,1,4,-1,-1,-1,-1,,,,,
3385,653906,-1,60,1,-1,-1,-1,-1,-1,-1,22,1,87,-1,-1,-1,-1,,,,,
3387,654207,-1,162,16,-1,-1,-1,-1,-1,-1,16,2,83,-1,-1,-1,-1,,,,,
3389,654409,-1,18,1,-1,-1,-1,-1,-1,-1,4,1,4,-1,-1,-1,-1,,,,,
3390,654463,-1,18,1,-1,-1,-1,-1,-1,-1,22,1,87,-1,-1,-1,-1,,,,,
3392,654485,-1,62,16,-1,-1,-1,-1,-1,-1,16,2,85,-1,-1,-1,-1,,,,,
3394,654578,-1,545,32,-1,-1,-1,-1,-1,-1,30,1,76,-1,-1,-1,-1,,,,,
3395,654600,-1,36,1,-1,-1,-1,-1,-1,-1,4,1,4,-1,-1,-1,-1,,,,,
3396,654624,-1,59,1,-1,-1,-1,-1,-1,-1,22,1,87,-1,-1,-1,-1,,,,,
3397,654641,-1,1132,64,-1,-1,-1,-1,-1,-1,4,1,3,-1,-1,-1,-1,,,,,
3398,654886,-1,44,1,-1,-1,-1,-1,-1,-1,22,1,87,-1,-1,-1,-1,,,,,
3400,655126,-1,84,16,-1,-1,-1,-1,-1,-1,16,2,83,-1,-1,-1,-1,,,,,
3401,655248,-1,32,1,-1,-1,-1,-1,-1,-1,15,1,12,-1,-1,-1,-1,,,,,
3402,655335,-1,8101,4,-1,-1,-1,-1,-1,-1,15,1,19,-1,-1,-1,-1,,,,,
3403,655356,-1,8080,2,-1,-1,-1,-1,-1,-1,15,1,20,-1,-1,-1,-1,,,,,
3404,655518,-1,44,2,-1,-1,-1,-1,-1,-1,12,2,88,-1,-1,-1,-1,,,,,
3405,655540,-1,9,2,-1,-1,-1,-1,-1,-1,12,2,89,-1,-1,-1,-1,,,,,
3407,655614,-1,18,1,-1,-1,-1,-1,-1,-1,4,1,4,-1,-1,-1,-1,,,,,
3408,655682,-1,136,2,-1,-1,-1,-1,-1,-1,12,2,49,-1,-1,-1,-1,,,,,
3409,655708,-1,110,2,-1,-1,-1,-1,-1,-1,12,2,50,-1,-1,-1,-1,,,,,
3410,655777,-1,13,1,-1,-1,-1,-1,-1,-1,4,1,4,-1,-1,-1,-1,,,,,
3411,655888,-1,1189,64,-1,-1,-1,-1,-1,-1,4,1,3,-1,-1,-1,-1,,,,,
3412,655942,-1,121,2,-1,-1,-1,-1,-1,-1,12,2,49,-1,-1,-1,-1,,,,,
3413,655971,-1,93,2,-1,-1,-1,-1,-1,-1,12,2,50,-1,-1,-1,-1,,,,,
3414,655978,-1,670,16,-1,-1,-1,-1,-1,-1,29,1,75,-1,-1,-1,-1,,,,,
3415,656041,-1,26,16,-1,-1,-1,-1,-1,-1,29,1,75,-1,-1,-1,-1,,,,,
3417,656379,-1,79,2,-1,-1,-1,-1,-1,-1,12,2,49,-1,-1,-1,-1,,,,,
3418,656403,-1,54,2,-1,-1,-1,-1,-1,-1,12,2,50,-1,-1,-1,-1,,,,,
3419,656598,-1,87,2,-1,-1,-1,-1,-1,-1,12,2,49,-1,-1,-1,-1,,,,,
3420,656620,-1,75,2,-1,-1,-1,-1,-1,-1,12,2,50,-1,-1,-1,-1,,,,,
3421,656653,-1,57,16,-1,-1,-1,-1,-1,-1,29,1,75,-1,-1,-1,-1,,,,,
3422,656663,-1,81,16,-1,-1,-1,-1,-1,-1,29,1,75,-1,-1,-1,-1,,,,,
3423,656789,-1,76,16,-1,-1,-1,-1,-1,-1,29,1,75,-1,-1,-1,-1,,,,,
3424,656960,-1,16,1,-1,-1,-1,-1,-1,-1,4,1,4,-1,-1,-1,-1,,,,,
3425,657081,-1,24,1,-1,-1,-1,-1,-1,-1,4,1,4,-1,-1,-1,-1,,,,,
3427,657126,-1,11,1,-1,-1,-1,-1,-1,-1,4,1,2,-1,-1,-1,-1,,,,,
3428,657191,-1,1123,64,-1,-1,-1,-1,-1,-1,4,1,3,-1,-1,-1,-1,,,,,
3429,657225,-1,94,16,-1,-1,-1,-1,-1,-1,16,2,83,-1,-1,-1,-1,,,,,
3431,657799,-1,14,1,-1,-1,-1,-1,-1,-1,4,1,4,-1,-1,-1,-1,,,,,
3433,658319,-1,18,1,-1,-1,-1,-1,-1,-1,4,1,4,-1,-1,-1,-1,,,,,
3434,658497,-1,157,64,-1,-1,-1,-1,-1,-1,4,1,3,-1,-1,-1,-1,,,,,
3435,658696,-1,243,64,-1,-1,-1,-1,-1,-1,4,1,3,-1,-1,-1,-1,,,,,
3436,658698,-1,3051,2,-1,-1,-1,-1,-1,-1,12,2,49,-1,-1,-1,-1,,,,,
3437,658720,-1,3030,2,-1,-1,-1,-1,-1,-1,12,2,50,-1,-1,-1,-1,,,,,
3438,659003,-1,193,64,-1,-1,-1,-1,-1,-1,4,1,3,-1,-1,-1,-1,,,,,
3439,659275,-1,264,64,-1,-1,-1,-1,-1,-1,4,1,3,-1,-1,-1,-1,,,,,
3440,659463,-1,88,16,-1,-1,-1,-1,-1,-1,16,2,83,-1,-1,-1,-1,,,,,
3441,659541,-1,21,1,-1,-1,-1,-1,-1,-1,4,1,4,-1,-1,-1,-1,,,,,
3442,659723,-1,1096,64,-1,-1,-1,-1,-1,-1,4,1,3,-1,-1,-1,-1,,,,,
3443,659906,-1,34,1,-1,-1,-1,-1,-1,-1,22,1,87,-1,-1,-1,-1,,,,,
3444,660055,-1,75,4,-1,-1,-1,-1,-1,-1,16,2,83,-1,-1,-1,-1,,,,,
3445,660134,-1,72,4,-1,-1,-1,-1,-1,-1,16,2,83,-1,-1,-1,-1,,,,,
3446,660170,-1,19,1,-1,-1,-1,-1,-1,-1,4,1,4,-1,-1,-1,-1,,,,,
3447,660252,-1,76,4,-1,-1,-1,-1,-1,-1,16,2,83,-1,-1,-1,-1,,,,,
3448,660372,-1,65,1,-1,-1,-1,-1,-1,-1,22,1,87,-1,-1,-1,-1,,,,,
3449,660411,-1,23,4,-1,-1,-1,-1,-1,-1,16,2,83,-1,-1,-1,-1,,,,,
3450,660448,-1,87,4,-1,-1,-1,-1,-1,-1,16,2,83,-1,-1,-1,-1,,,,,
3451,660452,-1,17,1,-1,-1,-1,-1,-1,-1,4,1,4,-1,-1,-1,-1,,,,,
3452,660705,-1,13,1,-1,-1,-1,-1,-1,-1,4,1,4,-1,-1,-1,-1,,,,,
3453,660801,-1,58,4,-1,-1,-1,-1,-1,-1,16,2,85,-1,-1,-1,-1,,,,,
3454,660822,-1,15,1,-1,-1,-1,-1,-1,-1,4,1,4,-1,-1,-1,-1,,,,,
3455,660961,-1,476,64,-1,-1,-1,-1,-1,-1,4,1,3,-1,-1,-1,-1,,,,,
3456,661240,-1,60,4,-1,-1,-1,-1,-1,-1,16,2,85,-1,-1,-1,-1,,,,,
3457,661314,-1,18,1,-1,-1,-1,-1,-1,-1,4,1,4,-1,-1,-1,-1,,,,,
3458,661385,-1,46,4,-1,-1,-1,-1,-1,-1,16,2,85,-1,-1,-1,-1,,,,,
3459,661513,-1,1102,64,-1,-1,-1,-1,-1,-1,4,1,3,-1,-1,-1,-1,,,,,
3460,661672,-1,121,4,-1,-1,-1,-1,-1,-1,16,2,83,-1,-1,-1,-1,,,,,
3461,661681,-1,67,4,-1,-1,-1,-1,-1,-1,16,2,85,-1,-1,-1,-1,,,,,
3462,661883,-1,13,1,-1,-1,-1,-1,-1,-1,4,1,4,-1,-1,-1,-1,,,,,
3463,662266,-1,13,1,-1,-1,-1,-1,-1,-1,4,1,4,-1,-1,-1,-1,,,,,
3464,662436,-1,11,1,-1,-1,-1,-1,-1,-1,4,1,4,-1,-1,-1,-1,,,,,
3465,662618,-1,626,1,-1,-1,-1,-1,-1,-1,4,1,4,-1,-1,-1,-1,,,,,
3466,662653,-1,24,4,-1,-1,-1,-1,-1,-1,16,2,85,-1,-1,-1,-1,,,,,
3467,662689,-1,26,4,-1,-1,-1,-1,-1,-1,16,2,85,-1,-1,-1,-1,,,,,
3468,662736,-1,24,4,-1,-1,-1,-1,-1,-1,16,2,85,-1,-1,-1,-1,,,,,
3469,662784,-1,26,4,-1,-1,-1,-1,-1,-1,16,2,85,-1,-1,-1,-1,,,,,
3470,663028,-1,25,4,-1,-1,-1,-1,-1,-1,16,2,85,-1,-1,-1,-1,,,,,
3471,663066,-1,28,4,-1,-1,-1,-1,-1,-1,16,2,85,-1,-1,-1,-1,,,,,
3472,663189,-1,24,4,-1,-1,-1,-1,-1,-1,16,2,85,-1,-1,-1,-1,,,,,
3473,663235,-1,201,64,-1,-1,-1,-1,-1,-1,4,1,3,-1,-1,-1,-1,,,,,
3474,663256,-1,30,4,-1,-1,-1,-1,-1,-1,16,2,85,-1,-1,-1,-1,,,,,
3475,663341,-1,60,1,-1,-1,-1,-1,-1,-1,12,2,1,-1,-1,-1,-1,,,,,
3476,663436,-1,0,4,-1,-1,-1,-1,-1,-1,16,2,85,-1,-1,-1,-1,,,,,
3477,664055,-1,23703,4,-1,-1,-1,-1,-1,-1,15,1,19,-1,-1,-1,-1,,,,,
3478,664070,-1,1140,64,-1,-1,-1,-1,-1,-1,4,1,3,-1,-1,-1,-1,,,,,
3479,664087,-1,23675,2,-1,-1,-1,-1,-1,-1,15,1,20,-1,-1,-1,-1,,,,,
3480,664133,-1,36,1,-1,-1,-1,-1,-1,-1,4,1,4,-1,-1,-1,-1,,,,,
3481,664473,-1,15,1,-1,-1,-1,-1,-1,-1,4,1,4,-1,-1,-1,-1,,,,,
3482,664687,-1,90,2,-1,-1,-1,-1,-1,-1,12,2,49,-1,-1,-1,-1,,,,,
3483,664691,-1,84,4,-1,-1,-1,-1,-1,-1,16,2,85,-1,-1,-1,-1,,,,,
3484,664698,-1,106,4,-1,-1,-1,-1,-1,-1,16,2,83,-1,-1,-1,-1,,,,,
3485,664720,-1,58,2,-1,-1,-1,-1,-1,-1,12,2,50,-1,-1,-1,-1,,,,,
3486,664860,-1,71,2,-1,-1,-1,-1,-1,-1,12,2,49,-1,-1,-1,-1,,,,,
3487,664882,-1,49,2,-1,-1,-1,-1,-1,-1,12,2,50,-1,-1,-1,-1,,,,,
3488,664894,-1,16,1,-1,-1,-1,-1,-1,-1,4,1,4,-1,-1,-1,-1,,,,,
3489,664904,-1,28,2,-1,-1,-1,-1,-1,-1,12,2,51,-1,-1,-1,-1,,,,,
3490,664927,-1,29,2,-1,-1,-1,-1,-1,-1,12,2,55,-1,-1,-1,-1,,,,,
3491,664941,-1,319,2,-1,-1,-1,-1,-1,-1,12,2,49,-1,-1,-1,-1,,,,,
3492,664964,-1,297,2,-1,-1,-1,-1,-1,-1,12,2,50,-1,-1,-1,-1,,,,,
3493,664986,-1,275,2,-1,-1,-1,-1,-1,-1,12,2,51,-1,-1,-1,-1,,,,,
3494,665044,-1,94,4,-1,-1,-1,-1,-1,-1,16,2,83,-1,-1,-1,-1,,,,,
3495,665214,-1,25,1,-1,-1,-1,-1,-1,-1,4,1,2,-1,-1,-1,-1,,,,,
3496,665215,-1,26,1,-1,-1,-1,-1,-1,-1,4,1,4,-1,-1,-1,-1,,,,,
3497,665319,-1,1084,64,-1,-1,-1,-1,-1,-1,4,1,3,-1,-1,-1,-1,,,,,
3498,665335,-1,487,2,-1,-1,-1,-1,-1,-1,12,2,49,-1,-1,-1,-1,,,,,
3499,665363,-1,73,16,-1,-1,-1,-1,-1,-1,29,1,75,-1,-1,-1,-1,,,,,
3500,665367,-1,457,2,-1,-1,-1,-1,-1,-1,12,2,50,-1,-1,-1,-1,,,,,
3501,665745,-1,16,1,-1,-1,-1,-1,-1,-1,4,1,4,-1,-1,-1,-1,,,,,
3502,665773,-1,52,4,-1,-1,-1,-1,-1,-1,16,2,85,-1,-1,-1,-1,,,,,
3503,665844,-1,76,4,-1,-1,-1,-1,-1,-1,16,2,85,-1,-1,-1,-1,,,,,
3504,665870,-1,80,16,-1,-1,-1,-1,-1,-1,29,1,75,-1,-1,-1,-1,,,,,
3505,665879,-1,86,16,-1,-1,-1,-1,-1,-1,29,1,75,-1,-1,-1,-1,,,,,
3506,665886,-1,68,16,-1,-1,-1,-1,-1,-1,29,1,75,-1,-1,-1,-1,,,,,
3507,666095,-1,86,4,-1,-1,-1,-1,-1,-1,16,2,83,-1,-1,-1,-1,,,,,
3508,666116,-1,25,1,-1,-1,-1,-1,-1,-1,4,1,4,-1,-1,-1,-1,,,,,
3509,666301,-1,15,1,-1,-1,-1,-1,-1,-1,4,1,4,-1,-1,-1,-1,,,,,
3510,666457,-1,317,64,-1,-1,-1,-1,-1,-1,4,1,3,-1,-1,-1,-1,,,,,
3511,666778,-1,23,1,-1,-1,-1,-1,-1,-1,4,1,4,-1,-1,-1,-1,,,,,
3512,668874,-1,83,16,-1,-1,-1,-1,-1,-1,29,1,75,-1,-1,-1,-1,,,,,
3513,669224,-1,83,16,-1,-1,-1,-1,-1,-1,29,1,75,-1,-1,-1,-1,,,,,
3514,669227,-1,78,16,-1,-1,-1,-1,-1,-1,29,1,75,-1,-1,-1,-1,,,,,
3515,669230,-1,72,16,-1,-1,-1,-1,-1,-1,29,1,75,-1,-1,-1,-1,,,,,
3516,669643,-1,88,16,-1,-1,-1,-1,-1,-1,29,1,75,-1,-1,-1,-1,,,,,
3517,669646,-1,87,16,-1,-1,-1,-1,-1,-1,29,1,75,-1,-1,-1,-1,,,,,
3518,669649,-1,73,16,-1,-1,-1,-1,-1,-1,29,1,75,-1,-1,-1,-1,,,,,
3519,669875,-1,225,2,-1,-1,-1,-1,-1,-1,12,2,90,-1,-1,-1,-1,,,,,
3520,669898,-1,202,2,-1,-1,-1,-1,-1,-1,12,2,49,-1,-1,-1,-1,,,,,
3521,669904,-1,16,1,-1,-1,-1,-1,-1,-1,9,2,9,-1,-1,-1,-1,,,,,
3522,670114,-1,53,2,-1,-1,-1,-1,-1,-1,12,2,90,-1,-1,-1,-1,,,,,
3523,670135,-1,33,2,-1,-1,-1,-1,-1,-1,12,2,49,-1,-1,-1,-1,,,,,
3524,670387,-1,88,2,-1,-1,-1,-1,-1,-1,12,2,90,-1,-1,-1,-1,,,,,
3525,670409,-1,66,2,-1,-1,-1,-1,-1,-1,12,2,49,-1,-1,-1,-1,,,,,
3526,670529,-1,260,2,-1,-1,-1,-1,-1,-1,12,2,90,-1,-1,-1,-1,,,,,
3527,670551,-1,238,2,-1,-1,-1,-1,-1,-1,12,2,49,-1,-1,-1,-1,,,,,
3528,670780,-1,5,1,-1,-1,-1,-1,-1,-1,12,2,1,-1,-1,-1,-1,,,,,
3529,670802,-1,80,2,-1,-1,-1,-1,-1,-1,12,2,90,-1,-1,-1,-1,,,,,
3530,670825,-1,57,2,-1,-1,-1,-1,-1,-1,12,2,49,-1,-1,-1,-1,,,,,
3531,670905,-1,176,2,-1,-1,-1,-1,-1,-1,12,2,90,-1,-1,-1,-1,,,,,
3532,670927,-1,155,2,-1,-1,-1,-1,-1,-1,12,2,49,-1,-1,-1,-1,,,,,
3533,670949,-1,133,2,-1,-1,-1,-1,-1,-1,12,2,50,-1,-1,-1,-1,,,,,
3534,670971,-1,112,2,-1,-1,-1,-1,-1,-1,12,2,51,-1,-1,-1,-1,,,,,
3535,671100,-1,28,2,-1,-1,-1,-1,-1,-1,12,2,90,-1,-1,-1,-1,,,,,
3536,671122,-1,65,2,-1,-1,-1,-1,-1,-1,12,2,49,-1,-1,-1,-1,,,,,
3537,671144,-1,43,2,-1,-1,-1,-1,-1,-1,12,2,50,-1,-1,-1,-1,,,,,
3538,671166,-1,21,2,-1,-1,-1,-1,-1,-1,12,2,51,-1,-1,-1,-1,,,,,
3539,671489,-1,385,2,-1,-1,-1,-1,-1,-1,12,2,90,-1,-1,-1,-1,,,,,
3540,671511,-1,363,2,-1,-1,-1,-1,-1,-1,12,2,49,-1,-1,-1,-1,,,,,
3541,671533,-1,342,2,-1,-1,-1,-1,-1,-1,12,2,50,-1,-1,-1,-1,,,,,
3542,671555,-1,320,2,-1,-1,-1,-1,-1,-1,12,2,51,-1,-1,-1,-1,,,,,
3543,671667,-1,29,16,-1,-1,-1,-1,-1,-1,29,1,75,-1,-1,-1,-1,,,,,
3544,671671,-1,21,16,-1,-1,-1,-1,-1,-1,29,1,75,-1,-1,-1,-1,,,,,
3545,671675,-1,20,16,-1,-1,-1,-1,-1,-1,29,1,75,-1,-1,-1,-1,,,,,
3546,671719,-1,71,16,-1,-1,-1,-1,-1,-1,29,1,75,-1,-1,-1,-1,,,,,
3547,671723,-1,68,16,-1,-1,-1,-1,-1,-1,29,1,75,-1,-1,-1,-1,,,,,
3548,671727,-1,96,16,-1,-1,-1,-1,-1,-1,29,1,75,-1,-1,-1,-1,,,,,
3549,672104,-1,53,2,-1,-1,-1,-1,-1,-1,12,2,90,-1,-1,-1,-1,,,,,
3550,672107,-1,51,2,-1,-1,-1,-1,-1,-1,12,2,49,-1,-1,-1,-1,,,,,
3551,672110,-1,52,2,-1,-1,-1,-1,-1,-1,12,2,50,-1,-1,-1,-1,,,,,
3552,672114,-1,51,2,-1,-1,-1,-1,-1,-1,12,2,51,-1,-1,-1,-1,,,,,
3553,672121,-1,16,1,-1,-1,-1,-1,-1,-1,12,2,1,-1,-1,-1,-1,,,,,
3554,672185,-1,89,16,-1,-1,-1,-1,-1,-1,29,1,75,-1,-1,-1,-1,,,,,
3555,672189,-1,95,16,-1,-1,-1,-1,-1,-1,29,1,75,-1,-1,-1,-1,,,,,
3556,672193,-1,89,16,-1,-1,-1,-1,-1,-1,29,1,75,-1,-1,-1,-1,,,,,
3557,672313,-1,55,2,-1,-1,-1,-1,-1,-1,12,2,90,-1,-1,-1,-1,,,,,
3558,672316,-1,52,2,-1,-1,-1,-1,-1,-1,12,2,49,-1,-1,-1,-1,,,,,
3559,672317,-1,52,2,-1,-1,-1,-1,-1,-1,12,2,50,-1,-1,-1,-1,,,,,
3560,672320,-1,49,2,-1,-1,-1,-1,-1,-1,12,2,51,-1,-1,-1,-1,,,,,
3561,672579,-1,41,2,-1,-1,-1,-1,-1,-1,12,2,90,-1,-1,-1,-1,,,,,
3562,672583,-1,38,2,-1,-1,-1,-1,-1,-1,12,2,49,-1,-1,-1,-1,,,,,
3563,672585,-1,37,2,-1,-1,-1,-1,-1,-1,12,2,50,-1,-1,-1,-1,,,,,
3564,672587,-1,33,2,-1,-1,-1,-1,-1,-1,12,2,51,-1,-1,-1,-1,,,,,
3565,672636,-1,282,16,-1,-1,-1,-1,-1,-1,29,1,75,-1,-1,-1,-1,,,,,
3566,672806,-1,70,2,-1,-1,-1,-1,-1,-1,12,2,90,-1,-1,-1,-1,,,,,
3567,672809,-1,69,2,-1,-1,-1,-1,-1,-1,12,2,49,-1,-1,-1,-1,,,,,
3568,672811,-1,70,2,-1,-1,-1,-1,-1,-1,12,2,50,-1,-1,-1,-1,,,,,
3569,672813,-1,71,2,-1,-1,-1,-1,-1,-1,12,2,51,-1,-1,-1,-1,,,,,
3570,672922,-1,53,16,-1,-1,-1,-1,-1,-1,29,1,75,-1,-1,-1,-1,,,,,
3571,673019,-1,90,16,-1,-1,-1,-1,-1,-1,29,1,75,-1,-1,-1,-1,,,,,
3572,673025,-1,166,16,-1,-1,-1,-1,-1,-1,29,1,75,-1,-1,-1,-1,,,,,
3573,673027,-1,88,16,-1,-1,-1,-1,-1,-1,29,1,75,-1,-1,-1,-1,,,,,
3574,673195,-1,63,16,-1,-1,-1,-1,-1,-1,29,1,75,-1,-1,-1,-1,,,,,
3575,673444,-1,109,16,-1,-1,-1,-1,-1,-1,29,1,75,-1,-1,-1,-1,,,,,
3576,673455,-1,92,16,-1,-1,-1,-1,-1,-1,29,1,75,-1,-1,-1,-1,,,,,
3577,673461,-1,89,16,-1,-1,-1,-1,-1,-1,29,1,75,-1,-1,-1,-1,,,,,
3578,673570,-1,43,2,-1,-1,-1,-1,-1,-1,12,2,90,-1,-1,-1,-1,,,,,
3579,673573,-1,42,2,-1,-1,-1,-1,-1,-1,12,2,49,-1,-1,-1,-1,,,,,
3580,673574,-1,44,2,-1,-1,-1,-1,-1,-1,12,2,50,-1,-1,-1,-1,,,,,
3581,673577,-1,45,2,-1,-1,-1,-1,-1,-1,12,2,51,-1,-1,-1,-1,,,,,
3582,673708,-1,91,16,-1,-1,-1,-1,-1,-1,29,1,75,-1,-1,-1,-1,,,,,
3583,673712,-1,91,16,-1,-1,-1,-1,-1,-1,29,1,75,-1,-1,-1,-1,,,,,
3584,673715,-1,89,16,-1,-1,-1,-1,-1,-1,29,1,75,-1,-1,-1,-1,,,,,
3585,673730,-1,98,2,-1,-1,-1,-1,-1,-1,12,2,90,-1,-1,-1,-1,,,,,
3586,673733,-1,97,2,-1,-1,-1,-1,-1,-1,12,2,49,-1,-1,-1,-1,,,,,
3587,673736,-1,98,2,-1,-1,-1,-1,-1,-1,12,2,50,-1,-1,-1,-1,,,,,
3588,673740,-1,96,2,-1,-1,-1,-1,-1,-1,12,2,51,-1,-1,-1,-1,,,,,
3589,674572,-1,797,16,-1,-1,-1,-1,-1,-1,8,1,8,-1,-1,-1,-1,,,,,
3590,676506,-1,2711,16,-1,-1,-1,-1,-1,-1,8,1,8,-1,-1,-1,-1,,,,,
3591,676819,-1,10929,16,-1,-1,-1,-1,-1,-1,28,1,-1,-1,-1,-1,-1,,,,,
3592,676823,-1,9450,64,-1,-1,-1,-1,-1,-1,4,1,-1,-1,-1,-1,-1,,,,,
3593,687276,-1,162,64,-1,-1,-1,-1,-1,-1,12,2,14,-1,-1,-1,-1,,,,,
3594,687765,-1,9803,128,-1,-1,-1,-1,-1,-1,2,1,-1,-1,-1,-1,-1,,,,,
3595,697577,-1,9527,16,-1,-1,-1,-1,-1,-1,8,1,-1,-1,-1,-1,-1,,,,,
3596,697579,-1,9405,64,-1,-1,-1,-1,-1,-1,4,1,-1,-1,-1,-1,-1,,,,,
3601,723899,-1,13,1,-1,-1,-1,-1,-1,-1,9,2,9,-1,-1,-1,-1,,,,,
3608,724938,-1,1935,64,-1,-1,-1,-1,-1,-1,4,1,3,-1,-1,-1,-1,,,,,
3613,725672,-1,17,1,-1,-1,-1,-1,-1,-1,4,1,4,-1,-1,-1,-1,,,,,
3616,725836,-1,13,1,-1,-1,-1,-1,-1,-1,4,1,2,-1,-1,-1,-1,,,,,
3617,726049,-1,14,1,-1,-1,-1,-1,-1,-1,4,1,4,-1,-1,-1,-1,,,,,
3620,726769,-1,14,1,-1,-1,-1,-1,-1,-1,4,1,4,-1,-1,-1,-1,,,,,
3621,726876,-1,17,1,-1,-1,-1,-1,-1,-1,4,1,4,-1,-1,-1,-1,,,,,
3628,728447,-1,748,64,-1,-1,-1,-1,-1,-1,4,1,3,-1,-1,-1,-1,,,,,
3634,729069,-1,16,1,-1,-1,-1,-1,-1,-1,4,1,4,-1,-1,-1,-1,,,,,
3636,729197,-1,12,1,-1,-1,-1,-1,-1,-1,4,1,4,-1,-1,-1,-1,,,,,
3637,729586,-1,6091,64,-1,-1,-1,-1,-1,-1,4,1,3,-1,-1,-1,-1,,,,,
3640,730152,-1,13,1,-1,-1,-1,-1,-1,-1,4,1,4,-1,-1,-1,-1,,,,,
3647,731307,-1,13,1,-1,-1,-1,-1,-1,-1,4,1,4,-1,-1,-1,-1,,,,,
3654,732468,-1,14,1,-1,-1,-1,-1,-1,-1,4,1,4,-1,-1,-1,-1,,,,,
3657,733193,-1,33,1,-1,-1,-1,-1,-1,-1,4,1,4,-1,-1,-1,-1,,,,,
3658,733432,-1,13,1,-1,-1,-1,-1,-1,-1,4,1,4,-1,-1,-1,-1,,,,,
3659,733510,-1,163,64,-1,-1,-1,-1,-1,-1,12,2,14,-1,-1,-1,-1,,,,,
3660,733796,-1,16,1,-1,-1,-1,-1,-1,-1,4,1,4,-1,-1,-1,-1,,,,,
3668,735422,-1,14,1,-1,-1,-1,-1,-1,-1,4,1,4,-1,-1,-1,-1,,,,,
3669,735681,-1,11,1,-1,-1,-1,-1,-1,-1,4,1,4,-1,-1,-1,-1,,,,,
3671,735764,-1,2519,64,-1,-1,-1,-1,-1,-1,4,1,3,-1,-1,-1,-1,,,,,
3672,736136,-1,23,1,-1,-1,-1,-1,-1,-1,4,1,4,-1,-1,-1,-1,,,,,
3675,736539,-1,14,1,-1,-1,-1,-1,-1,-1,4,1,4,-1,-1,-1,-1,,,,,
3680,736903,-1,15,1,-1,-1,-1,-1,-1,-1,4,1,4,-1,-1,-1,-1,,,,,
3683,737733,-1,19,1,-1,-1,-1,-1,-1,-1,4,1,4,-1,-1,-1,-1,,,,,
3687,738243,-1,25,1,-1,-1,-1,-1,-1,-1,4,1,4,-1,-1,-1,-1,,,,,
3689,738345,-1,1099,64,-1,-1,-1,-1,-1,-1,4,1,3,-1,-1,-1,-1,,,,,
3692,739447,-1,13,1,-1,-1,-1,-1,-1,-1,4,1,4,-1,-1,-1,-1,,,,,
3694,739786,-1,10,1,-1,-1,-1,-1,-1,-1,4,1,2,-1,-1,-1,-1,,,,,
3695,739803,-1,1116,64,-1,-1,-1,-1,-1,-1,4,1,3,-1,-1,-1,-1,,,,,
3701,740921,-1,11,1,-1,-1,-1,-1,-1,-1,4,1,4,-1,-1,-1,-1,,,,,
3703,741163,-1,1087,64,-1,-1,-1,-1,-1,-1,4,1,3,-1,-1,-1,-1,,,,,
3709,742253,-1,16,1,-1,-1,-1,-1,-1,-1,4,1,4,-1,-1,-1,-1,,,,,
3711,742357,-1,1084,64,-1,-1,-1,-1,-1,-1,4,1,3,-1,-1,-1,-1,,,,,
3716,743259,-1,15,1,-1,-1,-1,-1,-1,-1,4,1,2,-1,-1,-1,-1,,,,,
3719,743443,-1,11,1,-1,-1,-1,-1,-1,-1,4,1,4,-1,-1,-1,-1,,,,,
3720,743829,-1,11,1,-1,-1,-1,-1,-1,-1,4,1,2,-1,-1,-1,-1,,,,,
3728,745059,-1,1078,64,-1,-1,-1,-1,-1,-1,4,1,3,-1,-1,-1,-1,,,,,
3729,745410,-1,17,1,-1,-1,-1,-1,-1,-1,4,1,4,-1,-1,-1,-1,,,,,
3731,745631,-1,11,1,-1,-1,-1,-1,-1,-1,4,1,4,-1,-1,-1,-1,,,,,
3733,746140,-1,11,1,-1,-1,-1,-1,-1,-1,4,1,4,-1,-1,-1,-1,,,,,
3735,746213,-1,20,1,-1,-1,-1,-1,-1,-1,4,1,2,-1,-1,-1,-1,,,,,
3738,746344,-1,394,64,-1,-1,-1,-1,-1,-1,4,1,3,-1,-1,-1,-1,,,,,
3741,746748,-1,28,1,-1,-1,-1,-1,-1,-1,4,1,4,-1,-1,-1,-1,,,,,
3742,746810,-1,1106,64,-1,-1,-1,-1,-1,-1,4,1,3,-1,-1,-1,-1,,,,,
3743,747870,-1,5,1,-1,-1,-1,-1,-1,-1,2,1,9,-1,-1,-1,-1,,,,,
3744,747919,-1,12,1,-1,-1,-1,-1,-1,-1,4,1,4,-1,-1,-1,-1,,,,,
3745,756303,-1,15,1,-1,-1,-1,-1,-1,-1,9,2,9,-1,-1,-1,-1,,,,,
3746,756901,-1,25,1,-1,-1,-1,-1,-1,-1,15,1,12,-1,-1,-1,-1,,,,,
3747,756986,-1,15592,4,-1,-1,-1,-1,-1,-1,15,1,19,-1,-1,-1,-1,,,,,
3748,757013,-1,15568,2,-1,-1,-1,-1,-1,-1,15,1,20,-1,-1,-1,-1,,,,,
3749,757574,-1,29,1,-1,-1,-1,-1,-1,-1,12,2,1,-1,-1,-1,-1,,,,,
3750,763206,-1,9367,64,-1,-1,-1,-1,-1,-1,4,1,-1,-1,-1,-1,-1,,,,,
3751,768183,-1,69,32,-1,-1,-1,-1,-1,-1,14,2,26,-1,-1,-1,-1,,,,,
3753,772584,-1,9713,128,-1,-1,-1,-1,-1,-1,2,1,-1,-1,-1,-1,-1,,,,,
3754,782303,-1,9325,64,-1,-1,-1,-1,-1,-1,4,1,-1,-1,-1,-1,-1,,,,,
3846,804221,-1,12,1,-1,-1,-1,-1,-1,-1,4,1,2,-1,-1,-1,-1,,,,,
3847,806963,-1,76,4,-1,-1,-1,-1,-1,-1,16,2,85,-1,-1,-1,-1,,,,,
3849,807236,-1,78,4,-1,-1,-1,-1,-1,-1,16,2,83,-1,-1,-1,-1,,,,,
3851,807809,-1,72,4,-1,-1,-1,-1,-1,-1,16,2,83,-1,-1,-1,-1,,,,,
3852,807828,-1,81,4,-1,-1,-1,-1,-1,-1,16,2,85,-1,-1,-1,-1,,,,,
3853,808070,-1,69,4,-1,-1,-1,-1,-1,-1,16,2,83,-1,-1,-1,-1,,,,,
3854,808089,-1,81,4,-1,-1,-1,-1,-1,-1,16,2,85,-1,-1,-1,-1,,,,,
3856,808245,-1,117,4,-1,-1,-1,-1,-1,-1,16,2,83,-1,-1,-1,-1,,,,,
3857,808306,-1,139,4,-1,-1,-1,-1,-1,-1,16,2,85,-1,-1,-1,-1,,,,,
3861,808651,-1,38,4,-1,-1,-1,-1,-1,-1,16,2,83,-1,-1,-1,-1,,,,,
3864,808852,-1,34,4,-1,-1,-1,-1,-1,-1,16,2,83,-1,-1,-1,-1,,,,,
3872,810300,-1,9,1,-1,-1,-1,-1,-1,-1,9,2,9,-1,-1,-1,-1,,,,,
3874,811176,-1,102,128,-1,-1,-1,-1,-1,-1,12,2,14,-1,-1,-1,-1,,,,,
3875,811346,-1,61,64,-1,-1,-1,-1,-1,-1,14,2,91,-1,-1,-1,-1,,,,,
3876,811357,-1,56,32,-1,-1,-1,-1,-1,-1,14,2,92,-1,-1,-1,-1,,,,,
3877,811368,-1,54,16,-1,-1,-1,-1,-1,-1,14,2,93,-1,-1,-1,-1,,,,,
3878,811399,-1,70,16,-1,-1,-1,-1,-1,-1,14,2,26,-1,-1,-1,-1,,,,,
3879,811514,-1,16,1,-1,-1,-1,-1,-1,-1,12,2,1,-1,-1,-1,-1,,,,,
3882,811604,-1,15,1,-1,-1,-1,-1,-1,-1,12,2,1,-1,-1,-1,-1,,,,,
3883,811654,-1,22,1,-1,-1,-1,-1,-1,-1,12,2,1,-1,-1,-1,-1,,,,,
3886,811721,-1,21,1,-1,-1,-1,-1,-1,-1,12,2,1,-1,-1,-1,-1,,,,,
3896,813995,-1,29,4,-1,-1,-1,-1,-1,-1,16,2,83,-1,-1,-1,-1,,,,,
3897,814281,-1,31,4,-1,-1,-1,-1,-1,-1,16,2,83,-1,-1,-1,-1,,,,,
3899,814389,-1,36,4,-1,-1,-1,-1,-1,-1,16,2,83,-1,-1,-1,-1,,,,,
3900,814509,-1,54,128,-1,-1,-1,-1,-1,-1,16,2,83,-1,-1,-1,-1,,,,,
3906,814943,-1,51,128,-1,-1,-1,-1,-1,-1,16,2,83,-1,-1,-1,-1,,,,,
3908,815412,-1,53,128,-1,-1,-1,-1,-1,-1,16,2,83,-1,-1,-1,-1,,,,,
3909,815543,-1,47,128,-1,-1,-1,-1,-1,-1,16,2,83,-1,-1,-1,-1,,,,,
3911,815925,-1,49,128,-1,-1,-1,-1,-1,-1,16,2,83,-1,-1,-1,-1,,,,,
3917,816449,-1,44,128,-1,-1,-1,-1,-1,-1,16,2,83,-1,-1,-1,-1,,,,,
3918,816817,-1,63,128,-1,-1,-1,-1,-1,-1,16,2,83,-1,-1,-1,-1,,,,,
3919,816975,-1,293,128,-1,-1,-1,-1,-1,-1,16,2,83,-1,-1,-1,-1,,,,,
3935,820405,-1,97,128,-1,-1,-1,-1,-1,-1,12,2,14,-1,-1,-1,-1,,,,,
3936,820552,-1,83,2,-1,-1,-1,-1,-1,-1,12,2,94,-1,-1,-1,-1,,,,,
3937,820553,-1,83,2,-1,-1,-1,-1,-1,-1,12,2,95,-1,-1,-1,-1,,,,,
3938,820555,-1,82,2,-1,-1,-1,-1,-1,-1,12,2,96,-1,-1,-1,-1,,,,,
3939,820558,-1,81,2,-1,-1,-1,-1,-1,-1,12,2,97,-1,-1,-1,-1,,,,,
3940,820564,-1,76,2,-1,-1,-1,-1,-1,-1,12,2,98,-1,-1,-1,-1,,,,,
3941,820566,-1,76,2,-1,-1,-1,-1,-1,-1,12,2,99,-1,-1,-1,-1,,,,,
3942,820653,-1,108,2,-1,-1,-1,-1,-1,-1,12,2,94,-1,-1,-1,-1,,,,,
3943,820661,-1,101,2,-1,-1,-1,-1,-1,-1,12,2,95,-1,-1,-1,-1,,,,,
3944,820663,-1,99,2,-1,-1,-1,-1,-1,-1,12,2,96,-1,-1,-1,-1,,,,,
3945,820664,-1,99,2,-1,-1,-1,-1,-1,-1,12,2,97,-1,-1,-1,-1,,,,,
3946,820668,-1,95,2,-1,-1,-1,-1,-1,-1,12,2,98,-1,-1,-1,-1,,,,,
3947,820670,-1,93,2,-1,-1,-1,-1,-1,-1,12,2,99,-1,-1,-1,-1,,,,,
3949,821151,-1,49,2,-1,-1,-1,-1,-1,-1,12,2,94,-1,-1,-1,-1,,,,,
3950,821153,-1,47,2,-1,-1,-1,-1,-1,-1,12,2,95,-1,-1,-1,-1,,,,,
3951,821155,-1,43,2,-1,-1,-1,-1,-1,-1,12,2,96,-1,-1,-1,-1,,,,,
3952,821158,-1,41,2,-1,-1,-1,-1,-1,-1,12,2,97,-1,-1,-1,-1,,,,,
3953,821161,-1,38,2,-1,-1,-1,-1,-1,-1,12,2,98,-1,-1,-1,-1,,,,,
3954,821165,-1,35,2,-1,-1,-1,-1,-1,-1,12,2,99,-1,-1,-1,-1,,,,,
3955,821208,-1,45,2,-1,-1,-1,-1,-1,-1,12,2,94,-1,-1,-1,-1,,,,,
3956,821210,-1,44,2,-1,-1,-1,-1,-1,-1,12,2,95,-1,-1,-1,-1,,,,,
3957,821211,-1,45,2,-1,-1,-1,-1,-1,-1,12,2,96,-1,-1,-1,-1,,,,,
3958,821213,-1,44,2,-1,-1,-1,-1,-1,-1,12,2,97,-1,-1,-1,-1,,,,,
3959,821215,-1,44,2,-1,-1,-1,-1,-1,-1,12,2,98,-1,-1,-1,-1,,,,,
3960,821219,-1,41,2,-1,-1,-1,-1,-1,-1,12,2,99,-1,-1,-1,-1,,,,,
3961,821272,-1,69,2,-1,-1,-1,-1,-1,-1,12,2,94,-1,-1,-1,-1,,,,,
3962,821274,-1,69,2,-1,-1,-1,-1,-1,-1,12,2,95,-1,-1,-1,-1,,,,,
3963,821276,-1,68,2,-1,-1,-1,-1,-1,-1,12,2,96,-1,-1,-1,-1,,,,,
3964,821279,-1,66,2,-1,-1,-1,-1,-1,-1,12,2,97,-1,-1,-1,-1,,,,,
3965,821282,-1,64,2,-1,-1,-1,-1,-1,-1,12,2,98,-1,-1,-1,-1,,,,,
3966,821284,-1,64,2,-1,-1,-1,-1,-1,-1,12,2,99,-1,-1,-1,-1,,,,,
3989,826180,-1,75,16,-1,-1,-1,-1,-1,-1,29,1,80,-1,-1,-1,-1,,,,,
3990,826186,-1,102,16,-1,-1,-1,-1,-1,-1,29,1,80,-1,-1,-1,-1,,,,,
3991,826190,-1,34345,16,-1,-1,-1,-1,-1,-1,29,1,80,-1,-1,-1,-1,,,,,
3992,826393,-1,91,16,-1,-1,-1,-1,-1,-1,29,1,80,-1,-1,-1,-1,,,,,
3994,826954,-1,76,16,-1,-1,-1,-1,-1,-1,29,1,80,-1,-1,-1,-1,,,,,
3995,826958,-1,104,16,-1,-1,-1,-1,-1,-1,29,1,80,-1,-1,-1,-1,,,,,
3996,826963,-1,116,16,-1,-1,-1,-1,-1,-1,29,1,80,-1,-1,-1,-1,,,,,
3997,827095,-1,100,16,-1,-1,-1,-1,-1,-1,29,1,80,-1,-1,-1,-1,,,,,
3998,827099,-1,88,16,-1,-1,-1,-1,-1,-1,29,1,80,-1,-1,-1,-1,,,,,
3999,827104,-1,65,16,-1,-1,-1,-1,-1,-1,29,1,80,-1,-1,-1,-1,,,,,
4004,827978,-1,104,16,-1,-1,-1,-1,-1,-1,29,1,81,-1,-1,-1,-1,,,,,
4005,827983,-1,91,16,-1,-1,-1,-1,-1,-1,29,1,81,-1,-1,-1,-1,,,,,
4006,827987,-1,74,16,-1,-1,-1,-1,-1,-1,29,1,81,-1,-1,-1,-1,,,,,
4011,829056,-1,518,64,-1,-1,-1,-1,-1,-1,4,1,3,-1,-1,-1,-1,,,,,
4014,829576,-1,12,1,-1,-1,-1,-1,-1,-1,4,1,4,-1,-1,-1,-1,,,,,
4015,829659,-1,18,1,-1,-1,-1,-1,-1,-1,4,1,4,-1,-1,-1,-1,,,,,
4016,829713,-1,1074,64,-1,-1,-1,-1,-1,-1,4,1,3,-1,-1,-1,-1,,,,,
4018,829822,-1,29,16,-1,-1,-1,-1,-1,-1,29,1,81,-1,-1,-1,-1,,,,,
4019,829825,-1,98,16,-1,-1,-1,-1,-1,-1,29,1,81,-1,-1,-1,-1,,,,,
4020,829828,-1,80,16,-1,-1,-1,-1,-1,-1,29,1,81,-1,-1,-1,-1,,,,,
4021,830109,-1,14,1,-1,-1,-1,-1,-1,-1,4,1,4,-1,-1,-1,-1,,,,,
4027,830789,-1,15,1,-1,-1,-1,-1,-1,-1,4,1,4,-1,-1,-1,-1,,,,,
4028,831294,-1,313,64,-1,-1,-1,-1,-1,-1,4,1,3,-1,-1,-1,-1,,,,,
4030,831645,-1,197,64,-1,-1,-1,-1,-1,-1,4,1,3,-1,-1,-1,-1,,,,,
4032,831880,-1,173,64,-1,-1,-1,-1,-1,-1,4,1,3,-1,-1,-1,-1,,,,,
4033,832055,-1,9,1,-1,-1,-1,-1,-1,-1,4,1,4,-1,-1,-1,-1,,,,,
4034,832186,-1,87,16,-1,-1,-1,-1,-1,-1,29,1,81,-1,-1,-1,-1,,,,,
4036,832278,-1,106,16,-1,-1,-1,-1,-1,-1,29,1,81,-1,-1,-1,-1,,,,,
4037,832283,-1,88,16,-1,-1,-1,-1,-1,-1,29,1,81,-1,-1,-1,-1,,,,,
4038,832285,-1,79,16,-1,-1,-1,-1,-1,-1,29,1,81,-1,-1,-1,-1,,,,,
4039,832845,-1,177,64,-1,-1,-1,-1,-1,-1,4,1,3,-1,-1,-1,-1,,,,,
4040,833025,-1,13,1,-1,-1,-1,-1,-1,-1,4,1,4,-1,-1,-1,-1,,,,,
4041,834064,-1,1350,64,-1,-1,-1,-1,-1,-1,4,1,3,-1,-1,-1,-1,,,,,
4042,834400,-1,5,1,-1,-1,-1,-1,-1,-1,2,1,9,-1,-1,-1,-1,,,,,
4043,834462,-1,99,16,-1,-1,-1,-1,-1,-1,29,1,81,-1,-1,-1,-1,,,,,
4044,834465,-1,89,16,-1,-1,-1,-1,-1,-1,29,1,81,-1,-1,-1,-1,,,,,
4045,834468,-1,82,16,-1,-1,-1,-1,-1,-1,29,1,81,-1,-1,-1,-1,,,,,
4046,834635,-1,102,16,-1,-1,-1,-1,-1,-1,29,1,81,-1,-1,-1,-1,,,,,
4047,834638,-1,96,16,-1,-1,-1,-1,-1,-1,29,1,81,-1,-1,-1,-1,,,,,
4048,834640,-1,31,16,-1,-1,-1,-1,-1,-1,29,1,81,-1,-1,-1,-1,,,,,
4049,834687,-1,67,16,-1,-1,-1,-1,-1,-1,29,1,81,-1,-1,-1,-1,,,,,
4050,835416,-1,15,1,-1,-1,-1,-1,-1,-1,4,1,4,-1,-1,-1,-1,,,,,
4051,836553,-1,4,1,-1,-1,-1,-1,-1,-1,4,1,2,-1,-1,-1,-1,,,,,
4052,836559,-1,7,1,-1,-1,-1,-1,-1,-1,4,1,2,-1,-1,-1,-1,,,,,
4053,836591,-1,1345,64,-1,-1,-1,-1,-1,-1,4,1,3,-1,-1,-1,-1,,,,,
4054,837266,-1,15,1,-1,-1,-1,-1,-1,-1,4,1,4,-1,-1,-1,-1,,,,,
4055,837938,-1,12,1,-1,-1,-1,-1,-1,-1,4,1,4,-1,-1,-1,-1,,,,,
4056,837992,-1,573,64,-1,-1,-1,-1,-1,-1,4,1,3,-1,-1,-1,-1,,,,,
4057,838002,-1,11,1,-1,-1,-1,-1,-1,-1,4,1,2,-1,-1,-1,-1,,,,,
4058,838591,-1,1348,64,-1,-1,-1,-1,-1,-1,4,1,3,-1,-1,-1,-1,,,,,
4059,839944,-1,13,1,-1,-1,-1,-1,-1,-1,4,1,4,-1,-1,-1,-1,,,,,
4060,839984,-1,9,1,-1,-1,-1,-1,-1,-1,4,1,2,-1,-1,-1,-1,,,,,
4061,840065,-1,189,64,-1,-1,-1,-1,-1,-1,4,1,3,-1,-1,-1,-1,,,,,
4062,840300,-1,145,64,-1,-1,-1,-1,-1,-1,4,1,3,-1,-1,-1,-1,,,,,
4063,840448,-1,12,1,-1,-1,-1,-1,-1,-1,4,1,2,-1,-1,-1,-1,,,,,
4064,840449,-1,23,1,-1,-1,-1,-1,-1,-1,4,1,4,-1,-1,-1,-1,,,,,
4065,842701,-1,10,1,-1,-1,-1,-1,-1,-1,9,2,9,-1,-1,-1,-1,,,,,
4066,849606,-1,10923,64,-1,-1,-1,-1,-1,-1,4,1,-1,-1,-1,-1,-1,,,,,
4067,860539,-1,0,128,-1,-1,-1,-1,-1,-1,2,1,-1,-1,-1,-1,-1,,,,,
4131,889213,-1,24,1,-1,-1,-1,-1,-1,-1,4,1,4,-1,-1,-1,-1,,,,,
4164,896701,-1,9,1,-1,-1,-1,-1,-1,-1,9,2,9,-1,-1,-1,-1,,,,,
4165,896720,-1,18,128,-1,-1,-1,-1,-1,-1,32,1,11,-1,-1,-1,-1,,,,,
4166,896831,-1,348,128,-1,-1,-1,-1,-1,-1,32,1,37,-1,-1,-1,-1,,,,,
4181,900790,-1,54,8,-1,-1,-1,-1,-1,-1,5,2,5,-1,-1,-1,-1,,,,,
4182,900813,-1,9341,16,-1,-1,-1,-1,-1,-1,8,1,8,-1,-1,-1,-1,,,,,
4183,900868,-1,5,1,-1,-1,-1,-1,-1,-1,5,2,9,-1,-1,-1,-1,,,,,
4184,900966,-1,56,16,-1,-1,-1,-1,-1,-1,5,2,5,-1,-1,-1,-1,,,,,
4189,901315,-1,87,16,-1,-1,-1,-1,-1,-1,5,2,11,-1,-1,-1,-1,,,,,
4190,901327,-1,64,8,-1,-1,-1,-1,-1,-1,28,1,67,-1,-1,-1,-1,,,,,
4191,901396,-1,114,8,-1,-1,-1,-1,-1,-1,28,1,67,-1,-1,-1,-1,,,,,
4192,901407,-1,4,1,-1,-1,-1,-1,-1,-1,5,2,12,-1,-1,-1,-1,,,,,
4193,901434,-1,58,1,-1,-1,-1,-1,-1,-1,5,2,12,-1,-1,-1,-1,,,,,
4194,901483,-1,62,1,-1,-1,-1,-1,-1,-1,22,1,53,-1,-1,-1,-1,,,,,
4195,901591,-1,17,1,-1,-1,-1,-1,-1,-1,5,2,9,-1,-1,-1,-1,,,,,
4196,901601,-1,60,2,-1,-1,-1,-1,-1,-1,22,1,53,-1,-1,-1,-1,,,,,
4198,901753,-1,67,4,-1,-1,-1,-1,-1,-1,22,1,53,-1,-1,-1,-1,,,,,
4199,901923,-1,109,8,-1,-1,-1,-1,-1,-1,22,1,53,-1,-1,-1,-1,,,,,
4200,902104,-1,174,16,-1,-1,-1,-1,-1,-1,22,1,53,-1,-1,-1,-1,,,,,
4202,902358,-1,346,32,-1,-1,-1,-1,-1,-1,22,1,53,-1,-1,-1,-1,,,,,
4203,902487,-1,23,1,-1,-1,-1,-1,-1,-1,15,1,12,-1,-1,-1,-1,,,,,
4204,902543,-1,276,1,-1,-1,-1,-1,-1,-1,15,1,12,-1,-1,-1,-1,,,,,
4209,902933,-1,160,64,-1,-1,-1,-1,-1,-1,12,2,14,-1,-1,-1,-1,,,,,
4210,902981,-1,39,1,-1,-1,-1,-1,-1,-1,22,1,100,-1,-1,-1,-1,,,,,
4211,903114,-1,50,2,-1,-1,-1,-1,-1,-1,22,1,100,-1,-1,-1,-1,,,,,
4213,903242,-1,52,4,-1,-1,-1,-1,-1,-1,22,1,100,-1,-1,-1,-1,,,,,
4214,903347,-1,138,64,-1,-1,-1,-1,-1,-1,14,2,26,-1,-1,-1,-1,,,,,
4215,903374,-1,75,8,-1,-1,-1,-1,-1,-1,22,1,100,-1,-1,-1,-1,,,,,
4216,903556,-1,143,16,-1,-1,-1,-1,-1,-1,22,1,100,-1,-1,-1,-1,,,,,
4222,904389,-1,44,1,-1,-1,-1,-1,-1,-1,15,1,9,-1,-1,-1,-1,,,,,
4223,904466,-1,19,1,-1,-1,-1,-1,-1,-1,15,1,12,-1,-1,-1,-1,,,,,
4224,904525,-1,24,1,-1,-1,-1,-1,-1,-1,15,1,12,-1,-1,-1,-1,,,,,
4225,904607,-1,161,4,-1,-1,-1,-1,-1,-1,15,1,19,-1,-1,-1,-1,,,,,
4226,904634,-1,135,2,-1,-1,-1,-1,-1,-1,15,1,20,-1,-1,-1,-1,,,,,
4228,904780,-1,28,1,-1,-1,-1,-1,-1,-1,15,1,9,-1,-1,-1,-1,,,,,
4229,904842,-1,171,4,-1,-1,-1,-1,-1,-1,15,1,19,-1,-1,-1,-1,,,,,
4230,904863,-1,149,2,-1,-1,-1,-1,-1,-1,15,1,20,-1,-1,-1,-1,,,,,
4231,905171,-1,26,1,-1,-1,-1,-1,-1,-1,15,1,9,-1,-1,-1,-1,,,,,
4233,905304,-1,1101,4,-1,-1,-1,-1,-1,-1,15,1,19,-1,-1,-1,-1,,,,,
4234,905325,-1,1082,2,-1,-1,-1,-1,-1,-1,15,1,20,-1,-1,-1,-1,,,,,
4252,909335,-1,37,8,-1,-1,-1,-1,-1,-1,5,2,5,-1,-1,-1,-1,,,,,
4253,909366,-1,5,1,-1,-1,-1,-1,-1,-1,5,2,12,-1,-1,-1,-1,,,,,
4265,911767,-1,105,16,-1,-1,-1,-1,-1,-1,5,2,5,-1,-1,-1,-1,,,,,
4266,911904,-1,85,1,-1,-1,-1,-1,-1,-1,22,1,53,-1,-1,-1,-1,,,,,
4267,911953,-1,67,16,-1,-1,-1,-1,-1,-1,5,2,5,-1,-1,-1,-1,,,,,
4268,912049,-1,66,2,-1,-1,-1,-1,-1,-1,22,1,53,-1,-1,-1,-1,,,,,
4269,912054,-1,29,16,-1,-1,-1,-1,-1,-1,5,2,11,-1,-1,-1,-1,,,,,
4271,912100,-1,2388,16,-1,-1,-1,-1,-1,-1,5,2,11,-1,-1,-1,-1,,,,,
4272,912205,-1,68,4,-1,-1,-1,-1,-1,-1,22,1,53,-1,-1,-1,-1,,,,,
4273,912347,-1,87,8,-1,-1,-1,-1,-1,-1,22,1,53,-1,-1,-1,-1,,,,,
4275,912548,-1,131,16,-1,-1,-1,-1,-1,-1,22,1,53,-1,-1,-1,-1,,,,,
4276,912636,-1,887,4,-1,-1,-1,-1,-1,-1,15,1,19,-1,-1,-1,-1,,,,,
4277,912660,-1,862,2,-1,-1,-1,-1,-1,-1,15,1,20,-1,-1,-1,-1,,,,,
4278,912754,-1,214,32,-1,-1,-1,-1,-1,-1,22,1,53,-1,-1,-1,-1,,,,,
4279,912898,-1,232,8,-1,-1,-1,-1,-1,-1,22,1,53,-1,-1,-1,-1,,,,,
4281,913058,-1,231,32,-1,-1,-1,-1,-1,-1,24,1,101,-1,-1,-1,-1,,,,,
4282,913122,-1,22,1,-1,-1,-1,-1,-1,-1,22,1,100,-1,-1,-1,-1,,,,,
4283,913167,-1,64,1,-1,-1,-1,-1,-1,-1,22,1,100,-1,-1,-1,-1,,,,,
4284,913236,-1,1252,8,-1,-1,-1,-1,-1,-1,22,1,53,-1,-1,-1,-1,,,,,
4286,913302,-1,439,2,-1,-1,-1,-1,-1,-1,22,1,100,-1,-1,-1,-1,,,,,
4289,913540,-1,33,1,-1,-1,-1,-1,-1,-1,15,1,12,-1,-1,-1,-1,,,,,
4290,913764,-1,666,4,-1,-1,-1,-1,-1,-1,15,1,19,-1,-1,-1,-1,,,,,
4291,913779,-1,21,4,-1,-1,-1,-1,-1,-1,22,1,100,-1,-1,-1,-1,,,,,
4292,913787,-1,644,2,-1,-1,-1,-1,-1,-1,15,1,20,-1,-1,-1,-1,,,,,
4293,913800,-1,567,32,-1,-1,-1,-1,-1,-1,24,1,101,-1,-1,-1,-1,,,,,
4294,913869,-1,89,4,-1,-1,-1,-1,-1,-1,22,1,100,-1,-1,-1,-1,,,,,
4296,914289,-1,93,4,-1,-1,-1,-1,-1,-1,22,1,100,-1,-1,-1,-1,,,,,
4298,914435,-1,40,4,-1,-1,-1,-1,-1,-1,15,1,19,-1,-1,-1,-1,,,,,
4299,914488,-1,0,4,-1,-1,-1,-1,-1,-1,15,1,19,-1,-1,-1,-1,,,,,
4300,920930,-1,98,128,-1,-1,-1,-1,-1,-1,12,2,14,-1,-1,-1,-1,,,,,
4301,921476,-1,80,8,-1,-1,-1,-1,-1,-1,22,1,100,-1,-1,-1,-1,,,,,
4302,921673,-1,154,4,-1,-1,-1,-1,-1,-1,15,1,19,-1,-1,-1,-1,,,,,
4303,921679,-1,128,16,-1,-1,-1,-1,-1,-1,22,1,100,-1,-1,-1,-1,,,,,
4304,921717,-1,112,2,-1,-1,-1,-1,-1,-1,15,1,20,-1,-1,-1,-1,,,,,
4305,921903,-1,25049,32,-1,-1,-1,-1,-1,-1,22,1,100,-1,-1,-1,-1,,,,,
4306,922672,-1,125,4,-1,-1,-1,-1,-1,-1,22,1,82,-1,-1,-1,-1,,,,,
4307,922848,-1,129,8,-1,-1,-1,-1,-1,-1,22,1,82,-1,-1,-1,-1,,,,,
4308,923442,-1,163,8,-1,-1,-1,-1,-1,-1,22,1,82,-1,-1,-1,-1,,,,,
4309,924085,-1,16,32,-1,-1,-1,-1,-1,-1,30,1,76,-1,-1,-1,-1,,,,,
4310,924165,-1,1207,1,-1,-1,-1,-1,-1,-1,22,1,82,-1,-1,-1,-1,,,,,
4311,924207,-1,22,1,-1,-1,-1,-1,-1,-1,15,1,102,-1,-1,-1,-1,,,,,
4312,924583,-1,117,2,-1,-1,-1,-1,-1,-1,22,1,103,-1,-1,-1,-1,,,,,
4313,925134,-1,24,1,-1,-1,-1,-1,-1,-1,15,1,12,-1,-1,-1,-1,,,,,
4314,925136,-1,33,1,-1,-1,-1,-1,-1,-1,15,1,12,-1,-1,-1,-1,,,,,
4315,925344,-1,160,4,-1,-1,-1,-1,-1,-1,15,1,19,-1,-1,-1,-1,,,,,
4316,925366,-1,137,2,-1,-1,-1,-1,-1,-1,15,1,20,-1,-1,-1,-1,,,,,
4317,925530,-1,347,4,-1,-1,-1,-1,-1,-1,15,1,19,-1,-1,-1,-1,,,,,
4318,925551,-1,326,2,-1,-1,-1,-1,-1,-1,15,1,20,-1,-1,-1,-1,,,,,
4321,926191,-1,378,4,-1,-1,-1,-1,-1,-1,15,1,19,-1,-1,-1,-1,,,,,
4322,926213,-1,356,2,-1,-1,-1,-1,-1,-1,15,1,20,-1,-1,-1,-1,,,,,
4324,926679,-1,113,4,-1,-1,-1,-1,-1,-1,15,1,19,-1,-1,-1,-1,,,,,
4325,926701,-1,91,2,-1,-1,-1,-1,-1,-1,15,1,20,-1,-1,-1,-1,,,,,
4329,927248,-1,116,4,-1,-1,-1,-1,-1,-1,15,1,19,-1,-1,-1,-1,,,,,
4330,927270,-1,95,2,-1,-1,-1,-1,-1,-1,15,1,20,-1,-1,-1,-1,,,,,
4334,928495,-1,582,4,-1,-1,-1,-1,-1,-1,15,1,19,-1,-1,-1,-1,,,,,
4335,928517,-1,559,2,-1,-1,-1,-1,-1,-1,15,1,20,-1,-1,-1,-1,,,,,
4337,928727,-1,16,1,-1,-1,-1,-1,-1,-1,15,1,102,-1,-1,-1,-1,,,,,
4339,928765,-1,15,1,-1,-1,-1,-1,-1,-1,15,1,102,-1,-1,-1,-1,,,,,
4341,928864,-1,39,1,-1,-1,-1,-1,-1,-1,15,1,9,-1,-1,-1,-1,,,,,
4343,929078,-1,261,4,-1,-1,-1,-1,-1,-1,15,1,19,-1,-1,-1,-1,,,,,
4344,929100,-1,240,2,-1,-1,-1,-1,-1,-1,15,1,20,-1,-1,-1,-1,,,,,
4345,929102,-1,13,1,-1,-1,-1,-1,-1,-1,9,2,9,-1,-1,-1,-1,,,,,
4346,929341,-1,38,4,-1,-1,-1,-1,-1,-1,15,1,19,-1,-1,-1,-1,,,,,
4347,929363,-1,29,2,-1,-1,-1,-1,-1,-1,15,1,20,-1,-1,-1,-1,,,,,
4349,929386,-1,1,4,-1,-1,-1,-1,-1,-1,15,1,19,-1,-1,-1,-1,,,,,
4350,929405,-1,29,4,-1,-1,-1,-1,-1,-1,15,1,19,-1,-1,-1,-1,,,,,
4351,929438,-1,130,4,-1,-1,-1,-1,-1,-1,15,1,19,-1,-1,-1,-1,,,,,
4352,929460,-1,108,2,-1,-1,-1,-1,-1,-1,15,1,20,-1,-1,-1,-1,,,,,
4380,935834,-1,128,4,-1,-1,-1,-1,-1,-1,15,1,19,-1,-1,-1,-1,,,,,
4381,935856,-1,105,2,-1,-1,-1,-1,-1,-1,15,1,20,-1,-1,-1,-1,,,,,
4383,936009,-1,10923,16,-1,-1,-1,-1,-1,-1,8,1,-1,-1,-1,-1,-1,,,,,
4384,936138,-1,417,4,-1,-1,-1,-1,-1,-1,15,1,19,-1,-1,-1,-1,,,,,
4385,936159,-1,396,2,-1,-1,-1,-1,-1,-1,15,1,20,-1,-1,-1,-1,,,,,
4398,938265,-1,264,4,-1,-1,-1,-1,-1,-1,15,1,19,-1,-1,-1,-1,,,,,
4399,938286,-1,242,2,-1,-1,-1,-1,-1,-1,15,1,20,-1,-1,-1,-1,,,,,
4401,938571,-1,191,4,-1,-1,-1,-1,-1,-1,15,1,19,-1,-1,-1,-1,,,,,
4402,938592,-1,171,2,-1,-1,-1,-1,-1,-1,15,1,20,-1,-1,-1,-1,,,,,
4403,938765,-1,231,4,-1,-1,-1,-1,-1,-1,15,1,19,-1,-1,-1,-1,,,,,
4404,938786,-1,212,2,-1,-1,-1,-1,-1,-1,15,1,20,-1,-1,-1,-1,,,,,
4406,939000,-1,298,4,-1,-1,-1,-1,-1,-1,15,1,19,-1,-1,-1,-1,,,,,
4407,939023,-1,276,2,-1,-1,-1,-1,-1,-1,15,1,20,-1,-1,-1,-1,,,,,
4408,939301,-1,367,4,-1,-1,-1,-1,-1,-1,15,1,19,-1,-1,-1,-1,,,,,
4409,939323,-1,345,2,-1,-1,-1,-1,-1,-1,15,1,20,-1,-1,-1,-1,,,,,
4415,939677,-1,317,4,-1,-1,-1,-1,-1,-1,15,1,19,-1,-1,-1,-1,,,,,
4416,939698,-1,295,2,-1,-1,-1,-1,-1,-1,15,1,20,-1,-1,-1,-1,,,,,
4417,939995,-1,352,4,-1,-1,-1,-1,-1,-1,15,1,19,-1,-1,-1,-1,,,,,
4418,940021,-1,326,2,-1,-1,-1,-1,-1,-1,15,1,20,-1,-1,-1,-1,,,,,
4420,940348,-1,341,4,-1,-1,-1,-1,-1,-1,15,1,19,-1,-1,-1,-1,,,,,
4421,940370,-1,319,2,-1,-1,-1,-1,-1,-1,15,1,20,-1,-1,-1,-1,,,,,
4423,940690,-1,262,4,-1,-1,-1,-1,-1,-1,15,1,19,-1,-1,-1,-1,,,,,
4424,940711,-1,241,2,-1,-1,-1,-1,-1,-1,15,1,20,-1,-1,-1,-1,,,,,
4425,940732,-1,16,32,-1,-1,-1,-1,-1,-1,30,1,76,-1,-1,-1,-1,,,,,
4426,940760,-1,17,32,-1,-1,-1,-1,-1,-1,30,1,76,-1,-1,-1,-1,,,,,
4427,940953,-1,35,4,-1,-1,-1,-1,-1,-1,15,1,19,-1,-1,-1,-1,,,,,
4428,940986,-1,21,2,-1,-1,-1,-1,-1,-1,15,1,20,-1,-1,-1,-1,,,,,
4433,941335,-1,297,4,-1,-1,-1,-1,-1,-1,15,1,19,-1,-1,-1,-1,,,,,
4434,941356,-1,276,2,-1,-1,-1,-1,-1,-1,15,1,20,-1,-1,-1,-1,,,,,
4435,941634,-1,219,4,-1,-1,-1,-1,-1,-1,15,1,19,-1,-1,-1,-1,,,,,
4436,941655,-1,198,2,-1,-1,-1,-1,-1,-1,15,1,20,-1,-1,-1,-1,,,,,
4438,941855,-1,427,4,-1,-1,-1,-1,-1,-1,15,1,19,-1,-1,-1,-1,,,,,
4439,941876,-1,406,2,-1,-1,-1,-1,-1,-1,15,1,20,-1,-1,-1,-1,,,,,
4441,942283,-1,313,4,-1,-1,-1,-1,-1,-1,15,1,19,-1,-1,-1,-1,,,,,
4442,942304,-1,292,2,-1,-1,-1,-1,-1,-1,15,1,20,-1,-1,-1,-1,,,,,
4445,942600,-1,352,4,-1,-1,-1,-1,-1,-1,15,1,19,-1,-1,-1,-1,,,,,
4447,942622,-1,329,2,-1,-1,-1,-1,-1,-1,15,1,20,-1,-1,-1,-1,,,,,
4449,942953,-1,254,4,-1,-1,-1,-1,-1,-1,15,1,19,-1,-1,-1,-1,,,,,
4450,942974,-1,232,2,-1,-1,-1,-1,-1,-1,15,1,20,-1,-1,-1,-1,,,,,
4452,943208,-1,209,4,-1,-1,-1,-1,-1,-1,15,1,19,-1,-1,-1,-1,,,,,
4453,943229,-1,188,2,-1,-1,-1,-1,-1,-1,15,1,20,-1,-1,-1,-1,,,,,
4454,943418,-1,197,4,-1,-1,-1,-1,-1,-1,15,1,19,-1,-1,-1,-1,,,,,
4455,943440,-1,175,2,-1,-1,-1,-1,-1,-1,15,1,20,-1,-1,-1,-1,,,,,
4456,943616,-1,220,4,-1,-1,-1,-1,-1,-1,15,1,19,-1,-1,-1,-1,,,,,
4457,943637,-1,198,2,-1,-1,-1,-1,-1,-1,15,1,20,-1,-1,-1,-1,,,,,
4459,943837,-1,569,4,-1,-1,-1,-1,-1,-1,15,1,19,-1,-1,-1,-1,,,,,
4460,943858,-1,548,2,-1,-1,-1,-1,-1,-1,15,1,20,-1,-1,-1,-1,,,,,
4465,944425,-1,4,4,-1,-1,-1,-1,-1,-1,15,1,19,-1,-1,-1,-1,,,,,
4466,944476,-1,328,4,-1,-1,-1,-1,-1,-1,15,1,19,-1,-1,-1,-1,,,,,
4467,944497,-1,306,2,-1,-1,-1,-1,-1,-1,15,1,20,-1,-1,-1,-1,,,,,
4468,944589,-1,17,1,-1,-1,-1,-1,-1,-1,15,1,9,-1,-1,-1,-1,,,,,
4469,944628,-1,16,1,-1,-1,-1,-1,-1,-1,15,1,9,-1,-1,-1,-1,,,,,
4470,944664,-1,76,1,-1,-1,-1,-1,-1,-1,15,1,9,-1,-1,-1,-1,,,,,
4472,944805,-1,348,4,-1,-1,-1,-1,-1,-1,15,1,19,-1,-1,-1,-1,,,,,
4473,944832,-1,320,2,-1,-1,-1,-1,-1,-1,15,1,20,-1,-1,-1,-1,,,,,
4474,945154,-1,546,4,-1,-1,-1,-1,-1,-1,15,1,19,-1,-1,-1,-1,,,,,
4476,945175,-1,525,2,-1,-1,-1,-1,-1,-1,15,1,20,-1,-1,-1,-1,,,,,
4477,945286,-1,73,1,-1,-1,-1,-1,-1,-1,15,1,9,-1,-1,-1,-1,,,,,
4482,945701,-1,274,4,-1,-1,-1,-1,-1,-1,15,1,19,-1,-1,-1,-1,,,,,
4484,945727,-1,970,2,-1,-1,-1,-1,-1,-1,15,1,20,-1,-1,-1,-1,,,,,
4485,945962,-1,18,1,-1,-1,-1,-1,-1,-1,15,1,12,-1,-1,-1,-1,,,,,
4486,946020,-1,194,1,-1,-1,-1,-1,-1,-1,15,1,12,-1,-1,-1,-1,,,,,
4489,946956,-1,9555,128,-1,-1,-1,-1,-1,-1,2,1,-1,-1,-1,-1,-1,,,,,
4490,956515,-1,16,128,-1,-1,-1,-1,-1,-1,15,1,-1,-1,-1,-1,-1,,,,,
4491,956534,-1,9759,128,-1,-1,-1,-1,-1,-1,2,1,-1,-1,-1,-1,-1,,,,,
4540,977129,-1,31,4,-1,-1,-1,-1,-1,-1,5,2,5,-1,-1,-1,-1,,,,,
4541,977165,-1,74,8,-1,-1,-1,-1,-1,-1,5,2,11,-1,-1,-1,-1,,,,,
4543,977305,-1,38,1,-1,-1,-1,-1,-1,-1,5,2,12,-1,-1,-1,-1,,,,,
4550,977799,-1,16,32,-1,-1,-1,-1,-1,-1,30,1,76,-1,-1,-1,-1,,,,,
4556,978950,-1,3,1,-1,-1,-1,-1,-1,-1,2,1,9,-1,-1,-1,-1,,,,,
4559,979637,-1,61,64,-1,-1,-1,-1,-1,-1,16,2,83,-1,-1,-1,-1,,,,,
4560,979643,-1,7,1,-1,-1,-1,-1,-1,-1,12,2,1,-1,-1,-1,-1,,,,,
4562,979659,-1,21,32,-1,-1,-1,-1,-1,-1,12,2,1,-1,-1,-1,-1,,,,,
4564,979707,-1,162,64,-1,-1,-1,-1,-1,-1,12,2,14,-1,-1,-1,-1,,,,,
4566,979879,-1,96,128,-1,-1,-1,-1,-1,-1,12,2,14,-1,-1,-1,-1,,,,,
4567,980024,-1,18,1,-1,-1,-1,-1,-1,-1,12,2,1,-1,-1,-1,-1,,,,,
4575,981351,-1,132,32,-1,-1,-1,-1,-1,-1,16,2,83,-1,-1,-1,-1,,,,,
4576,981413,-1,56,32,-1,-1,-1,-1,-1,-1,16,2,85,-1,-1,-1,-1,,,,,
4577,981608,-1,77,32,-1,-1,-1,-1,-1,-1,16,2,83,-1,-1,-1,-1,,,,,
4578,981615,-1,128,32,-1,-1,-1,-1,-1,-1,16,2,85,-1,-1,-1,-1,,,,,
4580,981885,-1,120,32,-1,-1,-1,-1,-1,-1,16,2,83,-1,-1,-1,-1,,,,,
4581,982053,-1,330,32,-1,-1,-1,-1,-1,-1,16,2,85,-1,-1,-1,-1,,,,,
4582,982085,-1,97,32,-1,-1,-1,-1,-1,-1,16,2,83,-1,-1,-1,-1,,,,,
4587,982704,-1,64,32,-1,-1,-1,-1,-1,-1,16,2,83,-1,-1,-1,-1,,,,,
4588,982729,-1,36,4,-1,-1,-1,-1,-1,-1,5,2,5,-1,-1,-1,-1,,,,,
4589,982753,-1,93,32,-1,-1,-1,-1,-1,-1,16,2,85,-1,-1,-1,-1,,,,,
4591,982778,-1,42,8,-1,-1,-1,-1,-1,-1,5,2,5,-1,-1,-1,-1,,,,,
4592,983100,-1,10,1,-1,-1,-1,-1,-1,-1,9,2,9,-1,-1,-1,-1,,,,,
4594,983527,-1,23,4,-1,-1,-1,-1,-1,-1,5,2,5,-1,-1,-1,-1,,,,,
4595,983574,-1,44,1,-1,-1,-1,-1,-1,-1,5,2,12,-1,-1,-1,-1,,,,,
4603,985170,-1,23,4,-1,-1,-1,-1,-1,-1,5,2,5,-1,-1,-1,-1,,,,,
4604,985213,-1,37,8,-1,-1,-1,-1,-1,-1,5,2,5,-1,-1,-1,-1,,,,,
4605,985261,-1,4,1,-1,-1,-1,-1,-1,-1,5,2,12,-1,-1,-1,-1,,,,,
4611,986520,-1,4594,32,-1,-1,-1,-1,-1,-1,24,1,101,-1,-1,-1,-1,,,,,
4613,986762,-1,28,4,-1,-1,-1,-1,-1,-1,5,2,5,-1,-1,-1,-1,,,,,
4614,986950,-1,6,1,-1,-1,-1,-1,-1,-1,5,2,104,-1,-1,-1,-1,,,,,
4615,986957,-1,51,8,-1,-1,-1,-1,-1,-1,5,2,5,-1,-1,-1,-1,,,,,
4617,987020,-1,30,4,-1,-1,-1,-1,-1,-1,5,2,5,-1,-1,-1,-1,,,,,
4619,987080,-1,39,4,-1,-1,-1,-1,-1,-1,5,2,5,-1,-1,-1,-1,,,,,
4620,987110,-1,6,1,-1,-1,-1,-1,-1,-1,5,2,9,-1,-1,-1,-1,,,,,
4622,987187,-1,5,1,-1,-1,-1,-1,-1,-1,5,2,12,-1,-1,-1,-1,,,,,
4626,988252,-1,1342,32,-1,-1,-1,-1,-1,-1,30,1,76,-1,-1,-1,-1,,,,,
4633,989298,-1,37,2,-1,-1,-1,-1,-1,-1,23,1,105,-1,-1,-1,-1,,,,,
4635,989670,-1,230,32,-1,-1,-1,-1,-1,-1,30,1,76,-1,-1,-1,-1,,,,,
4636,989711,-1,282,4,-1,-1,-1,-1,-1,-1,15,1,19,-1,-1,-1,-1,,,,,
4637,989739,-1,1220,2,-1,-1,-1,-1,-1,-1,15,1,20,-1,-1,-1,-1,,,,,
4638,989944,-1,33,2,-1,-1,-1,-1,-1,-1,23,1,105,-1,-1,-1,-1,,,,,
4639,989980,-1,18,32,-1,-1,-1,-1,-1,-1,30,1,76,-1,-1,-1,-1,,,,,
4642,990108,-1,16,1,-1,-1,-1,-1,-1,-1,15,1,12,-1,-1,-1,-1,,,,,
4643,990127,-1,489,32,-1,-1,-1,-1,-1,-1,30,1,76,-1,-1,-1,-1,,,,,
4645,990162,-1,34,2,-1,-1,-1,-1,-1,-1,23,1,105,-1,-1,-1,-1,,,,,
4647,990241,-1,19,2,-1,-1,-1,-1,-1,-1,23,1,105,-1,-1,-1,-1,,,,,
4648,990543,-1,54,1,-1,-1,-1,-1,-1,-1,15,1,12,-1,-1,-1,-1,,,,,
4649,990676,-1,19,32,-1,-1,-1,-1,-1,-1,30,1,76,-1,-1,-1,-1,,,,,
4651,990710,-1,2637,4,-1,-1,-1,-1,-1,-1,21,1,106,-1,-1,-1,-1,,,,,
4652,991118,-1,26,2,-1,-1,-1,-1,-1,-1,23,1,105,-1,-1,-1,-1,,,,,
4654,991300,-1,23,2,-1,-1,-1,-1,-1,-1,23,1,105,-1,-1,-1,-1,,,,,
4655,991456,-1,43,2,-1,-1,-1,-1,-1,-1,23,1,105,-1,-1,-1,-1,,,,,
4662,992296,-1,18,2,-1,-1,-1,-1,-1,-1,23,1,105,-1,-1,-1,-1,,,,,
4663,992589,-1,22,2,-1,-1,-1,-1,-1,-1,23,1,105,-1,-1,-1,-1,,,,,
4664,992632,-1,28,4,-1,-1,-1,-1,-1,-1,23,1,105,-1,-1,-1,-1,,,,,
4672,993923,-1,17,1,-1,-1,-1,-1,-1,-1,15,1,12,-1,-1,-1,-1,,,,,
4673,993998,-1,121,1,-1,-1,-1,-1,-1,-1,15,1,12,-1,-1,-1,-1,,,,,
4674,994015,-1,57,1,-1,-1,-1,-1,-1,-1,15,1,12,-1,-1,-1,-1,,,,,
4675,994032,-1,56,1,-1,-1,-1,-1,-1,-1,15,1,12,-1,-1,-1,-1,,,,,
4676,994046,-1,53,1,-1,-1,-1,-1,-1,-1,15,1,12,-1,-1,-1,-1,,,,,
4677,994057,-1,63,1,-1,-1,-1,-1,-1,-1,15,1,12,-1,-1,-1,-1,,,,,
4679,994319,-1,116,32,-1,-1,-1,-1,-1,-1,24,1,101,-1,-1,-1,-1,,,,,
4680,994520,-1,1034,32,-1,-1,-1,-1,-1,-1,24,1,101,-1,-1,-1,-1,,,,,
4682,994647,-1,530,32,-1,-1,-1,-1,-1,-1,30,1,76,-1,-1,-1,-1,,,,,
4687,995185,-1,195,32,-1,-1,-1,-1,-1,-1,30,1,76,-1,-1,-1,-1,,,,,
4688,995194,-1,26,1,-1,-1,-1,-1,-1,-1,12,2,1,-1,-1,-1,-1,,,,,
4690,995583,-1,87,32,-1,-1,-1,-1,-1,-1,24,1,101,-1,-1,-1,-1,,,,,
4691,995866,-1,336,32,-1,-1,-1,-1,-1,-1,30,1,76,-1,-1,-1,-1,,,,,
4692,995886,-1,593,32,-1,-1,-1,-1,-1,-1,24,1,101,-1,-1,-1,-1,,,,,
4698,996456,-1,351,32,-1,-1,-1,-1,-1,-1,30,1,76,-1,-1,-1,-1,,,,,
4701,997001,-1,265,32,-1,-1,-1,-1,-1,-1,30,1,76,-1,-1,-1,-1,,,,,
4702,997163,-1,139,8,-1,-1,-1,-1,-1,-1,11,1,11,-1,-1,-1,-1,,,,,
4704,997409,-1,618,32,-1,-1,-1,-1,-1,-1,30,1,76,-1,-1,-1,-1,,,,,
4705,997571,-1,393,32,-1,-1,-1,-1,-1,-1,11,1,11,-1,-1,-1,-1,,,,,
4711,998111,-1,731,32,-1,-1,-1,-1,-1,-1,30,1,76,-1,-1,-1,-1,,,,,
4712,998286,-1,650,32,-1,-1,-1,-1,-1,-1,24,1,101,-1,-1,-1,-1,,,,,
4713,998417,-1,96,32,-1,-1,-1,-1,-1,-1,11,1,11,-1,-1,-1,-1,,,,,
4715,998809,-1,65,8,-1,-1,-1,-1,-1,-1,11,1,11,-1,-1,-1,-1,,,,,
4716,998869,-1,67,32,-1,-1,-1,-1,-1,-1,30,1,76,-1,-1,-1,-1,,,,,
4718,1000622,-1,130,8,-1,-1,-1,-1,-1,-1,28,1,67,-1,-1,-1,-1,,,,,
4719,1000636,-1,6,32,-1,-1,-1,-1,-1,-1,24,1,101,-1,-1,-1,-1,,,,,
4720,1000670,-1,1039,32,-1,-1,-1,-1,-1,-1,24,1,101,-1,-1,-1,-1,,,,,
4723,1001625,-1,19,1,-1,-1,-1,-1,-1,-1,12,2,1,-1,-1,-1,-1,,,,,
4724,1001799,-1,164,64,-1,-1,-1,-1,-1,-1,12,2,14,-1,-1,-1,-1,,,,,
4727,1001906,-1,316,32,-1,-1,-1,-1,-1,-1,30,1,76,-1,-1,-1,-1,,,,,
4729,1001983,-1,225,32,-1,-1,-1,-1,-1,-1,12,2,14,-1,-1,-1,-1,,,,,
4732,1002616,-1,280,32,-1,-1,-1,-1,-1,-1,30,1,76,-1,-1,-1,-1,,,,,
4734,1003262,-1,504,32,-1,-1,-1,-1,-1,-1,30,1,76,-1,-1,-1,-1,,,,,
4740,1003775,-1,21,32,-1,-1,-1,-1,-1,-1,30,1,76,-1,-1,-1,-1,,,,,
4741,1003890,-1,552,32,-1,-1,-1,-1,-1,-1,30,1,76,-1,-1,-1,-1,,,,,
4743,1004289,-1,164,64,-1,-1,-1,-1,-1,-1,12,2,14,-1,-1,-1,-1,,,,,
4745,1004513,-1,371,32,-1,-1,-1,-1,-1,-1,30,1,76,-1,-1,-1,-1,,,,,
4748,1004926,-1,164,32,-1,-1,-1,-1,-1,-1,30,1,76,-1,-1,-1,-1,,,,,
4753,1005683,-1,22,1,-1,-1,-1,-1,-1,-1,15,1,12,-1,-1,-1,-1,,,,,
4754,1005741,-1,99,128,-1,-1,-1,-1,-1,-1,12,2,14,-1,-1,-1,-1,,,,,
4755,1005865,-1,16,1,-1,-1,-1,-1,-1,-1,15,1,12,-1,-1,-1,-1,,,,,
4756,1006547,-1,6,16,-1,-1,-1,-1,-1,-1,33,1,80,-1,-1,-1,-1,,,,,
4757,1006574,-1,18,1,-1,-1,-1,-1,-1,-1,33,1,107,-1,-1,-1,-1,,,,,
4758,1006655,-1,82,16,-1,-1,-1,-1,-1,-1,33,1,80,-1,-1,-1,-1,,,,,
4759,1007543,-1,20,1,-1,-1,-1,-1,-1,-1,15,1,12,-1,-1,-1,-1,,,,,
4760,1007587,-1,23,1,-1,-1,-1,-1,-1,-1,15,1,12,-1,-1,-1,-1,,,,,
4761,1007694,-1,373,4,-1,-1,-1,-1,-1,-1,15,1,19,-1,-1,-1,-1,,,,,
4762,1007716,-1,508,2,-1,-1,-1,-1,-1,-1,15,1,20,-1,-1,-1,-1,,,,,
4763,1007862,-1,42,1,-1,-1,-1,-1,-1,-1,15,1,9,-1,-1,-1,-1,,,,,
4764,1008368,-1,22,1,-1,-1,-1,-1,-1,-1,15,1,12,-1,-1,-1,-1,,,,,
4765,1009070,-1,51,8,-1,-1,-1,-1,-1,-1,34,1,108,-1,-1,-1,-1,,,,,
4766,1009551,-1,26,1,-1,-1,-1,-1,-1,-1,15,1,12,-1,-1,-1,-1,,,,,
4767,1009609,-1,379,4,-1,-1,-1,-1,-1,-1,15,1,19,-1,-1,-1,-1,,,,,
4768,1009631,-1,847,2,-1,-1,-1,-1,-1,-1,15,1,20,-1,-1,-1,-1,,,,,
4769,1009649,-1,3,1,-1,-1,-1,-1,-1,-1,12,2,1,-1,-1,-1,-1,,,,,
4770,1009880,-1,127,8,-1,-1,-1,-1,-1,-1,28,1,67,-1,-1,-1,-1,,,,,
4772,1010180,-1,26,1,-1,-1,-1,-1,-1,-1,15,1,12,-1,-1,-1,-1,,,,,
4774,1010379,-1,54,64,-1,-1,-1,-1,-1,-1,12,2,14,-1,-1,-1,-1,,,,,
4775,1010414,-1,138,4,-1,-1,-1,-1,-1,-1,12,2,14,-1,-1,-1,-1,,,,,
4776,1010474,-1,116,2,-1,-1,-1,-1,-1,-1,12,2,14,-1,-1,-1,-1,,,,,
4777,1010480,-1,387,4,-1,-1,-1,-1,-1,-1,15,1,19,-1,-1,-1,-1,,,,,
4778,1010499,-1,158,2,-1,-1,-1,-1,-1,-1,12,2,14,-1,-1,-1,-1,,,,,
4779,1010501,-1,619,2,-1,-1,-1,-1,-1,-1,15,1,20,-1,-1,-1,-1,,,,,
4780,1010764,-1,340,8,-1,-1,-1,-1,-1,-1,12,2,14,-1,-1,-1,-1,,,,,
4782,1011159,-1,26,1,-1,-1,-1,-1,-1,-1,15,1,9,-1,-1,-1,-1,,,,,
4784,1011234,-1,26,1,-1,-1,-1,-1,-1,-1,15,1,12,-1,-1,-1,-1,,,,,
4785,1011270,-1,397,4,-1,-1,-1,-1,-1,-1,15,1,19,-1,-1,-1,-1,,,,,
4787,1011298,-1,3723,2,-1,-1,-1,-1,-1,-1,15,1,20,-1,-1,-1,-1,,,,,
4788,1011508,-1,248,32,-1,-1,-1,-1,-1,-1,30,1,76,-1,-1,-1,-1,,,,,
4792,1011841,-1,944,32,-1,-1,-1,-1,-1,-1,30,1,76,-1,-1,-1,-1,,,,,
4795,1013359,-1,65,1,-1,-1,-1,-1,-1,-1,14,2,11,-1,-1,-1,-1,,,,,
4799,1013508,-1,223,32,-1,-1,-1,-1,-1,-1,30,1,76,-1,-1,-1,-1,,,,,
4801,1013793,-1,154,32,-1,-1,-1,-1,-1,-1,30,1,76,-1,-1,-1,-1,,,,,
4803,1014135,-1,15,1,-1,-1,-1,-1,-1,-1,12,2,1,-1,-1,-1,-1,,,,,
4804,1014194,-1,16,1,-1,-1,-1,-1,-1,-1,12,2,1,-1,-1,-1,-1,,,,,
4805,1014248,-1,77,1,-1,-1,-1,-1,-1,-1,28,1,64,-1,-1,-1,-1,,,,,
4806,1014269,-1,127,32,-1,-1,-1,-1,-1,-1,30,1,76,-1,-1,-1,-1,,,,,
4807,1014350,-1,109,8,-1,-1,-1,-1,-1,-1,28,1,54,-1,-1,-1,-1,,,,,
4809,1014814,-1,155,32,-1,-1,-1,-1,-1,-1,30,1,76,-1,-1,-1,-1,,,,,
4813,1015050,-1,29,1,-1,-1,-1,-1,-1,-1,15,1,12,-1,-1,-1,-1,,,,,
4815,1015105,-1,453,32,-1,-1,-1,-1,-1,-1,30,1,76,-1,-1,-1,-1,,,,,
4816,1015114,-1,35,1,-1,-1,-1,-1,-1,-1,15,1,12,-1,-1,-1,-1,,,,,
4818,1015176,-1,26,1,-1,-1,-1,-1,-1,-1,15,1,12,-1,-1,-1,-1,,,,,
4819,1015263,-1,1131,4,-1,-1,-1,-1,-1,-1,15,1,19,-1,-1,-1,-1,,,,,
4820,1015285,-1,2005,2,-1,-1,-1,-1,-1,-1,15,1,20,-1,-1,-1,-1,,,,,
4821,1015504,-1,16,1,-1,-1,-1,-1,-1,-1,9,2,9,-1,-1,-1,-1,,,,,
4822,1015585,-1,295,32,-1,-1,-1,-1,-1,-1,30,1,76,-1,-1,-1,-1,,,,,
4827,1017034,-1,59,2,-1,-1,-1,-1,-1,-1,12,2,109,-1,-1,-1,-1,,,,,
4828,1017038,-1,57,2,-1,-1,-1,-1,-1,-1,12,2,110,-1,-1,-1,-1,,,,,
4829,1017040,-1,58,2,-1,-1,-1,-1,-1,-1,12,2,111,-1,-1,-1,-1,,,,,
4830,1017042,-1,59,2,-1,-1,-1,-1,-1,-1,12,2,112,-1,-1,-1,-1,,,,,
4831,1017044,-1,61,2,-1,-1,-1,-1,-1,-1,12,2,113,-1,-1,-1,-1,,,,,
4832,1017046,-1,60,2,-1,-1,-1,-1,-1,-1,12,2,114,-1,-1,-1,-1,,,,,
4834,1017123,-1,35,2,-1,-1,-1,-1,-1,-1,12,2,115,-1,-1,-1,-1,,,,,
4835,1017125,-1,35,2,-1,-1,-1,-1,-1,-1,12,2,116,-1,-1,-1,-1,,,,,
4836,1017127,-1,34,2,-1,-1,-1,-1,-1,-1,12,2,117,-1,-1,-1,-1,,,,,
4837,1017129,-1,34,2,-1,-1,-1,-1,-1,-1,12,2,118,-1,-1,-1,-1,,,,,
4838,1017132,-1,32,2,-1,-1,-1,-1,-1,-1,12,2,119,-1,-1,-1,-1,,,,,
4839,1017134,-1,32,2,-1,-1,-1,-1,-1,-1,12,2,120,-1,-1,-1,-1,,,,,
4840,1017176,-1,35,2,-1,-1,-1,-1,-1,-1,12,2,94,-1,-1,-1,-1,,,,,
4841,1017179,-1,34,2,-1,-1,-1,-1,-1,-1,12,2,95,-1,-1,-1,-1,,,,,
4842,1017182,-1,32,2,-1,-1,-1,-1,-1,-1,12,2,96,-1,-1,-1,-1,,,,,
4843,1017188,-1,28,2,-1,-1,-1,-1,-1,-1,12,2,97,-1,-1,-1,-1,,,,,
4844,1017189,-1,28,2,-1,-1,-1,-1,-1,-1,12,2,98,-1,-1,-1,-1,,,,,
4845,1017343,-1,57,2,-1,-1,-1,-1,-1,-1,12,2,94,-1,-1,-1,-1,,,,,
4846,1017345,-1,58,2,-1,-1,-1,-1,-1,-1,12,2,95,-1,-1,-1,-1,,,,,
4847,1017347,-1,58,2,-1,-1,-1,-1,-1,-1,12,2,96,-1,-1,-1,-1,,,,,
4848,1017361,-1,66,2,-1,-1,-1,-1,-1,-1,12,2,115,-1,-1,-1,-1,,,,,
4849,1017366,-1,63,2,-1,-1,-1,-1,-1,-1,12,2,116,-1,-1,-1,-1,,,,,
4850,1017370,-1,60,2,-1,-1,-1,-1,-1,-1,12,2,117,-1,-1,-1,-1,,,,,
4851,1017391,-1,30,1,-1,-1,-1,-1,-1,-1,15,1,12,-1,-1,-1,-1,,,,,
4852,1017394,-1,4,2,-1,-1,-1,-1,-1,-1,12,2,109,-1,-1,-1,-1,,,,,
4853,1017433,-1,1148,4,-1,-1,-1,-1,-1,-1,15,1,19,-1,-1,-1,-1,,,,,
4854,1017454,-1,2342,2,-1,-1,-1,-1,-1,-1,15,1,20,-1,-1,-1,-1,,,,,
4855,1017521,-1,144,32,-1,-1,-1,-1,-1,-1,30,1,76,-1,-1,-1,-1,,,,,
4857,1017727,-1,1643,32,-1,-1,-1,-1,-1,-1,30,1,76,-1,-1,-1,-1,,,,,
4867,1019391,-1,17,32,-1,-1,-1,-1,-1,-1,30,1,76,-1,-1,-1,-1,,,,,
4869,1019467,-1,190,32,-1,-1,-1,-1,-1,-1,30,1,76,-1,-1,-1,-1,,,,,
4872,1019973,-1,266,32,-1,-1,-1,-1,-1,-1,30,1,76,-1,-1,-1,-1,,,,,
4875,1020661,-1,198,32,-1,-1,-1,-1,-1,-1,30,1,76,-1,-1,-1,-1,,,,,
4882,1021529,-1,272,32,-1,-1,-1,-1,-1,-1,30,1,76,-1,-1,-1,-1,,,,,
4884,1021888,-1,23,1,-1,-1,-1,-1,-1,-1,15,1,12,-1,-1,-1,-1,,,,,
4889,1022407,-1,5978,64,-1,-1,-1,-1,-1,-1,18,1,-1,-1,-1,-1,-1,,,,,
4890,1022409,-1,58,16,-1,-1,-1,-1,-1,-1,28,1,-1,-1,-1,-1,-1,,,,,
4892,1022569,-1,165,16,-1,-1,-1,-1,-1,-1,30,1,76,-1,-1,-1,-1,,,,,
4893,1022859,-1,193,32,-1,-1,-1,-1,-1,-1,30,1,76,-1,-1,-1,-1,,,,,
4895,1023059,-1,173,32,-1,-1,-1,-1,-1,-1,30,1,76,-1,-1,-1,-1,,,,,
4896,1023257,-1,19,1,-1,-1,-1,-1,-1,-1,15,1,12,-1,-1,-1,-1,,,,,
4897,1023292,-1,22,1,-1,-1,-1,-1,-1,-1,15,1,12,-1,-1,-1,-1,,,,,
4898,1023334,-1,179,32,-1,-1,-1,-1,-1,-1,30,1,76,-1,-1,-1,-1,,,,,
4899,1023340,-1,141,4,-1,-1,-1,-1,-1,-1,15,1,19,-1,-1,-1,-1,,,,,
4900,1023369,-1,1041,2,-1,-1,-1,-1,-1,-1,15,1,20,-1,-1,-1,-1,,,,,
4902,1023533,-1,23,1,-1,-1,-1,-1,-1,-1,15,1,12,-1,-1,-1,-1,,,,,
4903,1023562,-1,317,32,-1,-1,-1,-1,-1,-1,30,1,76,-1,-1,-1,-1,,,,,
4909,1024001,-1,238,32,-1,-1,-1,-1,-1,-1,30,1,76,-1,-1,-1,-1,,,,,
4910,1024260,-1,87,32,-1,-1,-1,-1,-1,-1,30,1,76,-1,-1,-1,-1,,,,,
4911,1024354,-1,208,32,-1,-1,-1,-1,-1,-1,30,1,76,-1,-1,-1,-1,,,,,
4912,1024412,-1,133,4,-1,-1,-1,-1,-1,-1,15,1,19,-1,-1,-1,-1,,,,,
4914,1024434,-1,267,2,-1,-1,-1,-1,-1,-1,15,1,20,-1,-1,-1,-1,,,,,
4915,1024674,-1,22,1,-1,-1,-1,-1,-1,-1,15,1,12,-1,-1,-1,-1,,,,,
4916,1024703,-1,128,4,-1,-1,-1,-1,-1,-1,15,1,19,-1,-1,-1,-1,,,,,
4917,1024724,-1,197,2,-1,-1,-1,-1,-1,-1,15,1,20,-1,-1,-1,-1,,,,,
4918,1024887,-1,26,1,-1,-1,-1,-1,-1,-1,15,1,12,-1,-1,-1,-1,,,,,
4920,1024926,-1,129,4,-1,-1,-1,-1,-1,-1,15,1,19,-1,-1,-1,-1,,,,,
4921,1024947,-1,3451,2,-1,-1,-1,-1,-1,-1,15,1,20,-1,-1,-1,-1,,,,,
4927,1025854,-1,28,1,-1,-1,-1,-1,-1,-1,15,1,12,-1,-1,-1,-1,,,,,
4928,1025896,-1,2498,4,-1,-1,-1,-1,-1,-1,15,1,19,-1,-1,-1,-1,,,,,
4929,1025917,-1,2474,2,-1,-1,-1,-1,-1,-1,15,1,20,-1,-1,-1,-1,,,,,
4944,1028404,-1,9798,128,-1,-1,-1,-1,-1,-1,2,1,-1,-1,-1,-1,-1,,,,,
4945,1038208,-1,10923,16,-1,-1,-1,-1,-1,-1,28,1,-1,-1,-1,-1,-1,,,,,
5051,1059915,-1,60,1,-1,-1,-1,-1,-1,-1,11,1,11,-1,-1,-1,-1,,,,,
5052,1060093,-1,54,1,-1,-1,-1,-1,-1,-1,11,1,11,-1,-1,-1,-1,,,,,
5054,1060643,-1,69,1,-1,-1,-1,-1,-1,-1,11,1,11,-1,-1,-1,-1,,,,,
5056,1060783,-1,53,1,-1,-1,-1,-1,-1,-1,11,1,11,-1,-1,-1,-1,,,,,
5062,1061660,-1,63,1,-1,-1,-1,-1,-1,-1,11,1,11,-1,-1,-1,-1,,,,,
5064,1061826,-1,55,1,-1,-1,-1,-1,-1,-1,11,1,11,-1,-1,-1,-1,,,,,
5065,1062019,-1,52,1,-1,-1,-1,-1,-1,-1,11,1,11,-1,-1,-1,-1,,,,,
5068,1062512,-1,54,1,-1,-1,-1,-1,-1,-1,11,1,11,-1,-1,-1,-1,,,,,
5071,1062619,-1,57,1,-1,-1,-1,-1,-1,-1,11,1,11,-1,-1,-1,-1,,,,,
5074,1062761,-1,51,1,-1,-1,-1,-1,-1,-1,11,1,11,-1,-1,-1,-1,,,,,
5075,1063146,-1,53,1,-1,-1,-1,-1,-1,-1,11,1,11,-1,-1,-1,-1,,,,,
5077,1063359,-1,53,1,-1,-1,-1,-1,-1,-1,11,1,11,-1,-1,-1,-1,,,,,
5078,1063531,-1,66,1,-1,-1,-1,-1,-1,-1,11,1,11,-1,-1,-1,-1,,,,,
5080,1063878,-1,62,1,-1,-1,-1,-1,-1,-1,11,1,11,-1,-1,-1,-1,,,,,
5087,1065298,-1,57,1,-1,-1,-1,-1,-1,-1,11,1,11,-1,-1,-1,-1,,,,,
5088,1065473,-1,12,1,-1,-1,-1,-1,-1,-1,2,1,9,-1,-1,-1,-1,,,,,
5089,1065484,-1,58,1,-1,-1,-1,-1,-1,-1,11,1,11,-1,-1,-1,-1,,,,,
5090,1065504,-1,30,1,-1,-1,-1,-1,-1,-1,2,1,56,-1,-1,-1,-1,,,,,
5091,1065894,-1,56,1,-1,-1,-1,-1,-1,-1,11,1,11,-1,-1,-1,-1,,,,,
5092,1066194,-1,65,1,-1,-1,-1,-1,-1,-1,11,1,11,-1,-1,-1,-1,,,,,
5093,1066253,-1,913,2,-1,-1,-1,-1,-1,-1,22,1,82,-1,-1,-1,-1,,,,,
5095,1066643,-1,68,1,-1,-1,-1,-1,-1,-1,22,1,53,-1,-1,-1,-1,,,,,
5096,1066758,-1,54,2,-1,-1,-1,-1,-1,-1,22,1,53,-1,-1,-1,-1,,,,,
5098,1066789,-1,48,1,-1,-1,-1,-1,-1,-1,11,1,11,-1,-1,-1,-1,,,,,
5099,1066877,-1,54,4,-1,-1,-1,-1,-1,-1,22,1,53,-1,-1,-1,-1,,,,,
5100,1067056,-1,94,8,-1,-1,-1,-1,-1,-1,22,1,53,-1,-1,-1,-1,,,,,
5101,1067208,-1,87,16,-1,-1,-1,-1,-1,-1,22,1,53,-1,-1,-1,-1,,,,,
5103,1067316,-1,681,4,-1,-1,-1,-1,-1,-1,22,1,82,-1,-1,-1,-1,,,,,
5104,1067370,-1,151,32,-1,-1,-1,-1,-1,-1,22,1,53,-1,-1,-1,-1,,,,,
5108,1067691,-1,3030,8,-1,-1,-1,-1,-1,-1,22,1,53,-1,-1,-1,-1,,,,,
5110,1067832,-1,124,8,-1,-1,-1,-1,-1,-1,28,1,67,-1,-1,-1,-1,,,,,
5112,1068026,-1,49,1,-1,-1,-1,-1,-1,-1,22,1,121,-1,-1,-1,-1,,,,,
5113,1068088,-1,569,8,-1,-1,-1,-1,-1,-1,22,1,82,-1,-1,-1,-1,,,,,
5115,1068362,-1,54,2,-1,-1,-1,-1,-1,-1,22,1,121,-1,-1,-1,-1,,,,,
5116,1068761,-1,603,16,-1,-1,-1,-1,-1,-1,22,1,82,-1,-1,-1,-1,,,,,
5118,1068817,-1,40,4,-1,-1,-1,-1,-1,-1,22,1,121,-1,-1,-1,-1,,,,,
5119,1068861,-1,533,4,-1,-1,-1,-1,-1,-1,22,1,121,-1,-1,-1,-1,,,,,
5122,1069256,-1,60,1,-1,-1,-1,-1,-1,-1,11,1,11,-1,-1,-1,-1,,,,,
5124,1069301,-1,584,32,-1,-1,-1,-1,-1,-1,24,1,101,-1,-1,-1,-1,,,,,
5125,1069358,-1,62,1,-1,-1,-1,-1,-1,-1,11,1,11,-1,-1,-1,-1,,,,,
5127,1069454,-1,468,32,-1,-1,-1,-1,-1,-1,22,1,82,-1,-1,-1,-1,,,,,
5128,1069502,-1,13,1,-1,-1,-1,-1,-1,-1,9,2,9,-1,-1,-1,-1,,,,,
5129,1069674,-1,383,8,-1,-1,-1,-1,-1,-1,22,1,121,-1,-1,-1,-1,,,,,
5131,1069987,-1,62,1,-1,-1,-1,-1,-1,-1,11,1,11,-1,-1,-1,-1,,,,,
5132,1070148,-1,297,16,-1,-1,-1,-1,-1,-1,22,1,121,-1,-1,-1,-1,,,,,
5134,1070572,-1,340,32,-1,-1,-1,-1,-1,-1,22,1,121,-1,-1,-1,-1,,,,,
5137,1070793,-1,43,1,-1,-1,-1,-1,-1,-1,22,1,48,-1,-1,-1,-1,,,,,
5141,1071187,-1,1723,4,-1,-1,-1,-1,-1,-1,22,1,121,-1,-1,-1,-1,,,,,
5142,1071397,-1,19,1,-1,-1,-1,-1,-1,-1,12,2,1,-1,-1,-1,-1,,,,,
5144,1071408,-1,7,1,-1,-1,-1,-1,-1,-1,2,1,9,-1,-1,-1,-1,,,,,
5145,1071437,-1,158,64,-1,-1,-1,-1,-1,-1,12,2,14,-1,-1,-1,-1,,,,,
5146,1071692,-1,0,8,-1,-1,-1,-1,-1,-1,22,1,53,-1,-1,-1,-1,,,,,
5147,1071792,-1,58,1,-1,-1,-1,-1,-1,-1,22,1,100,-1,-1,-1,-1,,,,,
5149,1071927,-1,81,2,-1,-1,-1,-1,-1,-1,22,1,100,-1,-1,-1,-1,,,,,
5150,1072211,-1,48,1,-1,-1,-1,-1,-1,-1,15,1,12,-1,-1,-1,-1,,,,,
5152,1072251,-1,125,4,-1,-1,-1,-1,-1,-1,22,1,100,-1,-1,-1,-1,,,,,
5154,1072329,-1,559,32,-1,-1,-1,-1,-1,-1,24,1,101,-1,-1,-1,-1,,,,,
5157,1072530,-1,2,8,-1,-1,-1,-1,-1,-1,22,1,100,-1,-1,-1,-1,,,,,
5158,1072577,-1,116,8,-1,-1,-1,-1,-1,-1,22,1,100,-1,-1,-1,-1,,,,,
5159,1072935,-1,49,64,-1,-1,-1,-1,-1,-1,16,2,83,-1,-1,-1,-1,,,,,
5161,1073009,-1,0,8,-1,-1,-1,-1,-1,-1,22,1,121,-1,-1,-1,-1,,,,,
5162,1073077,-1,59,1,-1,-1,-1,-1,-1,-1,11,1,11,-1,-1,-1,-1,,,,,
5163,1073230,-1,148,16,-1,-1,-1,-1,-1,-1,22,1,100,-1,-1,-1,-1,,,,,
5164,1073272,-1,49,32,-1,-1,-1,-1,-1,-1,16,2,83,-1,-1,-1,-1,,,,,
5165,1073415,-1,44,32,-1,-1,-1,-1,-1,-1,16,2,83,-1,-1,-1,-1,,,,,
5167,1073498,-1,191,32,-1,-1,-1,-1,-1,-1,22,1,100,-1,-1,-1,-1,,,,,
5168,1073560,-1,62,1,-1,-1,-1,-1,-1,-1,11,1,11,-1,-1,-1,-1,,,,,
5169,1073654,-1,8,8,-1,-1,-1,-1,-1,-1,28,1,67,-1,-1,-1,-1,,,,,
5170,1073671,-1,48,4,-1,-1,-1,-1,-1,-1,28,1,67,-1,-1,-1,-1,,,,,
5171,1073719,-1,23,2,-1,-1,-1,-1,-1,-1,5,2,61,-1,-1,-1,-1,,,,,
5172,1073723,-1,299,4,-1,-1,-1,-1,-1,-1,28,1,67,-1,-1,-1,-1,,,,,
5173,1073765,-1,24,32,-1,-1,-1,-1,-1,-1,16,2,83,-1,-1,-1,-1,,,,,
5175,1073814,-1,21,32,-1,-1,-1,-1,-1,-1,16,2,83,-1,-1,-1,-1,,,,,
5176,1073841,-1,24,4,-1,-1,-1,-1,-1,-1,5,2,61,-1,-1,-1,-1,,,,,
5177,1073868,-1,24,32,-1,-1,-1,-1,-1,-1,16,2,83,-1,-1,-1,-1,,,,,
5179,1073924,-1,329,1,-1,-1,-1,-1,-1,-1,11,1,11,-1,-1,-1,-1,,,,,
5180,1073941,-1,27,32,-1,-1,-1,-1,-1,-1,16,2,83,-1,-1,-1,-1,,,,,
5181,1073948,-1,211,2,-1,-1,-1,-1,-1,-1,5,2,11,-1,-1,-1,-1,,,,,
5183,1074028,-1,30,4,-1,-1,-1,-1,-1,-1,22,1,122,-1,-1,-1,-1,,,,,
5184,1074030,-1,0,4,-1,-1,-1,-1,-1,-1,28,1,67,-1,-1,-1,-1,,,,,
5186,1074094,-1,30,4,-1,-1,-1,-1,-1,-1,22,1,122,-1,-1,-1,-1,,,,,
5188,1074173,-1,165,2,-1,-1,-1,-1,-1,-1,5,2,11,-1,-1,-1,-1,,,,,
5189,1074185,-1,26,4,-1,-1,-1,-1,-1,-1,22,1,122,-1,-1,-1,-1,,,,,
5190,1074258,-1,176,1,-1,-1,-1,-1,-1,-1,11,1,11,-1,-1,-1,-1,,,,,
5191,1074302,-1,25,4,-1,-1,-1,-1,-1,-1,22,1,122,-1,-1,-1,-1,,,,,
5192,1074356,-1,24,1,-1,-1,-1,-1,-1,-1,15,1,12,-1,-1,-1,-1,,,,,
5193,1074383,-1,26,4,-1,-1,-1,-1,-1,-1,22,1,122,-1,-1,-1,-1,,,,,
5194,1074426,-1,164,2,-1,-1,-1,-1,-1,-1,5,2,61,-1,-1,-1,-1,,,,,
5195,1074478,-1,0,1,-1,-1,-1,-1,-1,-1,11,1,11,-1,-1,-1,-1,,,,,
5196,1074497,-1,0,4,-1,-1,-1,-1,-1,-1,22,1,122,-1,-1,-1,-1,,,,,
5197,1074625,-1,0,1,-1,-1,-1,-1,-1,-1,11,1,123,-1,-1,-1,-1,,,,,
5198,1074652,-1,0,1,-1,-1,-1,-1,-1,-1,15,1,12,-1,-1,-1,-1,,,,,
5199,1074706,-1,0,1,-1,-1,-1,-1,-1,-1,11,1,124,-1,-1,-1,-1,,,,,
5200,1074812,-1,0,1,-1,-1,-1,-1,-1,-1,15,1,12,-1,-1,-1,-1,,,,,
5201,1075092,-1,340,4,-1,-1,-1,-1,-1,-1,28,1,67,-1,-1,-1,-1,,,,,
5203,1077168,-1,26,1,-1,-1,-1,-1,-1,-1,15,1,12,-1,-1,-1,-1,,,,,
5204,1077175,-1,324,32,-1,-1,-1,-1,-1,-1,15,1,125,-1,-1,-1,-1,,,,,
5205,1077228,-1,10,2,-1,-1,-1,-1,-1,-1,5,2,61,-1,-1,-1,-1,,,,,
5206,1077259,-1,162,4,-1,-1,-1,-1,-1,-1,15,1,19,-1,-1,-1,-1,,,,,
5207,1077280,-1,1330,2,-1,-1,-1,-1,-1,-1,15,1,20,-1,-1,-1,-1,,,,,
5208,1077345,-1,84,1,-1,-1,-1,-1,-1,-1,11,1,11,-1,-1,-1,-1,,,,,
5209,1077351,-1,1079,8,-1,-1,-1,-1,-1,-1,22,1,121,-1,-1,-1,-1,,,,,
5211,1077531,-1,424,32,-1,-1,-1,-1,-1,-1,15,1,126,-1,-1,-1,-1,,,,,
5213,1078024,-1,5,2,-1,-1,-1,-1,-1,-1,5,2,61,-1,-1,-1,-1,,,,,
5214,1078104,-1,438,32,-1,-1,-1,-1,-1,-1,15,1,126,-1,-1,-1,-1,,,,,
5215,1078151,-1,32,1,-1,-1,-1,-1,-1,-1,15,1,12,-1,-1,-1,-1,,,,,
5216,1078234,-1,75,32,-1,-1,-1,-1,-1,-1,16,2,83,-1,-1,-1,-1,,,,,
5218,1078386,-1,76,1,-1,-1,-1,-1,-1,-1,11,1,11,-1,-1,-1,-1,,,,,
5220,1078489,-1,8427,4,-1,-1,-1,-1,-1,-1,22,1,100,-1,-1,-1,-1,,,,,
5223,1078605,-1,1002,16,-1,-1,-1,-1,-1,-1,22,1,121,-1,-1,-1,-1,,,,,
5225,1078725,-1,168,4,-1,-1,-1,-1,-1,-1,15,1,19,-1,-1,-1,-1,,,,,
5226,1078747,-1,1555,2,-1,-1,-1,-1,-1,-1,15,1,20,-1,-1,-1,-1,,,,,
5227,1079108,-1,7,32,-1,-1,-1,-1,-1,-1,35,1,127,-1,-1,-1,-1,,,,,
5229,1079206,-1,95,1,-1,-1,-1,-1,-1,-1,11,1,11,-1,-1,-1,-1,,,,,
5230,1079527,-1,278,1,-1,-1,-1,-1,-1,-1,11,1,11,-1,-1,-1,-1,,,,,
5231,1079534,-1,77,32,-1,-1,-1,-1,-1,-1,16,2,83,-1,-1,-1,-1,,,,,
5232,1079539,-1,17,64,-1,-1,-1,-1,-1,-1,35,1,127,-1,-1,-1,-1,,,,,
5233,1079685,-1,929,32,-1,-1,-1,-1,-1,-1,22,1,121,-1,-1,-1,-1,,,,,
5235,1079821,-1,535,32,-1,-1,-1,-1,-1,-1,30,1,76,-1,-1,-1,-1,,,,,
5240,1080294,-1,254,1,-1,-1,-1,-1,-1,-1,11,1,11,-1,-1,-1,-1,,,,,
5242,1080436,-1,1039,32,-1,-1,-1,-1,-1,-1,30,1,76,-1,-1,-1,-1,,,,,
5243,1080700,-1,35,4,-1,-1,-1,-1,-1,-1,15,1,19,-1,-1,-1,-1,,,,,
5244,1080710,-1,64,1,-1,-1,-1,-1,-1,-1,11,1,11,-1,-1,-1,-1,,,,,
5245,1080794,-1,156,4,-1,-1,-1,-1,-1,-1,15,1,19,-1,-1,-1,-1,,,,,
5246,1080817,-1,277,2,-1,-1,-1,-1,-1,-1,15,1,20,-1,-1,-1,-1,,,,,
5248,1080890,-1,63,1,-1,-1,-1,-1,-1,-1,11,1,11,-1,-1,-1,-1,,,,,
5249,1081171,-1,10727,16,-1,-1,-1,-1,-1,-1,28,1,77,-1,-1,-1,-1,,,,,
5250,1081176,-1,73,1,-1,-1,-1,-1,-1,-1,11,1,11,-1,-1,-1,-1,,,,,
5251,1081216,-1,155,4,-1,-1,-1,-1,-1,-1,15,1,19,-1,-1,-1,-1,,,,,
5252,1081241,-1,377,2,-1,-1,-1,-1,-1,-1,15,1,20,-1,-1,-1,-1,,,,,
5253,1081302,-1,142,8,-1,-1,-1,-1,-1,-1,11,1,11,-1,-1,-1,-1,,,,,
5255,1081502,-1,307,32,-1,-1,-1,-1,-1,-1,30,1,76,-1,-1,-1,-1,,,,,
5256,1081533,-1,141,8,-1,-1,-1,-1,-1,-1,11,1,11,-1,-1,-1,-1,,,,,
5261,1081932,-1,43,1,-1,-1,-1,-1,-1,-1,15,1,12,-1,-1,-1,-1,,,,,
5262,1081936,-1,226,8,-1,-1,-1,-1,-1,-1,11,1,11,-1,-1,-1,-1,,,,,
5263,1081979,-1,524,4,-1,-1,-1,-1,-1,-1,15,1,19,-1,-1,-1,-1,,,,,
5265,1082004,-1,1195,2,-1,-1,-1,-1,-1,-1,15,1,20,-1,-1,-1,-1,,,,,
5267,1082472,-1,3725,32,-1,-1,-1,-1,-1,-1,21,1,-1,-1,-1,-1,-1,,,,,
5268,1082752,-1,215,32,-1,-1,-1,-1,-1,-1,30,1,76,-1,-1,-1,-1,,,,,
5270,1083201,-1,338,4,-1,-1,-1,-1,-1,-1,15,1,19,-1,-1,-1,-1,,,,,
5271,1083223,-1,317,2,-1,-1,-1,-1,-1,-1,15,1,20,-1,-1,-1,-1,,,,,
5273,1083300,-1,81,1,-1,-1,-1,-1,-1,-1,22,1,128,-1,-1,-1,-1,,,,,
5278,1083550,-1,171,4,-1,-1,-1,-1,-1,-1,15,1,19,-1,-1,-1,-1,,,,,
5279,1083572,-1,150,2,-1,-1,-1,-1,-1,-1,15,1,20,-1,-1,-1,-1,,,,,
5280,1083633,-1,200,32,-1,-1,-1,-1,-1,-1,30,1,76,-1,-1,-1,-1,,,,,
5281,1083745,-1,39,1,-1,-1,-1,-1,-1,-1,15,1,12,-1,-1,-1,-1,,,,,
5282,1083825,-1,28,1,-1,-1,-1,-1,-1,-1,22,1,128,-1,-1,-1,-1,,,,,
5283,1083834,-1,142,4,-1,-1,-1,-1,-1,-1,15,1,19,-1,-1,-1,-1,,,,,
5284,1083857,-1,119,2,-1,-1,-1,-1,-1,-1,15,1,20,-1,-1,-1,-1,,,,,
5286,1084038,-1,6046,4,-1,-1,-1,-1,-1,-1,15,1,19,-1,-1,-1,-1,,,,,
5287,1084060,-1,6024,2,-1,-1,-1,-1,-1,-1,15,1,20,-1,-1,-1,-1,,,,,
5288,1084101,-1,81,32,-1,-1,-1,-1,-1,-1,24,1,101,-1,-1,-1,-1,,,,,
5289,1084185,-1,29,1,-1,-1,-1,-1,-1,-1,22,1,128,-1,-1,-1,-1,,,,,
5290,1084207,-1,41,32,-1,-1,-1,-1,-1,-1,24,1,101,-1,-1,-1,-1,,,,,
5291,1084268,-1,661,32,-1,-1,-1,-1,-1,-1,24,1,101,-1,-1,-1,-1,,,,,
5292,1084281,-1,251,1,-1,-1,-1,-1,-1,-1,22,1,128,-1,-1,-1,-1,,,,,
5293,1084508,-1,197,32,-1,-1,-1,-1,-1,-1,30,1,76,-1,-1,-1,-1,,,,,
5294,1084714,-1,274,32,-1,-1,-1,-1,-1,-1,30,1,76,-1,-1,-1,-1,,,,,
5299,1085089,-1,62,32,-1,-1,-1,-1,-1,-1,16,2,83,-1,-1,-1,-1,,,,,
5300,1085095,-1,233,32,-1,-1,-1,-1,-1,-1,12,2,14,-1,-1,-1,-1,,,,,
5302,1085400,-1,194,32,-1,-1,-1,-1,-1,-1,16,2,83,-1,-1,-1,-1,,,,,
5303,1085409,-1,1113,16,-1,-1,-1,-1,-1,-1,30,1,76,-1,-1,-1,-1,,,,,
5307,1086145,-1,6,16,-1,-1,-1,-1,-1,-1,35,1,127,-1,-1,-1,-1,,,,,
5308,1086175,-1,13,32,-1,-1,-1,-1,-1,-1,35,1,127,-1,-1,-1,-1,,,,,
5309,1086271,-1,987,32,-1,-1,-1,-1,-1,-1,1,1,-1,-1,-1,-1,-1,,,,,
5316,1087339,-1,695,16,-1,-1,-1,-1,-1,-1,30,1,76,-1,-1,-1,-1,,,,,
5317,1087565,-1,7,32,-1,-1,-1,-1,-1,-1,35,1,127,-1,-1,-1,-1,,,,,
5319,1087788,-1,577,32,-1,-1,-1,-1,-1,-1,24,1,101,-1,-1,-1,-1,,,,,
5322,1088050,-1,197,32,-1,-1,-1,-1,-1,-1,30,1,76,-1,-1,-1,-1,,,,,
5325,1088267,-1,166,32,-1,-1,-1,-1,-1,-1,16,2,83,-1,-1,-1,-1,,,,,
5327,1088455,-1,202,32,-1,-1,-1,-1,-1,-1,30,1,76,-1,-1,-1,-1,,,,,
5328,1088467,-1,6,32,-1,-1,-1,-1,-1,-1,35,1,127,-1,-1,-1,-1,,,,,
5330,1088693,-1,203,32,-1,-1,-1,-1,-1,-1,30,1,76,-1,-1,-1,-1,,,,,
5332,1088796,-1,28,32,-1,-1,-1,-1,-1,-1,16,2,83,-1,-1,-1,-1,,,,,
5333,1088825,-1,108,32,-1,-1,-1,-1,-1,-1,35,1,127,-1,-1,-1,-1,,,,,
5334,1088845,-1,5,32,-1,-1,-1,-1,-1,-1,16,2,83,-1,-1,-1,-1,,,,,
5335,1088891,-1,47,32,-1,-1,-1,-1,-1,-1,16,2,83,-1,-1,-1,-1,,,,,
5336,1088930,-1,588,32,-1,-1,-1,-1,-1,-1,24,1,101,-1,-1,-1,-1,,,,,
5337,1089224,-1,22,16,-1,-1,-1,-1,-1,-1,35,1,127,-1,-1,-1,-1,,,,,
5338,1089250,-1,149,32,-1,-1,-1,-1,-1,-1,35,1,127,-1,-1,-1,-1,,,,,
5340,1089482,-1,38,32,-1,-1,-1,-1,-1,-1,30,1,76,-1,-1,-1,-1,,,,,
5341,1089543,-1,35,32,-1,-1,-1,-1,-1,-1,30,1,76,-1,-1,-1,-1,,,,,
5342,1089548,-1,57,32,-1,-1,-1,-1,-1,-1,35,1,127,-1,-1,-1,-1,,,,,
5348,1089980,-1,47,32,-1,-1,-1,-1,-1,-1,16,2,83,-1,-1,-1,-1,,,,,
5349,1090056,-1,36,32,-1,-1,-1,-1,-1,-1,30,1,76,-1,-1,-1,-1,,,,,
5350,1090092,-1,122,32,-1,-1,-1,-1,-1,-1,35,1,127,-1,-1,-1,-1,,,,,
5351,1090182,-1,26,1,-1,-1,-1,-1,-1,-1,15,1,12,-1,-1,-1,-1,,,,,
5352,1090211,-1,310,4,-1,-1,-1,-1,-1,-1,15,1,19,-1,-1,-1,-1,,,,,
5353,1090232,-1,289,2,-1,-1,-1,-1,-1,-1,15,1,20,-1,-1,-1,-1,,,,,
5354,1090463,-1,240,32,-1,-1,-1,-1,-1,-1,35,1,127,-1,-1,-1,-1,,,,,
5355,1090491,-1,28,1,-1,-1,-1,-1,-1,-1,15,1,12,-1,-1,-1,-1,,,,,
5356,1090523,-1,426,4,-1,-1,-1,-1,-1,-1,15,1,19,-1,-1,-1,-1,,,,,
5357,1090545,-1,405,2,-1,-1,-1,-1,-1,-1,15,1,20,-1,-1,-1,-1,,,,,
5359,1090952,-1,392,4,-1,-1,-1,-1,-1,-1,15,1,19,-1,-1,-1,-1,,,,,
5360,1090973,-1,371,2,-1,-1,-1,-1,-1,-1,15,1,20,-1,-1,-1,-1,,,,,
5362,1091222,-1,703,32,-1,-1,-1,-1,-1,-1,30,1,76,-1,-1,-1,-1,,,,,
5363,1091346,-1,150,4,-1,-1,-1,-1,-1,-1,15,1,19,-1,-1,-1,-1,,,,,
5364,1091368,-1,130,2,-1,-1,-1,-1,-1,-1,15,1,20,-1,-1,-1,-1,,,,,
5369,1091756,-1,279,32,-1,-1,-1,-1,-1,-1,16,2,83,-1,-1,-1,-1,,,,,
5370,1091798,-1,179,32,-1,-1,-1,-1,-1,-1,35,1,127,-1,-1,-1,-1,,,,,
5371,1091849,-1,55,1,-1,-1,-1,-1,-1,-1,4,1,4,-1,-1,-1,-1,,,,,
5372,1091852,-1,23,1,-1,-1,-1,-1,-1,-1,15,1,12,-1,-1,-1,-1,,,,,
5374,1091944,-1,36,1,-1,-1,-1,-1,-1,-1,15,1,12,-1,-1,-1,-1,,,,,
5375,1091991,-1,22,1,-1,-1,-1,-1,-1,-1,15,1,12,-1,-1,-1,-1,,,,,
5376,1092019,-1,177,4,-1,-1,-1,-1,-1,-1,15,1,19,-1,-1,-1,-1,,,,,
5377,1092027,-1,79,16,-1,-1,-1,-1,-1,-1,13,1,129,-1,-1,-1,-1,,,,,
5378,1092046,-1,200,2,-1,-1,-1,-1,-1,-1,15,1,20,-1,-1,-1,-1,,,,,
5379,1092065,-1,36,32,-1,-1,-1,-1,-1,-1,16,2,83,-1,-1,-1,-1,,,,,
5380,1092076,-1,119,32,-1,-1,-1,-1,-1,-1,35,1,127,-1,-1,-1,-1,,,,,
5381,1092158,-1,19,32,-1,-1,-1,-1,-1,-1,16,2,83,-1,-1,-1,-1,,,,,
5382,1092188,-1,2469,32,-1,-1,-1,-1,-1,-1,4,1,3,-1,-1,-1,-1,,,,,
5383,1092190,-1,213,32,-1,-1,-1,-1,-1,-1,16,2,83,-1,-1,-1,-1,,,,,
5384,1092252,-1,1403,4,-1,-1,-1,-1,-1,-1,15,1,19,-1,-1,-1,-1,,,,,
5385,1092274,-1,1383,2,-1,-1,-1,-1,-1,-1,15,1,20,-1,-1,-1,-1,,,,,
5386,1092287,-1,87,1,-1,-1,-1,-1,-1,-1,22,1,128,-1,-1,-1,-1,,,,,
5387,1092293,-1,1007,32,-1,-1,-1,-1,-1,-1,30,1,76,-1,-1,-1,-1,,,,,
5388,1092390,-1,86,16,-1,-1,-1,-1,-1,-1,13,1,129,-1,-1,-1,-1,,,,,
5391,1092989,-1,91,32,-1,-1,-1,-1,-1,-1,35,1,127,-1,-1,-1,-1,,,,,
5392,1092999,-1,122,16,-1,-1,-1,-1,-1,-1,13,1,129,-1,-1,-1,-1,,,,,
5393,1093135,-1,54,1,-1,-1,-1,-1,-1,-1,22,1,128,-1,-1,-1,-1,,,,,
5394,1093232,-1,101,16,-1,-1,-1,-1,-1,-1,13,1,129,-1,-1,-1,-1,,,,,
5397,1093362,-1,83,1,-1,-1,-1,-1,-1,-1,22,1,130,-1,-1,-1,-1,,,,,
5401,1093648,-1,19,1,-1,-1,-1,-1,-1,-1,4,1,4,-1,-1,-1,-1,,,,,
5402,1094009,-1,25,1,-1,-1,-1,-1,-1,-1,15,1,12,-1,-1,-1,-1,,,,,
5404,1094044,-1,28,1,-1,-1,-1,-1,-1,-1,15,1,12,-1,-1,-1,-1,,,,,
5405,1094062,-1,77,2,-1,-1,-1,-1,-1,-1,22,1,130,-1,-1,-1,-1,,,,,
5406,1094097,-1,239,4,-1,-1,-1,-1,-1,-1,15,1,19,-1,-1,-1,-1,,,,,
5407,1094105,-1,82,1,-1,-1,-1,-1,-1,-1,34,1,131,-1,-1,-1,-1,,,,,
5408,1094121,-1,218,2,-1,-1,-1,-1,-1,-1,15,1,20,-1,-1,-1,-1,,,,,
5409,1094358,-1,62,4,-1,-1,-1,-1,-1,-1,22,1,130,-1,-1,-1,-1,,,,,
5410,1094482,-1,69,8,-1,-1,-1,-1,-1,-1,22,1,130,-1,-1,-1,-1,,,,,
5412,1094574,-1,131,32,-1,-1,-1,-1,-1,-1,16,2,83,-1,-1,-1,-1,,,,,
5413,1094632,-1,291,32,-1,-1,-1,-1,-1,-1,35,1,127,-1,-1,-1,-1,,,,,
5414,1094661,-1,21,1,-1,-1,-1,-1,-1,-1,4,1,4,-1,-1,-1,-1,,,,,
5415,1094672,-1,94,16,-1,-1,-1,-1,-1,-1,22,1,130,-1,-1,-1,-1,,,,,
5416,1094711,-1,125,32,-1,-1,-1,-1,-1,-1,16,2,83,-1,-1,-1,-1,,,,,
5417,1094754,-1,2420,32,-1,-1,-1,-1,-1,-1,4,1,3,-1,-1,-1,-1,,,,,
5418,1094839,-1,92,32,-1,-1,-1,-1,-1,-1,22,1,130,-1,-1,-1,-1,,,,,
5419,1094988,-1,220,32,-1,-1,-1,-1,-1,-1,30,1,76,-1,-1,-1,-1,,,,,
5420,1096036,-1,129,32,-1,-1,-1,-1,-1,-1,16,2,83,-1,-1,-1,-1,,,,,
5421,1096067,-1,44,1,-1,-1,-1,-1,-1,-1,4,1,4,-1,-1,-1,-1,,,,,
5422,1096095,-1,93,16,-1,-1,-1,-1,-1,-1,22,1,130,-1,-1,-1,-1,,,,,
5423,1096393,-1,833,8,-1,-1,-1,-1,-1,-1,22,1,132,-1,-1,-1,-1,,,,,
5424,1096673,-1,6,16,-1,-1,-1,-1,-1,-1,13,1,129,-1,-1,-1,-1,,,,,
5425,1096693,-1,56,16,-1,-1,-1,-1,-1,-1,13,1,129,-1,-1,-1,-1,,,,,
5426,1096882,-1,59,16,-1,-1,-1,-1,-1,-1,13,1,129,-1,-1,-1,-1,,,,,
5427,1097117,-1,185,32,-1,-1,-1,-1,-1,-1,30,1,76,-1,-1,-1,-1,,,,,
5428,1097177,-1,53,1,-1,-1,-1,-1,-1,-1,4,1,4,-1,-1,-1,-1,,,,,
5429,1097305,-1,20,1,-1,-1,-1,-1,-1,-1,15,1,12,-1,-1,-1,-1,,,,,
5430,1097347,-1,2403,32,-1,-1,-1,-1,-1,-1,4,1,3,-1,-1,-1,-1,,,,,
5431,1097565,-1,164,16,-1,-1,-1,-1,-1,-1,35,1,127,-1,-1,-1,-1,,,,,
5432,1097651,-1,220,32,-1,-1,-1,-1,-1,-1,30,1,76,-1,-1,-1,-1,,,,,
5433,1097743,-1,17,1,-1,-1,-1,-1,-1,-1,15,1,56,-1,-1,-1,-1,,,,,
5434,1097754,-1,206,32,-1,-1,-1,-1,-1,-1,35,1,127,-1,-1,-1,-1,,,,,
5435,1097772,-1,9,4,-1,-1,-1,-1,-1,-1,15,1,19,-1,-1,-1,-1,,,,,
5436,1097844,-1,18,1,-1,-1,-1,-1,-1,-1,15,1,12,-1,-1,-1,-1,,,,,
5437,1097892,-1,1068,4,-1,-1,-1,-1,-1,-1,15,1,19,-1,-1,-1,-1,,,,,
5438,1097914,-1,1046,2,-1,-1,-1,-1,-1,-1,15,1,20,-1,-1,-1,-1,,,,,
5439,1098056,-1,237,32,-1,-1,-1,-1,-1,-1,30,1,76,-1,-1,-1,-1,,,,,
5440,1098322,-1,118,32,-1,-1,-1,-1,-1,-1,16,2,83,-1,-1,-1,-1,,,,,
5441,1098353,-1,2351,32,-1,-1,-1,-1,-1,-1,35,1,127,-1,-1,-1,-1,,,,,
5442,1098377,-1,52,1,-1,-1,-1,-1,-1,-1,15,1,9,-1,-1,-1,-1,,,,,
5443,1098385,-1,12,8,-1,-1,-1,-1,-1,-1,24,1,29,-1,-1,-1,-1,,,,,
5444,1098441,-1,119,8,-1,-1,-1,-1,-1,-1,24,1,29,-1,-1,-1,-1,,,,,
5445,1098511,-1,106,32,-1,-1,-1,-1,-1,-1,16,2,83,-1,-1,-1,-1,,,,,
5446,1098609,-1,49,1,-1,-1,-1,-1,-1,-1,15,1,9,-1,-1,-1,-1,,,,,
5447,1098755,-1,20,1,-1,-1,-1,-1,-1,-1,4,1,4,-1,-1,-1,-1,,,,,
5448,1099081,-1,17,1,-1,-1,-1,-1,-1,-1,15,1,12,-1,-1,-1,-1,,,,,
5449,1099112,-1,31,1,-1,-1,-1,-1,-1,-1,15,1,12,-1,-1,-1,-1,,,,,
5450,1099176,-1,127,32,-1,-1,-1,-1,-1,-1,16,2,83,-1,-1,-1,-1,,,,,
5451,1099205,-1,168,4,-1,-1,-1,-1,-1,-1,15,1,19,-1,-1,-1,-1,,,,,
5452,1099229,-1,144,2,-1,-1,-1,-1,-1,-1,15,1,20,-1,-1,-1,-1,,,,,
5453,1099489,-1,110,8,-1,-1,-1,-1,-1,-1,24,1,29,-1,-1,-1,-1,,,,,
5454,1099753,-1,15,1,-1,-1,-1,-1,-1,-1,4,1,4,-1,-1,-1,-1,,,,,
5455,1099781,-1,24,1,-1,-1,-1,-1,-1,-1,15,1,12,-1,-1,-1,-1,,,,,
5456,1099809,-1,10,4,-1,-1,-1,-1,-1,-1,15,1,19,-1,-1,-1,-1,,,,,
5457,1099832,-1,2407,32,-1,-1,-1,-1,-1,-1,4,1,3,-1,-1,-1,-1,,,,,
5458,1099836,-1,19,1,-1,-1,-1,-1,-1,-1,15,1,12,-1,-1,-1,-1,,,,,
5459,1099990,-1,19,1,-1,-1,-1,-1,-1,-1,15,1,133,-1,-1,-1,-1,,,,,
5460,1099993,-1,171,4,-1,-1,-1,-1,-1,-1,15,1,19,-1,-1,-1,-1,,,,,
5461,1100015,-1,151,2,-1,-1,-1,-1,-1,-1,15,1,20,-1,-1,-1,-1,,,,,
5462,1100053,-1,34,1,-1,-1,-1,-1,-1,-1,15,1,133,-1,-1,-1,-1,,,,,
5463,1100116,-1,16,1,-1,-1,-1,-1,-1,-1,15,1,133,-1,-1,-1,-1,,,,,
5464,1100191,-1,18,1,-1,-1,-1,-1,-1,-1,15,1,133,-1,-1,-1,-1,,,,,
5465,1100224,-1,16,1,-1,-1,-1,-1,-1,-1,15,1,133,-1,-1,-1,-1,,,,,
5466,1100353,-1,18,1,-1,-1,-1,-1,-1,-1,15,1,12,-1,-1,-1,-1,,,,,
5467,1100397,-1,18,1,-1,-1,-1,-1,-1,-1,15,1,12,-1,-1,-1,-1,,,,,
5468,1100403,-1,777,32,-1,-1,-1,-1,-1,-1,30,1,76,-1,-1,-1,-1,,,,,
5469,1100438,-1,29,1,-1,-1,-1,-1,-1,-1,15,1,12,-1,-1,-1,-1,,,,,
5470,1100497,-1,1318,4,-1,-1,-1,-1,-1,-1,15,1,19,-1,-1,-1,-1,,,,,
5471,1100519,-1,1298,2,-1,-1,-1,-1,-1,-1,15,1,20,-1,-1,-1,-1,,,,,
5472,1101121,-1,17,1,-1,-1,-1,-1,-1,-1,4,1,4,-1,-1,-1,-1,,,,,
5473,1101462,-1,318,32,-1,-1,-1,-1,-1,-1,30,1,76,-1,-1,-1,-1,,,,,
5474,1101845,-1,356,32,-1,-1,-1,-1,-1,-1,30,1,76,-1,-1,-1,-1,,,,,
5475,1101900,-1,38,1,-1,-1,-1,-1,-1,-1,9,2,9,-1,-1,-1,-1,,,,,
5476,1102246,-1,17,1,-1,-1,-1,-1,-1,-1,4,1,4,-1,-1,-1,-1,,,,,
5477,1102357,-1,335,32,-1,-1,-1,-1,-1,-1,30,1,76,-1,-1,-1,-1,,,,,
5478,1102467,-1,170,64,-1,-1,-1,-1,-1,-1,12,2,14,-1,-1,-1,-1,,,,,
5479,1102550,-1,596,32,-1,-1,-1,-1,-1,-1,4,1,3,-1,-1,-1,-1,,,,,
5480,1102750,-1,227,32,-1,-1,-1,-1,-1,-1,30,1,76,-1,-1,-1,-1,,,,,
5481,1103032,-1,438,32,-1,-1,-1,-1,-1,-1,30,1,76,-1,-1,-1,-1,,,,,
5482,1103233,-1,1386,64,-1,-1,-1,-1,-1,-1,4,1,3,-1,-1,-1,-1,,,,,
5483,1103531,-1,158,64,-1,-1,-1,-1,-1,-1,12,2,31,-1,-1,-1,-1,,,,,
5484,1103960,-1,75,1,-1,-1,-1,-1,-1,-1,15,1,9,-1,-1,-1,-1,,,,,
5485,1104196,-1,420,32,-1,-1,-1,-1,-1,-1,30,1,76,-1,-1,-1,-1,,,,,
5486,1104621,-1,15,1,-1,-1,-1,-1,-1,-1,4,1,4,-1,-1,-1,-1,,,,,
5487,1105070,-1,221,32,-1,-1,-1,-1,-1,-1,30,1,76,-1,-1,-1,-1,,,,,
5488,1112470,-1,18,1,-1,-1,-1,-1,-1,-1,15,1,12,-1,-1,-1,-1,,,,,
5489,1112490,-1,19,128,-1,-1,-1,-1,-1,-1,15,1,-1,-1,-1,-1,-1,,,,,
5490,1112516,-1,19,1,-1,-1,-1,-1,-1,-1,15,1,9,-1,-1,-1,-1,,,,,
5491,1112539,-1,8534,128,-1,-1,-1,-1,-1,-1,1,1,-1,-1,-1,-1,-1,,,,,
5492,1121077,-1,9791,128,-1,-1,-1,-1,-1,-1,2,1,-1,-1,-1,-1,-1,,,,,
5493,1130873,-1,10929,128,-1,-1,-1,-1,-1,-1,17,1,-1,-1,-1,-1,-1,,,,,
5505,1143404,-1,165,1,-1,-1,-1,-1,-1,-1,6,1,6,-1,-1,-1,-1,,,,,
5508,1143600,-1,378,1,-1,-1,-1,-1,-1,-1,6,1,6,-1,-1,-1,-1,,,,,
5510,1144004,-1,422,1,-1,-1,-1,-1,-1,-1,6,1,6,-1,-1,-1,-1,,,,,
5512,1144255,-1,28,1,-1,-1,-1,-1,-1,-1,23,1,9,-1,-1,-1,-1,,,,,
5513,1144300,-1,29,4,-1,-1,-1,-1,-1,-1,23,1,134,-1,-1,-1,-1,,,,,
5517,1144431,-1,193,4,-1,-1,-1,-1,-1,-1,23,1,134,-1,-1,-1,-1,,,,,
5522,1144827,-1,183,4,-1,-1,-1,-1,-1,-1,23,1,134,-1,-1,-1,-1,,,,,
5525,1145260,-1,49,4,-1,-1,-1,-1,-1,-1,23,1,134,-1,-1,-1,-1,,,,,
5526,1145359,-1,485,4,-1,-1,-1,-1,-1,-1,23,1,134,-1,-1,-1,-1,,,,,
5533,1145906,-1,232,4,-1,-1,-1,-1,-1,-1,23,1,134,-1,-1,-1,-1,,,,,
5548,1147925,-1,230,4,-1,-1,-1,-1,-1,-1,23,1,134,-1,-1,-1,-1,,,,,
5549,1148231,-1,338,4,-1,-1,-1,-1,-1,-1,23,1,134,-1,-1,-1,-1,,,,,
5552,1148469,-1,1372,64,-1,-1,-1,-1,-1,-1,4,1,3,-1,-1,-1,-1,,,,,
5553,1148608,-1,447,4,-1,-1,-1,-1,-1,-1,23,1,134,-1,-1,-1,-1,,,,,
5562,1149476,-1,117,16,-1,-1,-1,-1,-1,-1,8,1,8,-1,-1,-1,-1,,,,,
5563,1149760,-1,426,4,-1,-1,-1,-1,-1,-1,23,1,134,-1,-1,-1,-1,,,,,
5565,1149847,-1,18,1,-1,-1,-1,-1,-1,-1,4,1,4,-1,-1,-1,-1,,,,,
5567,1149869,-1,287,16,-1,-1,-1,-1,-1,-1,8,1,8,-1,-1,-1,-1,,,,,
5568,1150048,-1,1378,64,-1,-1,-1,-1,-1,-1,4,1,3,-1,-1,-1,-1,,,,,
5573,1150282,-1,274,4,-1,-1,-1,-1,-1,-1,23,1,134,-1,-1,-1,-1,,,,,
5578,1150850,-1,4,16,-1,-1,-1,-1,-1,-1,8,1,8,-1,-1,-1,-1,,,,,
5580,1150981,-1,425,16,-1,-1,-1,-1,-1,-1,8,1,8,-1,-1,-1,-1,,,,,
5581,1151013,-1,190,32,-1,-1,-1,-1,-1,-1,11,1,11,-1,-1,-1,-1,,,,,
5582,1151320,-1,218,32,-1,-1,-1,-1,-1,-1,12,2,14,-1,-1,-1,-1,,,,,
5583,1151379,-1,241,1,-1,-1,-1,-1,-1,-1,11,1,11,-1,-1,-1,-1,,,,,
5584,1151429,-1,15,1,-1,-1,-1,-1,-1,-1,4,1,4,-1,-1,-1,-1,,,,,
5585,1151917,-1,425,16,-1,-1,-1,-1,-1,-1,8,1,8,-1,-1,-1,-1,,,,,
5586,1152327,-1,301,32,-1,-1,-1,-1,-1,-1,30,1,76,-1,-1,-1,-1,,,,,
5587,1152586,-1,1425,64,-1,-1,-1,-1,-1,-1,4,1,3,-1,-1,-1,-1,,,,,
5588,1152642,-1,262,32,-1,-1,-1,-1,-1,-1,30,1,76,-1,-1,-1,-1,,,,,
5590,1153131,-1,35,4,-1,-1,-1,-1,-1,-1,22,1,122,-1,-1,-1,-1,,,,,
5591,1153259,-1,37,8,-1,-1,-1,-1,-1,-1,22,1,122,-1,-1,-1,-1,,,,,
5593,1153332,-1,30,16,-1,-1,-1,-1,-1,-1,22,1,122,-1,-1,-1,-1,,,,,
5594,1153396,-1,37,32,-1,-1,-1,-1,-1,-1,22,1,122,-1,-1,-1,-1,,,,,
5598,1154013,-1,15,1,-1,-1,-1,-1,-1,-1,4,1,4,-1,-1,-1,-1,,,,,
5599,1154066,-1,1435,64,-1,-1,-1,-1,-1,-1,4,1,3,-1,-1,-1,-1,,,,,
5601,1154156,-1,666,8,-1,-1,-1,-1,-1,-1,24,1,29,-1,-1,-1,-1,,,,,
5604,1154277,-1,293,32,-1,-1,-1,-1,-1,-1,30,1,76,-1,-1,-1,-1,,,,,
5608,1154792,-1,7043,16,-1,-1,-1,-1,-1,-1,8,1,8,-1,-1,-1,-1,,,,,
5612,1154889,-1,420,32,-1,-1,-1,-1,-1,-1,30,1,76,-1,-1,-1,-1,,,,,
5615,1155014,-1,56,8,-1,-1,-1,-1,-1,-1,24,1,74,-1,-1,-1,-1,,,,,
5618,1155410,-1,196,32,-1,-1,-1,-1,-1,-1,30,1,76,-1,-1,-1,-1,,,,,
5619,1155507,-1,43,1,-1,-1,-1,-1,-1,-1,4,1,4,-1,-1,-1,-1,,,,,
5620,1155520,-1,25,1,-1,-1,-1,-1,-1,-1,4,1,2,-1,-1,-1,-1,,,,,
5623,1155701,-1,1413,64,-1,-1,-1,-1,-1,-1,4,1,3,-1,-1,-1,-1,,,,,
5627,1155914,-1,37,1,-1,-1,-1,-1,-1,-1,9,2,9,-1,-1,-1,-1,,,,,
5635,1156567,-1,700,32,-1,-1,-1,-1,-1,-1,30,1,76,-1,-1,-1,-1,,,,,
5639,1157116,-1,17,1,-1,-1,-1,-1,-1,-1,4,1,4,-1,-1,-1,-1,,,,,
5640,1157197,-1,1407,64,-1,-1,-1,-1,-1,-1,4,1,3,-1,-1,-1,-1,,,,,
5644,1157989,-1,179,32,-1,-1,-1,-1,-1,-1,30,1,76,-1,-1,-1,-1,,,,,
5645,1158176,-1,2399,32,-1,-1,-1,-1,-1,-1,35,1,127,-1,-1,-1,-1,,,,,
5648,1158347,-1,16,1,-1,-1,-1,-1,-1,-1,15,1,12,-1,-1,-1,-1,,,,,
5650,1158385,-1,22,1,-1,-1,-1,-1,-1,-1,15,1,12,-1,-1,-1,-1,,,,,
5651,1158581,-1,38,1,-1,-1,-1,-1,-1,-1,15,1,12,-1,-1,-1,-1,,,,,
5652,1158610,-1,29,1,-1,-1,-1,-1,-1,-1,4,1,4,-1,-1,-1,-1,,,,,
5653,1158613,-1,66,8,-1,-1,-1,-1,-1,-1,24,1,74,-1,-1,-1,-1,,,,,
5654,1158623,-1,113,1,-1,-1,-1,-1,-1,-1,15,1,9,-1,-1,-1,-1,,,,,
5655,1158693,-1,1435,64,-1,-1,-1,-1,-1,-1,4,1,3,-1,-1,-1,-1,,,,,
5657,1158928,-1,6,4,-1,-1,-1,-1,-1,-1,15,1,19,-1,-1,-1,-1,,,,,
5658,1158934,-1,17,1,-1,-1,-1,-1,-1,-1,36,1,9,-1,-1,-1,-1,,,,,
5659,1159005,-1,28,1,-1,-1,-1,-1,-1,-1,15,1,12,-1,-1,-1,-1,,,,,
5660,1159036,-1,1311,4,-1,-1,-1,-1,-1,-1,15,1,19,-1,-1,-1,-1,,,,,
5661,1159057,-1,1297,2,-1,-1,-1,-1,-1,-1,15,1,20,-1,-1,-1,-1,,,,,
5667,1159881,-1,439,1,-1,-1,-1,-1,-1,-1,6,1,6,-1,-1,-1,-1,,,,,
5669,1160131,-1,21,1,-1,-1,-1,-1,-1,-1,4,1,4,-1,-1,-1,-1,,,,,
5670,1160296,-1,1870,64,-1,-1,-1,-1,-1,-1,4,1,3,-1,-1,-1,-1,,,,,
5672,1160665,-1,37,1,-1,-1,-1,-1,-1,-1,36,1,135,-1,-1,-1,-1,,,,,
5673,1160669,-1,1070,32,-1,-1,-1,-1,-1,-1,30,1,76,-1,-1,-1,-1,,,,,
5675,1161199,-1,21,1,-1,-1,-1,-1,-1,-1,15,1,56,-1,-1,-1,-1,,,,,
5676,1161234,-1,5,1,-1,-1,-1,-1,-1,-1,36,1,136,-1,-1,-1,-1,,,,,
5677,1161377,-1,10,1,-1,-1,-1,-1,-1,-1,36,1,137,-1,-1,-1,-1,,,,,
5679,1161391,-1,36,4,-1,-1,-1,-1,-1,-1,5,2,5,-1,-1,-1,-1,,,,,
5680,1161447,-1,324,8,-1,-1,-1,-1,-1,-1,5,2,5,-1,-1,-1,-1,,,,,
5682,1161728,-1,7,1,-1,-1,-1,-1,-1,-1,5,2,9,-1,-1,-1,-1,,,,,
5683,1161791,-1,33,4,-1,-1,-1,-1,-1,-1,5,2,5,-1,-1,-1,-1,,,,,
5685,1161828,-1,12,1,-1,-1,-1,-1,-1,-1,5,2,9,-1,-1,-1,-1,,,,,
5686,1161847,-1,31,4,-1,-1,-1,-1,-1,-1,5,2,5,-1,-1,-1,-1,,,,,
5688,1161913,-1,4,1,-1,-1,-1,-1,-1,-1,5,2,104,-1,-1,-1,-1,,,,,
5689,1162082,-1,5,1,-1,-1,-1,-1,-1,-1,5,2,12,-1,-1,-1,-1,,,,,
5690,1162168,-1,16,1,-1,-1,-1,-1,-1,-1,4,1,4,-1,-1,-1,-1,,,,,
5692,1162232,-1,1342,64,-1,-1,-1,-1,-1,-1,4,1,3,-1,-1,-1,-1,,,,,
5694,1162730,-1,423,16,-1,-1,-1,-1,-1,-1,8,1,8,-1,-1,-1,-1,,,,,
5699,1163576,-1,22,1,-1,-1,-1,-1,-1,-1,4,1,4,-1,-1,-1,-1,,,,,
5702,1163787,-1,742,32,-1,-1,-1,-1,-1,-1,30,1,76,-1,-1,-1,-1,,,,,
5703,1163864,-1,1365,64,-1,-1,-1,-1,-1,-1,4,1,3,-1,-1,-1,-1,,,,,
5705,1164210,-1,5,1,-1,-1,-1,-1,-1,-1,5,2,56,-1,-1,-1,-1,,,,,
5706,1164250,-1,5,1,-1,-1,-1,-1,-1,-1,5,2,9,-1,-1,-1,-1,,,,,
5707,1164276,-1,21,4,-1,-1,-1,-1,-1,-1,5,2,5,-1,-1,-1,-1,,,,,
5708,1164325,-1,101,4,-1,-1,-1,-1,-1,-1,5,2,5,-1,-1,-1,-1,,,,,
5709,1164441,-1,21,4,-1,-1,-1,-1,-1,-1,5,2,5,-1,-1,-1,-1,,,,,
5710,1164470,-1,51,4,-1,-1,-1,-1,-1,-1,5,2,5,-1,-1,-1,-1,,,,,
5711,1164585,-1,21,4,-1,-1,-1,-1,-1,-1,5,2,138,-1,-1,-1,-1,,,,,
5712,1164612,-1,24,8,-1,-1,-1,-1,-1,-1,5,2,11,-1,-1,-1,-1,,,,,
5714,1164653,-1,7,1,-1,-1,-1,-1,-1,-1,5,2,12,-1,-1,-1,-1,,,,,
5715,1164812,-1,315,32,-1,-1,-1,-1,-1,-1,30,1,76,-1,-1,-1,-1,,,,,
5721,1165233,-1,29,1,-1,-1,-1,-1,-1,-1,4,1,4,-1,-1,-1,-1,,,,,
5722,1165257,-1,1407,64,-1,-1,-1,-1,-1,-1,4,1,3,-1,-1,-1,-1,,,,,
5723,1165271,-1,138,32,-1,-1,-1,-1,-1,-1,30,1,76,-1,-1,-1,-1,,,,,
5724,1165466,-1,366,4,-1,-1,-1,-1,-1,-1,5,2,5,-1,-1,-1,-1,,,,,
5725,1165507,-1,190,32,-1,-1,-1,-1,-1,-1,30,1,76,-1,-1,-1,-1,,,,,
5727,1165793,-1,205,32,-1,-1,-1,-1,-1,-1,30,1,76,-1,-1,-1,-1,,,,,
5728,1165855,-1,17,1,-1,-1,-1,-1,-1,-1,5,2,12,-1,-1,-1,-1,,,,,
5729,1166019,-1,220,32,-1,-1,-1,-1,-1,-1,30,1,76,-1,-1,-1,-1,,,,,
5731,1166215,-1,21,4,-1,-1,-1,-1,-1,-1,23,1,134,-1,-1,-1,-1,,,,,
5732,1166495,-1,35,1,-1,-1,-1,-1,-1,-1,12,2,1,-1,-1,-1,-1,,,,,
5737,1166667,-1,15,1,-1,-1,-1,-1,-1,-1,4,1,4,-1,-1,-1,-1,,,,,
5739,1166737,-1,1352,64,-1,-1,-1,-1,-1,-1,4,1,3,-1,-1,-1,-1,,,,,
5740,1166886,-1,23,4,-1,-1,-1,-1,-1,-1,23,1,134,-1,-1,-1,-1,,,,,
5742,1167328,-1,23,4,-1,-1,-1,-1,-1,-1,23,1,134,-1,-1,-1,-1,,,,,
5744,1167664,-1,20,4,-1,-1,-1,-1,-1,-1,23,1,134,-1,-1,-1,-1,,,,,
5745,1167713,-1,211,32,-1,-1,-1,-1,-1,-1,30,1,76,-1,-1,-1,-1,,,,,
5747,1167953,-1,215,32,-1,-1,-1,-1,-1,-1,30,1,76,-1,-1,-1,-1,,,,,
5750,1168091,-1,17,1,-1,-1,-1,-1,-1,-1,4,1,4,-1,-1,-1,-1,,,,,
5752,1168138,-1,32,4,-1,-1,-1,-1,-1,-1,23,1,134,-1,-1,-1,-1,,,,,
5754,1168288,-1,1368,64,-1,-1,-1,-1,-1,-1,4,1,3,-1,-1,-1,-1,,,,,
5755,1168338,-1,40,4,-1,-1,-1,-1,-1,-1,23,1,134,-1,-1,-1,-1,,,,,
5758,1169154,-1,20,1,-1,-1,-1,-1,-1,-1,23,1,139,-1,-1,-1,-1,,,,,
5759,1169190,-1,20,1,-1,-1,-1,-1,-1,-1,23,1,139,-1,-1,-1,-1,,,,,
5760,1169308,-1,20,1,-1,-1,-1,-1,-1,-1,23,1,139,-1,-1,-1,-1,,,,,
5765,1169607,-1,21,1,-1,-1,-1,-1,-1,-1,23,1,139,-1,-1,-1,-1,,,,,
5766,1169646,-1,45,4,-1,-1,-1,-1,-1,-1,23,1,134,-1,-1,-1,-1,,,,,
5767,1169660,-1,19,1,-1,-1,-1,-1,-1,-1,4,1,4,-1,-1,-1,-1,,,,,
5769,1169741,-1,1345,64,-1,-1,-1,-1,-1,-1,4,1,3,-1,-1,-1,-1,,,,,
5773,1170596,-1,1727,32,-1,-1,-1,-1,-1,-1,35,1,127,-1,-1,-1,-1,,,,,
5777,1171089,-1,18,1,-1,-1,-1,-1,-1,-1,4,1,4,-1,-1,-1,-1,,,,,
5780,1171347,-1,20,1,-1,-1,-1,-1,-1,-1,15,1,12,-1,-1,-1,-1,,,,,
5781,1171381,-1,21,1,-1,-1,-1,-1,-1,-1,15,1,9,-1,-1,-1,-1,,,,,
5782,1171411,-1,20,1,-1,-1,-1,-1,-1,-1,15,1,9,-1,-1,-1,-1,,,,,
5783,1171464,-1,1372,64,-1,-1,-1,-1,-1,-1,4,1,3,-1,-1,-1,-1,,,,,
5784,1171510,-1,25,1,-1,-1,-1,-1,-1,-1,15,1,12,-1,-1,-1,-1,,,,,
5785,1171614,-1,22,1,-1,-1,-1,-1,-1,-1,15,1,12,-1,-1,-1,-1,,,,,
5787,1171989,-1,27,1,-1,-1,-1,-1,-1,-1,23,1,139,-1,-1,-1,-1,,,,,
5788,1172164,-1,2160,4,-1,-1,-1,-1,-1,-1,15,1,19,-1,-1,-1,-1,,,,,
5789,1172185,-1,2139,2,-1,-1,-1,-1,-1,-1,15,1,20,-1,-1,-1,-1,,,,,
5791,1172303,-1,30,1,-1,-1,-1,-1,-1,-1,15,1,12,-1,-1,-1,-1,,,,,
5792,1172355,-1,67,1,-1,-1,-1,-1,-1,-1,15,1,12,-1,-1,-1,-1,,,,,
5793,1172418,-1,90,32,-1,-1,-1,-1,-1,-1,16,2,83,-1,-1,-1,-1,,,,,
5794,1172437,-1,177,4,-1,-1,-1,-1,-1,-1,15,1,19,-1,-1,-1,-1,,,,,
5795,1172461,-1,334,2,-1,-1,-1,-1,-1,-1,15,1,20,-1,-1,-1,-1,,,,,
5796,1172512,-1,31,32,-1,-1,-1,-1,-1,-1,16,2,85,-1,-1,-1,-1,,,,,
5797,1172576,-1,18,1,-1,-1,-1,-1,-1,-1,23,1,139,-1,-1,-1,-1,,,,,
5798,1172581,-1,71,32,-1,-1,-1,-1,-1,-1,16,2,85,-1,-1,-1,-1,,,,,
5799,1172638,-1,28,1,-1,-1,-1,-1,-1,-1,23,1,139,-1,-1,-1,-1,,,,,
5801,1172705,-1,41,32,-1,-1,-1,-1,-1,-1,16,2,85,-1,-1,-1,-1,,,,,
5803,1172805,-1,31,1,-1,-1,-1,-1,-1,-1,23,1,139,-1,-1,-1,-1,,,,,
5804,1172840,-1,16,1,-1,-1,-1,-1,-1,-1,4,1,4,-1,-1,-1,-1,,,,,
5806,1172955,-1,22,1,-1,-1,-1,-1,-1,-1,23,1,139,-1,-1,-1,-1,,,,,
5807,1173079,-1,210,4,-1,-1,-1,-1,-1,-1,15,1,19,-1,-1,-1,-1,,,,,
5808,1173101,-1,187,2,-1,-1,-1,-1,-1,-1,15,1,20,-1,-1,-1,-1,,,,,
5809,1173112,-1,1589,64,-1,-1,-1,-1,-1,-1,4,1,3,-1,-1,-1,-1,,,,,
5810,1173262,-1,113,32,-1,-1,-1,-1,-1,-1,35,1,127,-1,-1,-1,-1,,,,,
5811,1173337,-1,72,4,-1,-1,-1,-1,-1,-1,23,1,134,-1,-1,-1,-1,,,,,
5812,1173372,-1,791,4,-1,-1,-1,-1,-1,-1,15,1,19,-1,-1,-1,-1,,,,,
5813,1173379,-1,32,32,-1,-1,-1,-1,-1,-1,16,2,83,-1,-1,-1,-1,,,,,
5814,1173406,-1,758,2,-1,-1,-1,-1,-1,-1,15,1,20,-1,-1,-1,-1,,,,,
5815,1173411,-1,60,32,-1,-1,-1,-1,-1,-1,16,2,83,-1,-1,-1,-1,,,,,
5817,1173675,-1,47,32,-1,-1,-1,-1,-1,-1,16,2,83,-1,-1,-1,-1,,,,,
5818,1173753,-1,37,32,-1,-1,-1,-1,-1,-1,35,1,127,-1,-1,-1,-1,,,,,
5819,1173960,-1,168,32,-1,-1,-1,-1,-1,-1,35,1,127,-1,-1,-1,-1,,,,,
5820,1174001,-1,18,1,-1,-1,-1,-1,-1,-1,4,1,2,-1,-1,-1,-1,,,,,
5822,1174147,-1,42,4,-1,-1,-1,-1,-1,-1,23,1,134,-1,-1,-1,-1,,,,,
5823,1174313,-1,35,1,-1,-1,-1,-1,-1,-1,15,1,9,-1,-1,-1,-1,,,,,
5824,1174373,-1,1295,4,-1,-1,-1,-1,-1,-1,15,1,19,-1,-1,-1,-1,,,,,
5825,1174395,-1,1275,2,-1,-1,-1,-1,-1,-1,15,1,20,-1,-1,-1,-1,,,,,
5827,1174471,-1,54,4,-1,-1,-1,-1,-1,-1,23,1,134,-1,-1,-1,-1,,,,,
5828,1174511,-1,54,32,-1,-1,-1,-1,-1,-1,16,2,83,-1,-1,-1,-1,,,,,
5832,1174705,-1,21,1,-1,-1,-1,-1,-1,-1,4,1,4,-1,-1,-1,-1,,,,,
5834,1175086,-1,1383,64,-1,-1,-1,-1,-1,-1,4,1,3,-1,-1,-1,-1,,,,,
5836,1175481,-1,64,16,-1,-1,-1,-1,-1,-1,13,1,129,-1,-1,-1,-1,,,,,
5838,1175985,-1,54,32,-1,-1,-1,-1,-1,-1,16,2,83,-1,-1,-1,-1,,,,,
5843,1176471,-1,17,1,-1,-1,-1,-1,-1,-1,4,1,4,-1,-1,-1,-1,,,,,
5844,1176539,-1,54,2,-1,-1,-1,-1,-1,-1,16,2,83,-1,-1,-1,-1,,,,,
5845,1176595,-1,28,2,-1,-1,-1,-1,-1,-1,16,2,85,-1,-1,-1,-1,,,,,
5846,1176629,-1,1373,64,-1,-1,-1,-1,-1,-1,4,1,3,-1,-1,-1,-1,,,,,
5847,1176666,-1,60,2,-1,-1,-1,-1,-1,-1,16,2,85,-1,-1,-1,-1,,,,,
5849,1176923,-1,38,32,-1,-1,-1,-1,-1,-1,16,2,83,-1,-1,-1,-1,,,,,
5850,1177107,-1,9,2,-1,-1,-1,-1,-1,-1,16,2,85,-1,-1,-1,-1,,,,,
5851,1177162,-1,5,32,-1,-1,-1,-1,-1,-1,16,2,83,-1,-1,-1,-1,,,,,
5852,1177170,-1,48,2,-1,-1,-1,-1,-1,-1,16,2,83,-1,-1,-1,-1,,,,,
5853,1177177,-1,95,2,-1,-1,-1,-1,-1,-1,16,2,85,-1,-1,-1,-1,,,,,
5854,1177224,-1,21,1,-1,-1,-1,-1,-1,-1,15,1,12,-1,-1,-1,-1,,,,,
5855,1177299,-1,87,2,-1,-1,-1,-1,-1,-1,16,2,83,-1,-1,-1,-1,,,,,
5857,1177406,-1,218,32,-1,-1,-1,-1,-1,-1,30,1,76,-1,-1,-1,-1,,,,,
5858,1177682,-1,227,32,-1,-1,-1,-1,-1,-1,30,1,76,-1,-1,-1,-1,,,,,
5860,1177727,-1,237,2,-1,-1,-1,-1,-1,-1,16,2,85,-1,-1,-1,-1,,,,,
5861,1177735,-1,168,2,-1,-1,-1,-1,-1,-1,16,2,83,-1,-1,-1,-1,,,,,
5862,1177771,-1,41,1,-1,-1,-1,-1,-1,-1,37,1,140,-1,-1,-1,-1,,,,,
5865,1177837,-1,89,4,-1,-1,-1,-1,-1,-1,37,1,11,-1,-1,-1,-1,,,,,
5867,1177929,-1,276,16,-1,-1,-1,-1,-1,-1,30,1,76,-1,-1,-1,-1,,,,,
5869,1178007,-1,14,1,-1,-1,-1,-1,-1,-1,4,1,4,-1,-1,-1,-1,,,,,
5870,1178323,-1,1482,64,-1,-1,-1,-1,-1,-1,4,1,3,-1,-1,-1,-1,,,,,
5871,1178367,-1,184,16,-1,-1,-1,-1,-1,-1,30,1,76,-1,-1,-1,-1,,,,,
5872,1178592,-1,150,16,-1,-1,-1,-1,-1,-1,30,1,76,-1,-1,-1,-1,,,,,
5873,1178852,-1,36,16,-1,-1,-1,-1,-1,-1,30,1,76,-1,-1,-1,-1,,,,,
5874,1179322,-1,216,16,-1,-1,-1,-1,-1,-1,30,1,76,-1,-1,-1,-1,,,,,
5875,1179564,-1,286,64,-1,-1,-1,-1,-1,-1,30,1,76,-1,-1,-1,-1,,,,,
5876,1179807,-1,16,1,-1,-1,-1,-1,-1,-1,4,1,4,-1,-1,-1,-1,,,,,
5878,1180487,-1,376,32,-1,-1,-1,-1,-1,-1,30,1,76,-1,-1,-1,-1,,,,,
5880,1180738,-1,1375,64,-1,-1,-1,-1,-1,-1,4,1,3,-1,-1,-1,-1,,,,,
5886,1181517,-1,24,1,-1,-1,-1,-1,-1,-1,22,1,141,-1,-1,-1,-1,,,,,
5887,1181542,-1,205,32,-1,-1,-1,-1,-1,-1,30,1,76,-1,-1,-1,-1,,,,,
5888,1181619,-1,132,1,-1,-1,-1,-1,-1,-1,22,1,141,-1,-1,-1,-1,,,,,
5889,1181773,-1,178,32,-1,-1,-1,-1,-1,-1,30,1,76,-1,-1,-1,-1,,,,,
5890,1181832,-1,157,2,-1,-1,-1,-1,-1,-1,22,1,141,-1,-1,-1,-1,,,,,
5891,1181994,-1,470,32,-1,-1,-1,-1,-1,-1,30,1,76,-1,-1,-1,-1,,,,,
5892,1182576,-1,31,1,-1,-1,-1,-1,-1,-1,4,1,4,-1,-1,-1,-1,,,,,
5893,1182579,-1,3,32,-1,-1,-1,-1,-1,-1,30,1,76,-1,-1,-1,-1,,,,,
5894,1182592,-1,72,16,-1,-1,-1,-1,-1,-1,16,2,142,-1,-1,-1,-1,,,,,
5895,1182729,-1,359,32,-1,-1,-1,-1,-1,-1,30,1,76,-1,-1,-1,-1,,,,,
5896,1182732,-1,95,16,-1,-1,-1,-1,-1,-1,16,2,142,-1,-1,-1,-1,,,,,
5897,1182859,-1,143,4,-1,-1,-1,-1,-1,-1,22,1,141,-1,-1,-1,-1,,,,,
5899,1182964,-1,19,16,-1,-1,-1,-1,-1,-1,16,2,142,-1,-1,-1,-1,,,,,
5900,1183050,-1,99,16,-1,-1,-1,-1,-1,-1,16,2,142,-1,-1,-1,-1,,,,,
5901,1183096,-1,17,1,-1,-1,-1,-1,-1,-1,15,1,12,-1,-1,-1,-1,,,,,
5902,1183130,-1,24,1,-1,-1,-1,-1,-1,-1,15,1,12,-1,-1,-1,-1,,,,,
5903,1183173,-1,2527,4,-1,-1,-1,-1,-1,-1,15,1,19,-1,-1,-1,-1,,,,,
5904,1183195,-1,2506,2,-1,-1,-1,-1,-1,-1,15,1,20,-1,-1,-1,-1,,,,,
5905,1183199,-1,33,16,-1,-1,-1,-1,-1,-1,16,2,143,-1,-1,-1,-1,,,,,
5907,1183307,-1,258,16,-1,-1,-1,-1,-1,-1,16,2,144,-1,-1,-1,-1,,,,,
5911,1183762,-1,21,8,-1,-1,-1,-1,-1,-1,22,1,141,-1,-1,-1,-1,,,,,
5912,1183835,-1,137,8,-1,-1,-1,-1,-1,-1,22,1,141,-1,-1,-1,-1,,,,,
5913,1183993,-1,87,16,-1,-1,-1,-1,-1,-1,16,2,142,-1,-1,-1,-1,,,,,
5914,1184000,-1,23,32,-1,-1,-1,-1,-1,-1,30,1,76,-1,-1,-1,-1,,,,,
5915,1184089,-1,22,32,-1,-1,-1,-1,-1,-1,30,1,76,-1,-1,-1,-1,,,,,
5916,1184154,-1,22,32,-1,-1,-1,-1,-1,-1,30,1,76,-1,-1,-1,-1,,,,,
5917,1184380,-1,22,32,-1,-1,-1,-1,-1,-1,30,1,76,-1,-1,-1,-1,,,,,
5918,1184487,-1,23,32,-1,-1,-1,-1,-1,-1,30,1,76,-1,-1,-1,-1,,,,,
5919,1184656,-1,22,32,-1,-1,-1,-1,-1,-1,30,1,76,-1,-1,-1,-1,,,,,
5920,1184766,-1,42,4,-1,-1,-1,-1,-1,-1,23,1,134,-1,-1,-1,-1,,,,,
5921,1184980,-1,84,16,-1,-1,-1,-1,-1,-1,16,2,142,-1,-1,-1,-1,,,,,
5922,1185029,-1,40,4,-1,-1,-1,-1,-1,-1,23,1,134,-1,-1,-1,-1,,,,,
5923,1185035,-1,22,32,-1,-1,-1,-1,-1,-1,30,1,76,-1,-1,-1,-1,,,,,
5924,1185173,-1,22,32,-1,-1,-1,-1,-1,-1,30,1,76,-1,-1,-1,-1,,,,,
5925,1185261,-1,24,1,-1,-1,-1,-1,-1,-1,23,1,9,-1,-1,-1,-1,,,,,
5926,1185776,-1,98,8,-1,-1,-1,-1,-1,-1,16,2,142,-1,-1,-1,-1,,,,,
5927,1185806,-1,182,32,-1,-1,-1,-1,-1,-1,30,1,76,-1,-1,-1,-1,,,,,
5928,1186009,-1,180,32,-1,-1,-1,-1,-1,-1,30,1,76,-1,-1,-1,-1,,,,,
5929,1186324,-1,64,8,-1,-1,-1,-1,-1,-1,16,2,142,-1,-1,-1,-1,,,,,
5930,1186329,-1,199,32,-1,-1,-1,-1,-1,-1,30,1,76,-1,-1,-1,-1,,,,,
5931,1186411,-1,30,1,-1,-1,-1,-1,-1,-1,23,1,9,-1,-1,-1,-1,,,,,
5932,1186449,-1,36,4,-1,-1,-1,-1,-1,-1,23,1,134,-1,-1,-1,-1,,,,,
5933,1186681,-1,224,32,-1,-1,-1,-1,-1,-1,30,1,76,-1,-1,-1,-1,,,,,
5934,1186692,-1,46,4,-1,-1,-1,-1,-1,-1,23,1,134,-1,-1,-1,-1,,,,,
5935,1186989,-1,118,4,-1,-1,-1,-1,-1,-1,23,1,134,-1,-1,-1,-1,,,,,
5936,1187006,-1,219,32,-1,-1,-1,-1,-1,-1,30,1,76,-1,-1,-1,-1,,,,,
5937,1187372,-1,316,32,-1,-1,-1,-1,-1,-1,30,1,76,-1,-1,-1,-1,,,,,
5938,1187422,-1,34,4,-1,-1,-1,-1,-1,-1,23,1,134,-1,-1,-1,-1,,,,,
5939,1187496,-1,22,1,-1,-1,-1,-1,-1,-1,15,1,12,-1,-1,-1,-1,,,,,
5940,1187508,-1,93,4,-1,-1,-1,-1,-1,-1,23,1,134,-1,-1,-1,-1,,,,,
5941,1187780,-1,277,32,-1,-1,-1,-1,-1,-1,30,1,76,-1,-1,-1,-1,,,,,
5942,1188066,-1,50,4,-1,-1,-1,-1,-1,-1,23,1,134,-1,-1,-1,-1,,,,,
5943,1188214,-1,37,4,-1,-1,-1,-1,-1,-1,23,1,134,-1,-1,-1,-1,,,,,
5944,1188301,-1,11,1,-1,-1,-1,-1,-1,-1,9,2,9,-1,-1,-1,-1,,,,,
5945,1188339,-1,21,1,-1,-1,-1,-1,-1,-1,15,1,12,-1,-1,-1,-1,,,,,
5946,1188381,-1,26,1,-1,-1,-1,-1,-1,-1,15,1,12,-1,-1,-1,-1,,,,,
5947,1188398,-1,111,32,-1,-1,-1,-1,-1,-1,30,1,76,-1,-1,-1,-1,,,,,
5948,1188413,-1,69,8,-1,-1,-1,-1,-1,-1,16,2,142,-1,-1,-1,-1,,,,,
5949,1188457,-1,21,1,-1,-1,-1,-1,-1,-1,15,1,12,-1,-1,-1,-1,,,,,
5950,1188471,-1,27,1,-1,-1,-1,-1,-1,-1,15,1,12,-1,-1,-1,-1,,,,,
5951,1188550,-1,38,4,-1,-1,-1,-1,-1,-1,15,1,19,-1,-1,-1,-1,,,,,
5952,1188571,-1,29,2,-1,-1,-1,-1,-1,-1,15,1,20,-1,-1,-1,-1,,,,,
5953,1188574,-1,44,4,-1,-1,-1,-1,-1,-1,23,1,134,-1,-1,-1,-1,,,,,
5954,1188577,-1,3,32,-1,-1,-1,-1,-1,-1,30,1,76,-1,-1,-1,-1,,,,,
5955,1188725,-1,384,4,-1,-1,-1,-1,-1,-1,23,1,134,-1,-1,-1,-1,,,,,
5956,1188808,-1,5580,4,-1,-1,-1,-1,-1,-1,15,1,19,-1,-1,-1,-1,,,,,
5957,1188830,-1,5562,2,-1,-1,-1,-1,-1,-1,15,1,20,-1,-1,-1,-1,,,,,
5958,1189049,-1,215,32,-1,-1,-1,-1,-1,-1,30,1,76,-1,-1,-1,-1,,,,,
5959,1189836,-1,46,4,-1,-1,-1,-1,-1,-1,23,1,134,-1,-1,-1,-1,,,,,
5960,1190121,-1,64,4,-1,-1,-1,-1,-1,-1,23,1,134,-1,-1,-1,-1,,,,,
5961,1190269,-1,14781,4,-1,-1,-1,-1,-1,-1,23,1,134,-1,-1,-1,-1,,,,,
5962,1190629,-1,47,1,-1,-1,-1,-1,-1,-1,23,1,145,-1,-1,-1,-1,,,,,
5963,1191029,-1,211,32,-1,-1,-1,-1,-1,-1,35,1,127,-1,-1,-1,-1,,,,,
5964,1191504,-1,29,32,-1,-1,-1,-1,-1,-1,30,1,76,-1,-1,-1,-1,,,,,
5965,1191578,-1,208,32,-1,-1,-1,-1,-1,-1,30,1,76,-1,-1,-1,-1,,,,,
5966,1192038,-1,155,32,-1,-1,-1,-1,-1,-1,35,1,127,-1,-1,-1,-1,,,,,
5967,1192270,-1,238,32,-1,-1,-1,-1,-1,-1,30,1,76,-1,-1,-1,-1,,,,,
5968,1193134,-1,219,32,-1,-1,-1,-1,-1,-1,35,1,127,-1,-1,-1,-1,,,,,
5969,1193377,-1,168,32,-1,-1,-1,-1,-1,-1,30,1,76,-1,-1,-1,-1,,,,,
5970,1193622,-1,182,32,-1,-1,-1,-1,-1,-1,30,1,76,-1,-1,-1,-1,,,,,
5971,1193647,-1,232,64,-1,-1,-1,-1,-1,-1,35,1,127,-1,-1,-1,-1,,,,,
5972,1194603,-1,207,32,-1,-1,-1,-1,-1,-1,35,1,127,-1,-1,-1,-1,,,,,
5973,1195207,-1,9838,64,-1,-1,-1,-1,-1,-1,4,1,-1,-1,-1,-1,-1,,,,,
5974,1196058,-1,293,32,-1,-1,-1,-1,-1,-1,30,1,76,-1,-1,-1,-1,,,,,
5975,1196391,-1,27,32,-1,-1,-1,-1,-1,-1,30,1,76,-1,-1,-1,-1,,,,,
5976,1196469,-1,27,32,-1,-1,-1,-1,-1,-1,30,1,76,-1,-1,-1,-1,,,,,
5977,1196523,-1,27,32,-1,-1,-1,-1,-1,-1,30,1,76,-1,-1,-1,-1,,,,,
5978,1196618,-1,28,32,-1,-1,-1,-1,-1,-1,30,1,76,-1,-1,-1,-1,,,,,
5979,1196701,-1,31,32,-1,-1,-1,-1,-1,-1,30,1,76,-1,-1,-1,-1,,,,,
5980,1196838,-1,153,32,-1,-1,-1,-1,-1,-1,35,1,127,-1,-1,-1,-1,,,,,
5981,1197002,-1,20,1,-1,-1,-1,-1,-1,-1,35,1,106,-1,-1,-1,-1,,,,,
5982,1197025,-1,22,32,-1,-1,-1,-1,-1,-1,35,1,106,-1,-1,-1,-1,,,,,
5983,1197279,-1,211,32,-1,-1,-1,-1,-1,-1,35,1,127,-1,-1,-1,-1,,,,,
5984,1197664,-1,73,32,-1,-1,-1,-1,-1,-1,35,1,127,-1,-1,-1,-1,,,,,
5985,1198176,-1,211,1,-1,-1,-1,-1,-1,-1,15,1,125,-1,-1,-1,-1,,,,,
5986,1198404,-1,5,2,-1,-1,-1,-1,-1,-1,15,1,125,-1,-1,-1,-1,,,,,
5987,1198492,-1,215,2,-1,-1,-1,-1,-1,-1,15,1,125,-1,-1,-1,-1,,,,,
5988,1198639,-1,111,16,-1,-1,-1,-1,-1,-1,35,1,127,-1,-1,-1,-1,,,,,
5989,1198769,-1,43,2,-1,-1,-1,-1,-1,-1,15,1,125,-1,-1,-1,-1,,,,,
5990,1198874,-1,63,1,-1,-1,-1,-1,-1,-1,15,1,125,-1,-1,-1,-1,,,,,
5991,1198973,-1,51,2,-1,-1,-1,-1,-1,-1,15,1,125,-1,-1,-1,-1,,,,,
5992,1199029,-1,55,2,-1,-1,-1,-1,-1,-1,15,1,125,-1,-1,-1,-1,,,,,
5993,1199093,-1,171,2,-1,-1,-1,-1,-1,-1,15,1,125,-1,-1,-1,-1,,,,,
5994,1199358,-1,76,2,-1,-1,-1,-1,-1,-1,15,1,125,-1,-1,-1,-1,,,,,
5995,1199727,-1,10,16,-1,-1,-1,-1,-1,-1,35,1,127,-1,-1,-1,-1,,,,,
5996,1199764,-1,232,32,-1,-1,-1,-1,-1,-1,35,1,127,-1,-1,-1,-1,,,,,
5997,1199815,-1,141,2,-1,-1,-1,-1,-1,-1,15,1,125,-1,-1,-1,-1,,,,,
5998,1199936,-1,418,16,-1,-1,-1,-1,-1,-1,35,1,146,-1,-1,-1,-1,,,,,
5999,1199964,-1,44,2,-1,-1,-1,-1,-1,-1,15,1,125,-1,-1,-1,-1,,,,,
6000,1200050,-1,415,32,-1,-1,-1,-1,-1,-1,15,1,125,-1,-1,-1,-1,,,,,
6001,1200498,-1,66,32,-1,-1,-1,-1,-1,-1,15,1,125,-1,-1,-1,-1,,,,,
6002,1200573,-1,309,32,-1,-1,-1,-1,-1,-1,15,1,125,-1,-1,-1,-1,,,,,
6003,1200975,-1,35,8,-1,-1,-1,-1,-1,-1,35,1,147,-1,-1,-1,-1,,,,,
6004,1201033,-1,39,8,-1,-1,-1,-1,-1,-1,35,1,127,-1,-1,-1,-1,,,,,
6005,1201079,-1,57,16,-1,-1,-1,-1,-1,-1,35,1,127,-1,-1,-1,-1,,,,,
6006,1201153,-1,36,16,-1,-1,-1,-1,-1,-1,35,1,147,-1,-1,-1,-1,,,,,
6007,1201204,-1,87,32,-1,-1,-1,-1,-1,-1,35,1,147,-1,-1,-1,-1,,,,,
6008,1201555,-1,697,32,-1,-1,-1,-1,-1,-1,35,1,147,-1,-1,-1,-1,,,,,
6009,1202613,-1,529,32,-1,-1,-1,-1,-1,-1,35,1,147,-1,-1,-1,-1,,,,,
6010,1203243,-1,379,32,-1,-1,-1,-1,-1,-1,35,1,147,-1,-1,-1,-1,,,,,
6011,1205055,-1,6008,128,-1,-1,-1,-1,-1,-1,18,1,-1,-1,-1,-1,-1,,,,,
6012,1211067,-1,11,128,-1,-1,-1,-1,-1,-1,15,1,-1,-1,-1,-1,-1,,,,,
6013,1211082,-1,8847,128,-1,-1,-1,-1,-1,-1,1,1,-1,-1,-1,-1,-1,,,,,
6014,1219934,-1,9641,128,-1,-1,-1,-1,-1,-1,2,1,-1,-1,-1,-1,-1,,,,,
6016,1229783,-1,174,4,-1,-1,-1,-1,-1,-1,23,1,134,-1,-1,-1,-1,,,,,
6017,1229926,-1,22,1,-1,-1,-1,-1,-1,-1,23,1,145,-1,-1,-1,-1,,,,,
6018,1229974,-1,19,1,-1,-1,-1,-1,-1,-1,23,1,145,-1,-1,-1,-1,,,,,
6020,1230015,-1,30,4,-1,-1,-1,-1,-1,-1,23,1,134,-1,-1,-1,-1,,,,,
6048,1232581,-1,6,4,-1,-1,-1,-1,-1,-1,23,1,134,-1,-1,-1,-1,,,,,
6049,1232628,-1,95,4,-1,-1,-1,-1,-1,-1,23,1,134,-1,-1,-1,-1,,,,,
6067,1234721,-1,3,4,-1,-1,-1,-1,-1,-1,23,1,134,-1,-1,-1,-1,,,,,
6073,1235140,-1,22,1,-1,-1,-1,-1,-1,-1,23,1,145,-1,-1,-1,-1,,,,,
6075,1235176,-1,33,4,-1,-1,-1,-1,-1,-1,23,1,134,-1,-1,-1,-1,,,,,
6090,1236880,-1,21,1,-1,-1,-1,-1,-1,-1,3,2,9,-1,-1,-1,-1,,,,,
6096,1238158,-1,2857,32,-1,-1,-1,-1,-1,-1,30,1,76,-1,-1,-1,-1,,,,,
6097,1238978,-1,51,4,-1,-1,-1,-1,-1,-1,23,1,134,-1,-1,-1,-1,,,,,
6098,1239213,-1,58,4,-1,-1,-1,-1,-1,-1,23,1,134,-1,-1,-1,-1,,,,,
6099,1239591,-1,79,4,-1,-1,-1,-1,-1,-1,23,1,134,-1,-1,-1,-1,,,,,
6100,1240043,-1,63,4,-1,-1,-1,-1,-1,-1,23,1,134,-1,-1,-1,-1,,,,,
6101,1240270,-1,42,4,-1,-1,-1,-1,-1,-1,23,1,134,-1,-1,-1,-1,,,,,
6102,1240462,-1,89,4,-1,-1,-1,-1,-1,-1,38,2,71,-1,-1,-1,-1,,,,,
6103,1240635,-1,44,4,-1,-1,-1,-1,-1,-1,38,2,71,-1,-1,-1,-1,,,,,
6104,1240707,-1,424,4,-1,-1,-1,-1,-1,-1,23,1,134,-1,-1,-1,-1,,,,,
6105,1243072,-1,16,1,-1,-1,-1,-1,-1,-1,23,1,145,-1,-1,-1,-1,,,,,
6106,1243116,-1,71,8,-1,-1,-1,-1,-1,-1,16,2,142,-1,-1,-1,-1,,,,,
6107,1243152,-1,246,4,-1,-1,-1,-1,-1,-1,23,1,134,-1,-1,-1,-1,,,,,
6108,1243452,-1,17,1,-1,-1,-1,-1,-1,-1,23,1,12,-1,-1,-1,-1,,,,,
6110,1243904,-1,37,16,-1,-1,-1,-1,-1,-1,3,2,1,-1,-1,-1,-1,,,,,
6111,1243905,-1,21,16,-1,-1,-1,-1,-1,-1,3,2,1,-1,-1,-1,-1,,,,,
6112,1243933,-1,6,16,-1,-1,-1,-1,-1,-1,3,2,1,-1,-1,-1,-1,,,,,
6113,1243947,-1,106,16,-1,-1,-1,-1,-1,-1,3,2,1,-1,-1,-1,-1,,,,,
6119,1244440,-1,22,32,-1,-1,-1,-1,-1,-1,30,1,76,-1,-1,-1,-1,,,,,
6120,1244477,-1,58,4,-1,-1,-1,-1,-1,-1,23,1,134,-1,-1,-1,-1,,,,,
6126,1245051,-1,251,32,-1,-1,-1,-1,-1,-1,30,1,76,-1,-1,-1,-1,,,,,
6127,1245217,-1,17,1,-1,-1,-1,-1,-1,-1,4,1,2,-1,-1,-1,-1,,,,,
6133,1245707,-1,222,32,-1,-1,-1,-1,-1,-1,30,1,76,-1,-1,-1,-1,,,,,
6134,1245781,-1,84,8,-1,-1,-1,-1,-1,-1,16,2,142,-1,-1,-1,-1,,,,,
6136,1246199,-1,234,32,-1,-1,-1,-1,-1,-1,30,1,76,-1,-1,-1,-1,,,,,
6138,1246220,-1,26,1,-1,-1,-1,-1,-1,-1,39,2,107,-1,-1,-1,-1,,,,,
6140,1246289,-1,24,1,-1,-1,-1,-1,-1,-1,39,2,9,-1,-1,-1,-1,,,,,
6143,1246483,-1,1361,64,-1,-1,-1,-1,-1,-1,4,1,3,-1,-1,-1,-1,,,,,
6144,1246578,-1,59,8,-1,-1,-1,-1,-1,-1,39,2,148,-1,-1,-1,-1,,,,,
6146,1246781,-1,81,8,-1,-1,-1,-1,-1,-1,16,2,142,-1,-1,-1,-1,,,,,
6149,1246909,-1,115,16,-1,-1,-1,-1,-1,-1,39,2,148,-1,-1,-1,-1,,,,,
6152,1247355,-1,19,1,-1,-1,-1,-1,-1,-1,39,2,56,-1,-1,-1,-1,,,,,
6154,1247418,-1,23,1,-1,-1,-1,-1,-1,-1,39,2,56,-1,-1,-1,-1,,,,,
6156,1247502,-1,6,32,-1,-1,-1,-1,-1,-1,30,1,76,-1,-1,-1,-1,,,,,
6159,1247636,-1,194,32,-1,-1,-1,-1,-1,-1,30,1,76,-1,-1,-1,-1,,,,,
6161,1247735,-1,138,16,-1,-1,-1,-1,-1,-1,16,2,142,-1,-1,-1,-1,,,,,
6162,1247847,-1,16,1,-1,-1,-1,-1,-1,-1,4,1,4,-1,-1,-1,-1,,,,,
6163,1247865,-1,219,32,-1,-1,-1,-1,-1,-1,30,1,76,-1,-1,-1,-1,,,,,
6166,1248137,-1,2999,32,-1,-1,-1,-1,-1,-1,21,1,-1,-1,-1,-1,-1,,,,,
6168,1248159,-1,146,32,-1,-1,-1,-1,-1,-1,35,1,147,-1,-1,-1,-1,,,,,
6171,1248346,-1,87,32,-1,-1,-1,-1,-1,-1,30,1,76,-1,-1,-1,-1,,,,,
6172,1248349,-1,2536,32,-1,-1,-1,-1,-1,-1,4,1,-1,-1,-1,-1,-1,,,,,
6174,1248667,-1,202,32,-1,-1,-1,-1,-1,-1,30,1,76,-1,-1,-1,-1,,,,,
6176,1248761,-1,9,1,-1,-1,-1,-1,-1,-1,27,1,9,-1,-1,-1,-1,,,,,
6179,1249149,-1,57,16,-1,-1,-1,-1,-1,-1,3,2,1,-1,-1,-1,-1,,,,,
6181,1249284,-1,153,32,-1,-1,-1,-1,-1,-1,35,1,147,-1,-1,-1,-1,,,,,
6184,1249480,-1,5,1,-1,-1,-1,-1,-1,-1,12,2,1,-1,-1,-1,-1,,,,,
6186,1249609,-1,26,1,-1,-1,-1,-1,-1,-1,12,2,1,-1,-1,-1,-1,,,,,
6187,1249636,-1,18,1,-1,-1,-1,-1,-1,-1,12,2,1,-1,-1,-1,-1,,,,,
6188,1249752,-1,14,1,-1,-1,-1,-1,-1,-1,12,2,1,-1,-1,-1,-1,,,,,
6189,1249755,-1,23,1,-1,-1,-1,-1,-1,-1,12,2,1,-1,-1,-1,-1,,,,,
6190,1249774,-1,192,32,-1,-1,-1,-1,-1,-1,30,1,76,-1,-1,-1,-1,,,,,
6191,1249824,-1,59,16,-1,-1,-1,-1,-1,-1,3,2,1,-1,-1,-1,-1,,,,,
6196,1250076,-1,137,32,-1,-1,-1,-1,-1,-1,35,1,147,-1,-1,-1,-1,,,,,
6203,1250731,-1,748,32,-1,-1,-1,-1,-1,-1,30,1,76,-1,-1,-1,-1,,,,,
6204,1250996,-1,412,32,-1,-1,-1,-1,-1,-1,4,1,3,-1,-1,-1,-1,,,,,
6209,1251328,-1,627,16,-1,-1,-1,-1,-1,-1,39,2,149,-1,-1,-1,-1,,,,,
6211,1251467,-1,2315,32,-1,-1,-1,-1,-1,-1,4,1,3,-1,-1,-1,-1,,,,,
6212,1251494,-1,470,32,-1,-1,-1,-1,-1,-1,30,1,76,-1,-1,-1,-1,,,,,
6213,1251610,-1,201,32,-1,-1,-1,-1,-1,-1,35,1,147,-1,-1,-1,-1,,,,,
6216,1251816,-1,31,8,-1,-1,-1,-1,-1,-1,25,1,42,-1,-1,-1,-1,,,,,
6219,1251977,-1,3,1,-1,-1,-1,-1,-1,-1,27,1,9,-1,-1,-1,-1,,,,,
6220,1251989,-1,64,8,-1,-1,-1,-1,-1,-1,25,1,42,-1,-1,-1,-1,,,,,
6221,1252002,-1,3,1,-1,-1,-1,-1,-1,-1,27,1,9,-1,-1,-1,-1,,,,,
6222,1252042,-1,145,32,-1,-1,-1,-1,-1,-1,30,1,76,-1,-1,-1,-1,,,,,
6223,1252111,-1,150,4,-1,-1,-1,-1,-1,-1,23,1,134,-1,-1,-1,-1,,,,,
6225,1252323,-1,66,8,-1,-1,-1,-1,-1,-1,25,1,42,-1,-1,-1,-1,,,,,
6228,1252444,-1,314,32,-1,-1,-1,-1,-1,-1,30,1,76,-1,-1,-1,-1,,,,,
6231,1252718,-1,286,16,-1,-1,-1,-1,-1,-1,39,2,149,-1,-1,-1,-1,,,,,
6232,1252833,-1,5,1,-1,-1,-1,-1,-1,-1,12,2,1,-1,-1,-1,-1,,,,,
6233,1252852,-1,80,1,-1,-1,-1,-1,-1,-1,22,1,150,-1,-1,-1,-1,,,,,
6234,1252903,-1,32,1,-1,-1,-1,-1,-1,-1,12,2,1,-1,-1,-1,-1,,,,,
6235,1252915,-1,1273,32,-1,-1,-1,-1,-1,-1,35,1,106,-1,-1,-1,-1,,,,,
6239,1253114,-1,36,1,-1,-1,-1,-1,-1,-1,22,1,151,-1,-1,-1,-1,,,,,
6241,1253241,-1,355,32,-1,-1,-1,-1,-1,-1,30,1,76,-1,-1,-1,-1,,,,,
6242,1253299,-1,21,2,-1,-1,-1,-1,-1,-1,22,1,150,-1,-1,-1,-1,,,,,
6244,1253354,-1,86,2,-1,-1,-1,-1,-1,-1,22,1,150,-1,-1,-1,-1,,,,,
6245,1253464,-1,208,8,-1,-1,-1,-1,-1,-1,13,1,46,-1,-1,-1,-1,,,,,
6246,1253588,-1,23,4,-1,-1,-1,-1,-1,-1,22,1,150,-1,-1,-1,-1,,,,,
6248,1253696,-1,64,4,-1,-1,-1,-1,-1,-1,22,1,150,-1,-1,-1,-1,,,,,
6250,1253784,-1,188,4,-1,-1,-1,-1,-1,-1,23,1,134,-1,-1,-1,-1,,,,,
6251,1253836,-1,172,32,-1,-1,-1,-1,-1,-1,30,1,76,-1,-1,-1,-1,,,,,
6253,1253868,-1,2555,32,-1,-1,-1,-1,-1,-1,4,1,3,-1,-1,-1,-1,,,,,
6254,1253913,-1,116,8,-1,-1,-1,-1,-1,-1,22,1,150,-1,-1,-1,-1,,,,,
6257,1254136,-1,36,32,-1,-1,-1,-1,-1,-1,12,2,152,-1,-1,-1,-1,,,,,
6258,1254144,-1,29,32,-1,-1,-1,-1,-1,-1,12,2,153,-1,-1,-1,-1,,,,,
6259,1254197,-1,3675,32,-1,-1,-1,-1,-1,-1,35,1,106,-1,-1,-1,-1,,,,,
6260,1254242,-1,111,16,-1,-1,-1,-1,-1,-1,22,1,150,-1,-1,-1,-1,,,,,
6261,1254293,-1,24,32,-1,-1,-1,-1,-1,-1,30,1,76,-1,-1,-1,-1,,,,,
6262,1254355,-1,488,4,-1,-1,-1,-1,-1,-1,23,1,134,-1,-1,-1,-1,,,,,
6264,1254491,-1,211,32,-1,-1,-1,-1,-1,-1,30,1,76,-1,-1,-1,-1,,,,,
6268,1254707,-1,49,4,-1,-1,-1,-1,-1,-1,38,2,71,-1,-1,-1,-1,,,,,
6269,1254739,-1,138,32,-1,-1,-1,-1,-1,-1,30,1,76,-1,-1,-1,-1,,,,,
6271,1254810,-1,144,4,-1,-1,-1,-1,-1,-1,38,2,71,-1,-1,-1,-1,,,,,
6272,1254912,-1,121,32,-1,-1,-1,-1,-1,-1,22,1,150,-1,-1,-1,-1,,,,,
6273,1254915,-1,45,1,-1,-1,-1,-1,-1,-1,13,1,9,-1,-1,-1,-1,,,,,
6275,1255155,-1,19,1,-1,-1,-1,-1,-1,-1,13,1,12,-1,-1,-1,-1,,,,,
6277,1255215,-1,11223,8,-1,-1,-1,-1,-1,-1,22,1,154,-1,-1,-1,-1,,,,,
6280,1255395,-1,182,32,-1,-1,-1,-1,-1,-1,30,1,76,-1,-1,-1,-1,,,,,
6282,1255650,-1,122,4,-1,-1,-1,-1,-1,-1,23,1,134,-1,-1,-1,-1,,,,,
6283,1255691,-1,261,8,-1,-1,-1,-1,-1,-1,13,1,46,-1,-1,-1,-1,,,,,
6284,1255808,-1,4535,32,-1,-1,-1,-1,-1,-1,26,1,146,-1,-1,-1,-1,,,,,
6287,1255989,-1,363,8,-1,-1,-1,-1,-1,-1,13,1,46,-1,-1,-1,-1,,,,,
6291,1256426,-1,8,1,-1,-1,-1,-1,-1,-1,13,1,9,-1,-1,-1,-1,,,,,
6292,1256431,-1,15,1,-1,-1,-1,-1,-1,-1,4,1,4,-1,-1,-1,-1,,,,,
6293,1256487,-1,6,1,-1,-1,-1,-1,-1,-1,13,1,12,-1,-1,-1,-1,,,,,
6294,1256534,-1,2427,32,-1,-1,-1,-1,-1,-1,4,1,3,-1,-1,-1,-1,,,,,
6296,1256629,-1,7,1,-1,-1,-1,-1,-1,-1,27,1,155,-1,-1,-1,-1,,,,,
6297,1256651,-1,8,1,-1,-1,-1,-1,-1,-1,13,1,12,-1,-1,-1,-1,,,,,
6299,1256676,-1,121,8,-1,-1,-1,-1,-1,-1,13,1,46,-1,-1,-1,-1,,,,,
6302,1256838,-1,20,1,-1,-1,-1,-1,-1,-1,13,1,9,-1,-1,-1,-1,,,,,
6304,1256917,-1,35,1,-1,-1,-1,-1,-1,-1,13,1,9,-1,-1,-1,-1,,,,,
6308,1257449,-1,31,1,-1,-1,-1,-1,-1,-1,12,2,1,-1,-1,-1,-1,,,,,
6321,1258964,-1,15,1,-1,-1,-1,-1,-1,-1,4,1,4,-1,-1,-1,-1,,,,,
6322,1259057,-1,2437,32,-1,-1,-1,-1,-1,-1,4,1,3,-1,-1,-1,-1,,,,,
6325,1259188,-1,21,1,-1,-1,-1,-1,-1,-1,22,1,156,-1,-1,-1,-1,,,,,
6327,1259223,-1,215,32,-1,-1,-1,-1,-1,-1,30,1,76,-1,-1,-1,-1,,,,,
6328,1259239,-1,63,1,-1,-1,-1,-1,-1,-1,22,1,157,-1,-1,-1,-1,,,,,
6329,1259368,-1,57,2,-1,-1,-1,-1,-1,-1,22,1,157,-1,-1,-1,-1,,,,,
6331,1259539,-1,223,32,-1,-1,-1,-1,-1,-1,30,1,76,-1,-1,-1,-1,,,,,
6332,1259572,-1,55,4,-1,-1,-1,-1,-1,-1,22,1,157,-1,-1,-1,-1,,,,,
6333,1259632,-1,4,4,-1,-1,-1,-1,-1,-1,23,1,134,-1,-1,-1,-1,,,,,
6334,1259713,-1,20,1,-1,-1,-1,-1,-1,-1,23,1,145,-1,-1,-1,-1,,,,,
6336,1259746,-1,4,4,-1,-1,-1,-1,-1,-1,23,1,134,-1,-1,-1,-1,,,,,
6337,1259794,-1,31,4,-1,-1,-1,-1,-1,-1,23,1,145,-1,-1,-1,-1,,,,,
6338,1259838,-1,82,4,-1,-1,-1,-1,-1,-1,23,1,134,-1,-1,-1,-1,,,,,
6339,1259844,-1,427,32,-1,-1,-1,-1,-1,-1,30,1,76,-1,-1,-1,-1,,,,,
6344,1260254,-1,42,1,-1,-1,-1,-1,-1,-1,6,1,6,-1,-1,-1,-1,,,,,
6345,1260336,-1,53,1,-1,-1,-1,-1,-1,-1,6,1,6,-1,-1,-1,-1,,,,,
6346,1260337,-1,185,32,-1,-1,-1,-1,-1,-1,30,1,76,-1,-1,-1,-1,,,,,
6351,1260760,-1,153,32,-1,-1,-1,-1,-1,-1,30,1,76,-1,-1,-1,-1,,,,,
6358,1261439,-1,166,32,-1,-1,-1,-1,-1,-1,30,1,76,-1,-1,-1,-1,,,,,
6359,1261498,-1,44,1,-1,-1,-1,-1,-1,-1,4,1,4,-1,-1,-1,-1,,,,,
6364,1261992,-1,125,16,-1,-1,-1,-1,-1,-1,16,2,142,-1,-1,-1,-1,,,,,
6366,1262028,-1,2417,32,-1,-1,-1,-1,-1,-1,4,1,3,-1,-1,-1,-1,,,,,
6367,1262154,-1,293,32,-1,-1,-1,-1,-1,-1,30,1,76,-1,-1,-1,-1,,,,,
6370,1262563,-1,595,32,-1,-1,-1,-1,-1,-1,30,1,76,-1,-1,-1,-1,,,,,
6371,1262640,-1,102,32,-1,-1,-1,-1,-1,-1,24,1,101,-1,-1,-1,-1,,,,,
6373,1262802,-1,177,32,-1,-1,-1,-1,-1,-1,24,1,101,-1,-1,-1,-1,,,,,
6375,1262860,-1,12,1,-1,-1,-1,-1,-1,-1,12,2,1,-1,-1,-1,-1,,,,,
6376,1262899,-1,16,1,-1,-1,-1,-1,-1,-1,12,2,1,-1,-1,-1,-1,,,,,
6378,1263004,-1,218,32,-1,-1,-1,-1,-1,-1,12,2,31,-1,-1,-1,-1,,,,,
6379,1263108,-1,307,16,-1,-1,-1,-1,-1,-1,39,2,158,-1,-1,-1,-1,,,,,
6380,1263245,-1,309,32,-1,-1,-1,-1,-1,-1,30,1,76,-1,-1,-1,-1,,,,,
6383,1263450,-1,327,32,-1,-1,-1,-1,-1,-1,24,1,101,-1,-1,-1,-1,,,,,
6387,1263870,-1,3,1,-1,-1,-1,-1,-1,-1,12,2,1,-1,-1,-1,-1,,,,,
6391,1264094,-1,3329,16,-1,-1,-1,-1,-1,-1,39,2,158,-1,-1,-1,-1,,,,,
6394,1264447,-1,15,1,-1,-1,-1,-1,-1,-1,4,1,4,-1,-1,-1,-1,,,,,
6395,1264734,-1,2396,32,-1,-1,-1,-1,-1,-1,4,1,3,-1,-1,-1,-1,,,,,
6396,1265301,-1,221,32,-1,-1,-1,-1,-1,-1,12,2,14,-1,-1,-1,-1,,,,,
6397,1266290,-1,17,1,-1,-1,-1,-1,-1,-1,4,1,4,-1,-1,-1,-1,,,,,
6398,1266369,-1,11,1,-1,-1,-1,-1,-1,-1,4,1,2,-1,-1,-1,-1,,,,,
6399,1266563,-1,175,16,-1,-1,-1,-1,-1,-1,12,2,14,-1,-1,-1,-1,,,,,
6400,1267132,-1,15,1,-1,-1,-1,-1,-1,-1,4,1,4,-1,-1,-1,-1,,,,,
6401,1267321,-1,102,64,-1,-1,-1,-1,-1,-1,4,1,3,-1,-1,-1,-1,,,,,
6402,1267423,-1,0,32,-1,-1,-1,-1,-1,-1,35,1,106,-1,-1,-1,-1,,,,,
6403,1268462,-1,3,1,-1,-1,-1,-1,-1,-1,12,2,1,-1,-1,-1,-1,,,,,
6404,1268565,-1,172,32,-1,-1,-1,-1,-1,-1,30,1,76,-1,-1,-1,-1,,,,,
6405,1268607,-1,24,1,-1,-1,-1,-1,-1,-1,12,2,1,-1,-1,-1,-1,,,,,
6406,1268611,-1,64,16,-1,-1,-1,-1,-1,-1,16,2,142,-1,-1,-1,-1,,,,,
6407,1268656,-1,27,1,-1,-1,-1,-1,-1,-1,22,1,159,-1,-1,-1,-1,,,,,
6408,1268666,-1,30,1,-1,-1,-1,-1,-1,-1,15,1,12,-1,-1,-1,-1,,,,,
6409,1268764,-1,446,32,-1,-1,-1,-1,-1,-1,35,1,147,-1,-1,-1,-1,,,,,
6410,1268767,-1,69,16,-1,-1,-1,-1,-1,-1,16,2,142,-1,-1,-1,-1,,,,,
6411,1268862,-1,25,1,-1,-1,-1,-1,-1,-1,15,1,12,-1,-1,-1,-1,,,,,
6412,1268903,-1,189,32,-1,-1,-1,-1,-1,-1,30,1,76,-1,-1,-1,-1,,,,,
6413,1269098,-1,56,16,-1,-1,-1,-1,-1,-1,16,2,142,-1,-1,-1,-1,,,,,
6414,1269142,-1,8762,16,-1,-1,-1,-1,-1,-1,39,2,158,-1,-1,-1,-1,,,,,
6415,1269263,-1,4487,4,-1,-1,-1,-1,-1,-1,15,1,19,-1,-1,-1,-1,,,,,
6416,1269279,-1,250,32,-1,-1,-1,-1,-1,-1,30,1,76,-1,-1,-1,-1,,,,,
6417,1269285,-1,4467,2,-1,-1,-1,-1,-1,-1,15,1,20,-1,-1,-1,-1,,,,,
6418,1269362,-1,1048,4,-1,-1,-1,-1,-1,-1,22,1,141,-1,-1,-1,-1,,,,,
6419,1269554,-1,91,16,-1,-1,-1,-1,-1,-1,16,2,142,-1,-1,-1,-1,,,,,
6420,1269666,-1,143,32,-1,-1,-1,-1,-1,-1,35,1,147,-1,-1,-1,-1,,,,,
6421,1269758,-1,20,1,-1,-1,-1,-1,-1,-1,15,1,160,-1,-1,-1,-1,,,,,
6422,1269862,-1,61,1,-1,-1,-1,-1,-1,-1,15,1,160,-1,-1,-1,-1,,,,,
6423,1269997,-1,286,32,-1,-1,-1,-1,-1,-1,30,1,76,-1,-1,-1,-1,,,,,
6424,1270003,-1,70,1,-1,-1,-1,-1,-1,-1,15,1,160,-1,-1,-1,-1,,,,,
6425,1270040,-1,22,1,-1,-1,-1,-1,-1,-1,12,2,1,-1,-1,-1,-1,,,,,
6426,1270169,-1,352,32,-1,-1,-1,-1,-1,-1,10,1,10,-1,-1,-1,-1,,,,,
6427,1270174,-1,50,1,-1,-1,-1,-1,-1,-1,4,1,4,-1,-1,-1,-1,,,,,
6428,1270190,-1,83,1,-1,-1,-1,-1,-1,-1,15,1,160,-1,-1,-1,-1,,,,,
6429,1270278,-1,4854,32,-1,-1,-1,-1,-1,-1,35,1,106,-1,-1,-1,-1,,,,,
6430,1270328,-1,159,16,-1,-1,-1,-1,-1,-1,16,2,142,-1,-1,-1,-1,,,,,
6431,1272471,-1,217,32,-1,-1,-1,-1,-1,-1,12,2,14,-1,-1,-1,-1,,,,,
6432,1272691,-1,49,8,-1,-1,-1,-1,-1,-1,24,1,29,-1,-1,-1,-1,,,,,
6433,1272830,-1,52,8,-1,-1,-1,-1,-1,-1,24,1,29,-1,-1,-1,-1,,,,,
6434,1273283,-1,49,8,-1,-1,-1,-1,-1,-1,24,1,29,-1,-1,-1,-1,,,,,
6435,1273777,-1,53,8,-1,-1,-1,-1,-1,-1,24,1,29,-1,-1,-1,-1,,,,,
6436,1274276,-1,248,32,-1,-1,-1,-1,-1,-1,30,1,76,-1,-1,-1,-1,,,,,
6437,1274412,-1,185,1,-1,-1,-1,-1,-1,-1,30,1,140,-1,-1,-1,-1,,,,,
6438,1274687,-1,187,32,-1,-1,-1,-1,-1,-1,30,1,76,-1,-1,-1,-1,,,,,
6439,1274705,-1,21,1,-1,-1,-1,-1,-1,-1,9,2,9,-1,-1,-1,-1,,,,,
6440,1275186,-1,96,32,-1,-1,-1,-1,-1,-1,35,1,147,-1,-1,-1,-1,,,,,
6441,1275389,-1,200,32,-1,-1,-1,-1,-1,-1,30,1,76,-1,-1,-1,-1,,,,,
6442,1275773,-1,464,32,-1,-1,-1,-1,-1,-1,30,1,76,-1,-1,-1,-1,,,,,
6443,1275794,-1,175,64,-1,-1,-1,-1,-1,-1,12,2,14,-1,-1,-1,-1,,,,,
6444,1275971,-1,139,32,-1,-1,-1,-1,-1,-1,35,1,147,-1,-1,-1,-1,,,,,
6445,1276246,-1,176,32,-1,-1,-1,-1,-1,-1,30,1,76,-1,-1,-1,-1,,,,,
6446,1276463,-1,166,32,-1,-1,-1,-1,-1,-1,30,1,76,-1,-1,-1,-1,,,,,
6447,1276693,-1,148,32,-1,-1,-1,-1,-1,-1,30,1,76,-1,-1,-1,-1,,,,,
6448,1277653,-1,193,32,-1,-1,-1,-1,-1,-1,30,1,76,-1,-1,-1,-1,,,,,
6449,1277904,-1,0,32,-1,-1,-1,-1,-1,-1,30,1,76,-1,-1,-1,-1,,,,,
6450,1285129,-1,9832,64,-1,-1,-1,-1,-1,-1,4,1,-1,-1,-1,-1,-1,,,,,
6451,1285147,-1,338,32,-1,-1,-1,-1,-1,-1,30,1,76,-1,-1,-1,-1,,,,,
6452,1286011,-1,170,32,-1,-1,-1,-1,-1,-1,30,1,76,-1,-1,-1,-1,,,,,
6453,1286201,-1,155,32,-1,-1,-1,-1,-1,-1,30,1,76,-1,-1,-1,-1,,,,,
6454,1286374,-1,398,32,-1,-1,-1,-1,-1,-1,30,1,76,-1,-1,-1,-1,,,,,
6455,1286803,-1,251,32,-1,-1,-1,-1,-1,-1,30,1,76,-1,-1,-1,-1,,,,,
6456,1287249,-1,179,32,-1,-1,-1,-1,-1,-1,30,1,76,-1,-1,-1,-1,,,,,
6457,1287561,-1,153,32,-1,-1,-1,-1,-1,-1,30,1,76,-1,-1,-1,-1,,,,,
6458,1288473,-1,155,32,-1,-1,-1,-1,-1,-1,30,1,76,-1,-1,-1,-1,,,,,
6459,1288740,-1,129,32,-1,-1,-1,-1,-1,-1,30,1,76,-1,-1,-1,-1,,,,,
6460,1288990,-1,176,32,-1,-1,-1,-1,-1,-1,30,1,76,-1,-1,-1,-1,,,,,
6461,1290009,-1,131,32,-1,-1,-1,-1,-1,-1,30,1,76,-1,-1,-1,-1,,,,,
6462,1290190,-1,223,32,-1,-1,-1,-1,-1,-1,30,1,76,-1,-1,-1,-1,,,,,
6463,1291263,-1,181,32,-1,-1,-1,-1,-1,-1,30,1,76,-1,-1,-1,-1,,,,,
6464,1291449,-1,123,32,-1,-1,-1,-1,-1,-1,30,1,76,-1,-1,-1,-1,,,,,
6465,1291672,-1,201,32,-1,-1,-1,-1,-1,-1,30,1,76,-1,-1,-1,-1,,,,,
6466,1291886,-1,182,32,-1,-1,-1,-1,-1,-1,30,1,76,-1,-1,-1,-1,,,,,
6467,1292073,-1,202,32,-1,-1,-1,-1,-1,-1,30,1,76,-1,-1,-1,-1,,,,,
6468,1292283,-1,143,32,-1,-1,-1,-1,-1,-1,30,1,76,-1,-1,-1,-1,,,,,
6469,1292472,-1,202,32,-1,-1,-1,-1,-1,-1,30,1,76,-1,-1,-1,-1,,,,,
6470,1292692,-1,322,32,-1,-1,-1,-1,-1,-1,30,1,76,-1,-1,-1,-1,,,,,
6471,1293017,-1,239,32,-1,-1,-1,-1,-1,-1,30,1,76,-1,-1,-1,-1,,,,,
6472,1293468,-1,269,32,-1,-1,-1,-1,-1,-1,30,1,76,-1,-1,-1,-1,,,,,
6473,1293784,-1,808,32,-1,-1,-1,-1,-1,-1,30,1,76,-1,-1,-1,-1,,,,,
6474,1294965,-1,0,128,-1,-1,-1,-1,-1,-1,1,1,-1,-1,-1,-1,-1,,,,,
6475,1305895,-1,0,128,-1,-1,-1,-1,-1,-1,2,1,-1,-1,-1,-1,-1,,,,,
6476,1309489,-1,3,1,-1,-1,-1,-1,-1,-1,14,2,1,-1,-1,-1,-1,,,,,
6479,1310157,-1,15,1,-1,-1,-1,-1,-1,-1,3,2,12,-1,-1,-1,-1,,,,,
6480,1310184,-1,17,1,-1,-1,-1,-1,-1,-1,3,2,9,-1,-1,-1,-1,,,,,
6481,1310213,-1,17,1,-1,-1,-1,-1,-1,-1,3,2,56,-1,-1,-1,-1,,,,,
6482,1310240,-1,21,1,-1,-1,-1,-1,-1,-1,3,2,12,-1,-1,-1,-1,,,,,
6483,1310271,-1,17,1,-1,-1,-1,-1,-1,-1,3,2,9,-1,-1,-1,-1,,,,,
6484,1310299,-1,14,1,-1,-1,-1,-1,-1,-1,3,2,56,-1,-1,-1,-1,,,,,
6485,1310379,-1,16,1,-1,-1,-1,-1,-1,-1,3,2,12,-1,-1,-1,-1,,,,,
6486,1310408,-1,15,1,-1,-1,-1,-1,-1,-1,3,2,9,-1,-1,-1,-1,,,,,
6487,1310435,-1,15,1,-1,-1,-1,-1,-1,-1,3,2,56,-1,-1,-1,-1,,,,,
6492,1310851,-1,20,4,-1,-1,-1,-1,-1,-1,3,2,1,-1,-1,-1,-1,,,,,
6493,1310884,-1,15,2,-1,-1,-1,-1,-1,-1,3,2,1,-1,-1,-1,-1,,,,,
6642,1325894,-1,24,1,-1,-1,-1,-1,-1,-1,4,1,2,-1,-1,-1,-1,,,,,
6643,1326037,-1,5513,64,-1,-1,-1,-1,-1,-1,4,1,3,-1,-1,-1,-1,,,,,
6652,1328699,-1,13,1,-1,-1,-1,-1,-1,-1,9,2,9,-1,-1,-1,-1,,,,,
6653,1331554,-1,16,1,-1,-1,-1,-1,-1,-1,4,1,4,-1,-1,-1,-1,,,,,
6654,1332086,-1,3,1,-1,-1,-1,-1,-1,-1,14,2,145,-1,-1,-1,-1,,,,,
6655,1332090,-1,37,128,-1,-1,-1,-1,-1,-1,14,2,161,-1,-1,-1,-1,,,,,
6656,1332209,-1,590,32,-1,-1,-1,-1,-1,-1,40,2,108,-1,-1,-1,-1,,,,,
6657,1335580,-1,182,128,-1,-1,-1,-1,-1,-1,14,2,26,-1,-1,-1,-1,,,,,
6658,1335798,-1,196,128,-1,-1,-1,-1,-1,-1,14,2,26,-1,-1,-1,-1,,,,,
6661,1336772,-1,9721,64,-1,-1,-1,-1,-1,-1,4,1,3,-1,-1,-1,-1,,,,,
6684,1341636,-1,17,1,-1,-1,-1,-1,-1,-1,23,1,145,-1,-1,-1,-1,,,,,
6699,1344174,-1,32,4,-1,-1,-1,-1,-1,-1,23,1,134,-1,-1,-1,-1,,,,,
6700,1344253,-1,284,4,-1,-1,-1,-1,-1,-1,23,1,134,-1,-1,-1,-1,,,,,
6702,1344764,-1,18,1,-1,-1,-1,-1,-1,-1,23,1,12,-1,-1,-1,-1,,,,,
6709,1345742,-1,155,4,-1,-1,-1,-1,-1,-1,23,1,134,-1,-1,-1,-1,,,,,
6710,1345877,-1,221,32,-1,-1,-1,-1,-1,-1,35,1,127,-1,-1,-1,-1,,,,,
6712,1345981,-1,272,4,-1,-1,-1,-1,-1,-1,23,1,134,-1,-1,-1,-1,,,,,
6713,1345990,-1,141,4,-1,-1,-1,-1,-1,-1,23,1,162,-1,-1,-1,-1,,,,,
6714,1346183,-1,256,4,-1,-1,-1,-1,-1,-1,23,1,162,-1,-1,-1,-1,,,,,
6715,1346349,-1,19,1,-1,-1,-1,-1,-1,-1,23,1,12,-1,-1,-1,-1,,,,,
6717,1346463,-1,16,1,-1,-1,-1,-1,-1,-1,23,1,12,-1,-1,-1,-1,,,,,
6718,1346495,-1,15,1,-1,-1,-1,-1,-1,-1,4,1,4,-1,-1,-1,-1,,,,,
6719,1346684,-1,12,1,-1,-1,-1,-1,-1,-1,35,1,147,-1,-1,-1,-1,,,,,
6720,1346712,-1,1050,32,-1,-1,-1,-1,-1,-1,35,1,147,-1,-1,-1,-1,,,,,
6726,1347322,-1,7,1,-1,-1,-1,-1,-1,-1,4,1,2,-1,-1,-1,-1,,,,,
6727,1347338,-1,11,1,-1,-1,-1,-1,-1,-1,4,1,2,-1,-1,-1,-1,,,,,
6728,1347354,-1,9765,64,-1,-1,-1,-1,-1,-1,4,1,3,-1,-1,-1,-1,,,,,
6731,1347886,-1,529,32,-1,-1,-1,-1,-1,-1,35,1,147,-1,-1,-1,-1,,,,,
6734,1348287,-1,14,16,-1,-1,-1,-1,-1,-1,35,1,127,-1,-1,-1,-1,,,,,
6737,1348406,-1,645,16,-1,-1,-1,-1,-1,-1,35,1,127,-1,-1,-1,-1,,,,,
6739,1348752,-1,21,32,-1,-1,-1,-1,-1,-1,35,1,127,-1,-1,-1,-1,,,,,
6740,1348774,-1,37,32,-1,-1,-1,-1,-1,-1,35,1,147,-1,-1,-1,-1,,,,,
6742,1349008,-1,199,16,-1,-1,-1,-1,-1,-1,35,1,163,-1,-1,-1,-1,,,,,
6743,1349015,-1,396,32,-1,-1,-1,-1,-1,-1,35,1,147,-1,-1,-1,-1,,,,,
6744,1349082,-1,455,16,-1,-1,-1,-1,-1,-1,35,1,89,-1,-1,-1,-1,,,,,
6745,1349257,-1,451,16,-1,-1,-1,-1,-1,-1,35,1,146,-1,-1,-1,-1,,,,,
6751,1350228,-1,168,16,-1,-1,-1,-1,-1,-1,35,1,89,-1,-1,-1,-1,,,,,
6752,1350252,-1,295,32,-1,-1,-1,-1,-1,-1,35,1,88,-1,-1,-1,-1,,,,,
6754,1350521,-1,214,8,-1,-1,-1,-1,-1,-1,35,1,89,-1,-1,-1,-1,,,,,
6755,1350559,-1,77,32,-1,-1,-1,-1,-1,-1,35,1,88,-1,-1,-1,-1,,,,,
6757,1350846,-1,1,8,-1,-1,-1,-1,-1,-1,35,1,89,-1,-1,-1,-1,,,,,
6758,1350856,-1,329,4,-1,-1,-1,-1,-1,-1,35,1,89,-1,-1,-1,-1,,,,,
6759,1351009,-1,742,32,-1,-1,-1,-1,-1,-1,35,1,163,-1,-1,-1,-1,,,,,
6760,1351047,-1,201,16,-1,-1,-1,-1,-1,-1,35,1,127,-1,-1,-1,-1,,,,,
6765,1351317,-1,435,32,-1,-1,-1,-1,-1,-1,35,1,127,-1,-1,-1,-1,,,,,
6766,1351772,-1,46,64,-1,-1,-1,-1,-1,-1,35,1,146,-1,-1,-1,-1,,,,,
6767,1351868,-1,1,64,-1,-1,-1,-1,-1,-1,35,1,146,-1,-1,-1,-1,,,,,
6768,1351887,-1,81,64,-1,-1,-1,-1,-1,-1,35,1,146,-1,-1,-1,-1,,,,,
6769,1351970,-1,36,64,-1,-1,-1,-1,-1,-1,35,1,146,-1,-1,-1,-1,,,,,
6771,1352328,-1,41,64,-1,-1,-1,-1,-1,-1,35,1,146,-1,-1,-1,-1,,,,,
6772,1352551,-1,346,32,-1,-1,-1,-1,-1,-1,35,1,164,-1,-1,-1,-1,,,,,
6774,1352901,-1,37,64,-1,-1,-1,-1,-1,-1,35,1,146,-1,-1,-1,-1,,,,,
6777,1353123,-1,190,64,-1,-1,-1,-1,-1,-1,35,1,146,-1,-1,-1,-1,,,,,
6794,1357122,-1,14,1,-1,-1,-1,-1,-1,-1,4,1,4,-1,-1,-1,-1,,,,,
6802,1358645,-1,88,128,-1,-1,-1,-1,-1,-1,12,2,14,-1,-1,-1,-1,,,,,
6816,1361099,-1,11,1,-1,-1,-1,-1,-1,-1,9,2,9,-1,-1,-1,-1,,,,,
6888,1375011,-1,99,128,-1,-1,-1,-1,-1,-1,12,2,14,-1,-1,-1,-1,,,,,
6923,1380334,-1,9777,64,-1,-1,-1,-1,-1,-1,4,1,-1,-1,-1,-1,-1,,,,,
6930,1381806,-1,20,1,-1,-1,-1,-1,-1,-1,3,2,9,-1,-1,-1,-1,,,,,
6980,1390112,-1,9780,64,-1,-1,-1,-1,-1,-1,4,1,-1,-1,-1,-1,-1,,,,,
7043,1402513,-1,64,32,-1,-1,-1,-1,-1,-1,35,1,147,-1,-1,-1,-1,,,,,
7047,1403159,-1,162,32,-1,-1,-1,-1,-1,-1,35,1,147,-1,-1,-1,-1,,,,,
7064,1406180,-1,9,1,-1,-1,-1,-1,-1,-1,4,1,2,-1,-1,-1,-1,,,,,
7066,1406287,-1,9714,64,-1,-1,-1,-1,-1,-1,4,1,3,-1,-1,-1,-1,,,,,
7104,1411507,-1,218,64,-1,-1,-1,-1,-1,-1,35,1,165,-1,-1,-1,-1,,,,,
7105,1411903,-1,1275,16,-1,-1,-1,-1,-1,-1,35,1,146,-1,-1,-1,-1,,,,,
7113,1413191,-1,271,32,-1,-1,-1,-1,-1,-1,35,1,146,-1,-1,-1,-1,,,,,
7115,1413541,-1,268,32,-1,-1,-1,-1,-1,-1,35,1,146,-1,-1,-1,-1,,,,,
7116,1413653,-1,293,32,-1,-1,-1,-1,-1,-1,35,1,163,-1,-1,-1,-1,,,,,
7121,1414055,-1,272,32,-1,-1,-1,-1,-1,-1,35,1,146,-1,-1,-1,-1,,,,,
7123,1414116,-1,292,32,-1,-1,-1,-1,-1,-1,35,1,163,-1,-1,-1,-1,,,,,
7125,1414522,-1,259,32,-1,-1,-1,-1,-1,-1,35,1,146,-1,-1,-1,-1,,,,,
7127,1415084,-1,261,32,-1,-1,-1,-1,-1,-1,35,1,146,-1,-1,-1,-1,,,,,
7128,1415100,-1,17,1,-1,-1,-1,-1,-1,-1,9,2,9,-1,-1,-1,-1,,,,,
7129,1415175,-1,292,32,-1,-1,-1,-1,-1,-1,35,1,163,-1,-1,-1,-1,,,,,
7131,1415405,-1,274,32,-1,-1,-1,-1,-1,-1,35,1,146,-1,-1,-1,-1,,,,,
7133,1416004,-1,15,1,-1,-1,-1,-1,-1,-1,4,1,4,-1,-1,-1,-1,,,,,
7141,1417343,-1,529,64,-1,-1,-1,-1,-1,-1,4,1,3,-1,-1,-1,-1,,,,,
7143,1417875,-1,21,1,-1,-1,-1,-1,-1,-1,4,1,4,-1,-1,-1,-1,,,,,
7144,1418467,-1,3,1,-1,-1,-1,-1,-1,-1,14,2,145,-1,-1,-1,-1,,,,,
7145,1418473,-1,38,128,-1,-1,-1,-1,-1,-1,14,2,161,-1,-1,-1,-1,,,,,
7146,1420623,-1,25,32,-1,-1,-1,-1,-1,-1,40,2,108,-1,-1,-1,-1,,,,,
7147,1420748,-1,26,32,-1,-1,-1,-1,-1,-1,40,2,108,-1,-1,-1,-1,,,,,
7148,1422054,-1,21,1,-1,-1,-1,-1,-1,-1,23,1,145,-1,-1,-1,-1,,,,,
7149,1422175,-1,23,1,-1,-1,-1,-1,-1,-1,23,1,145,-1,-1,-1,-1,,,,,
7150,1422179,-1,25,1,-1,-1,-1,-1,-1,-1,4,1,4,-1,-1,-1,-1,,,,,
7151,1422245,-1,12124,64,-1,-1,-1,-1,-1,-1,4,1,3,-1,-1,-1,-1,,,,,
7152,1422267,-1,22,1,-1,-1,-1,-1,-1,-1,23,1,145,-1,-1,-1,-1,,,,,
7153,1422336,-1,20,1,-1,-1,-1,-1,-1,-1,23,1,145,-1,-1,-1,-1,,,,,
7154,1422360,-1,23,4,-1,-1,-1,-1,-1,-1,23,1,134,-1,-1,-1,-1,,,,,
7155,1422394,-1,15,1,-1,-1,-1,-1,-1,-1,23,1,145,-1,-1,-1,-1,,,,,
7156,1422468,-1,40,4,-1,-1,-1,-1,-1,-1,23,1,134,-1,-1,-1,-1,,,,,
7157,1422497,-1,253,4,-1,-1,-1,-1,-1,-1,23,1,162,-1,-1,-1,-1,,,,,
7158,1423207,-1,19,1,-1,-1,-1,-1,-1,-1,15,1,12,-1,-1,-1,-1,,,,,
7159,1423227,-1,21,1,-1,-1,-1,-1,-1,-1,15,1,12,-1,-1,-1,-1,,,,,
7160,1423292,-1,12081,4,-1,-1,-1,-1,-1,-1,15,1,19,-1,-1,-1,-1,,,,,
7161,1423313,-1,12062,2,-1,-1,-1,-1,-1,-1,15,1,20,-1,-1,-1,-1,,,,,
7162,1423682,-1,16,1,-1,-1,-1,-1,-1,-1,4,1,4,-1,-1,-1,-1,,,,,
7166,1424901,-1,15,1,-1,-1,-1,-1,-1,-1,4,1,4,-1,-1,-1,-1,,,,,
7167,1425523,-1,16,1,-1,-1,-1,-1,-1,-1,23,1,12,-1,-1,-1,-1,,,,,
7168,1425559,-1,17,1,-1,-1,-1,-1,-1,-1,23,1,12,-1,-1,-1,-1,,,,,
7169,1425592,-1,17,1,-1,-1,-1,-1,-1,-1,23,1,145,-1,-1,-1,-1,,,,,
7170,1425676,-1,264,4,-1,-1,-1,-1,-1,-1,23,1,134,-1,-1,-1,-1,,,,,
7171,1426457,-1,19,1,-1,-1,-1,-1,-1,-1,23,1,12,-1,-1,-1,-1,,,,,
7172,1426856,-1,40,4,-1,-1,-1,-1,-1,-1,23,1,134,-1,-1,-1,-1,,,,,
7173,1427497,-1,56,16,-1,-1,-1,-1,-1,-1,23,1,134,-1,-1,-1,-1,,,,,
7174,1427532,-1,24,16,-1,-1,-1,-1,-1,-1,23,1,162,-1,-1,-1,-1,,,,,
7175,1427735,-1,89,16,-1,-1,-1,-1,-1,-1,23,1,162,-1,-1,-1,-1,,,,,
7176,1427741,-1,366,16,-1,-1,-1,-1,-1,-1,23,1,134,-1,-1,-1,-1,,,,,
7177,1428392,-1,115,16,-1,-1,-1,-1,-1,-1,23,1,134,-1,-1,-1,-1,,,,,
7179,1428675,-1,45,4,-1,-1,-1,-1,-1,-1,23,1,134,-1,-1,-1,-1,,,,,
7180,1428736,-1,71,16,-1,-1,-1,-1,-1,-1,23,1,134,-1,-1,-1,-1,,,,,
7182,1429114,-1,16,1,-1,-1,-1,-1,-1,-1,4,1,4,-1,-1,-1,-1,,,,,
7183,1429210,-1,380,16,-1,-1,-1,-1,-1,-1,23,1,134,-1,-1,-1,-1,,,,,
7194,1431571,-1,214,16,-1,-1,-1,-1,-1,-1,23,1,134,-1,-1,-1,-1,,,,,
7197,1432351,-1,19,1,-1,-1,-1,-1,-1,-1,23,1,12,-1,-1,-1,-1,,,,,
7198,1432531,-1,384,16,-1,-1,-1,-1,-1,-1,23,1,134,-1,-1,-1,-1,,,,,
7205,1434372,-1,13,1,-1,-1,-1,-1,-1,-1,4,1,4,-1,-1,-1,-1,,,,,
7211,1434801,-1,12113,64,-1,-1,-1,-1,-1,-1,4,1,3,-1,-1,-1,-1,,,,,
7226,1446916,-1,13,1,-1,-1,-1,-1,-1,-1,4,1,4,-1,-1,-1,-1,,,,,
7227,1447142,-1,19,1,-1,-1,-1,-1,-1,-1,15,1,12,-1,-1,-1,-1,,,,,
7228,1447181,-1,21,1,-1,-1,-1,-1,-1,-1,15,1,12,-1,-1,-1,-1,,,,,
7229,1447209,-1,8879,4,-1,-1,-1,-1,-1,-1,15,1,19,-1,-1,-1,-1,,,,,
7230,1447230,-1,8855,2,-1,-1,-1,-1,-1,-1,15,1,20,-1,-1,-1,-1,,,,,
7231,1447501,-1,11,1,-1,-1,-1,-1,-1,-1,9,2,9,-1,-1,-1,-1,,,,,
7234,1449878,-1,537,32,-1,-1,-1,-1,-1,-1,35,1,147,-1,-1,-1,-1,,,,,
7248,1452074,-1,757,64,-1,-1,-1,-1,-1,-1,4,1,3,-1,-1,-1,-1,,,,,
7250,1452834,-1,17,1,-1,-1,-1,-1,-1,-1,4,1,4,-1,-1,-1,-1,,,,,
7252,1453042,-1,747,64,-1,-1,-1,-1,-1,-1,4,1,3,-1,-1,-1,-1,,,,,
7258,1453792,-1,15,1,-1,-1,-1,-1,-1,-1,4,1,4,-1,-1,-1,-1,,,,,
7261,1454406,-1,1671,64,-1,-1,-1,-1,-1,-1,4,1,-1,-1,-1,-1,-1,,,,,
7267,1456092,-1,0,128,-1,-1,-1,-1,-1,-1,1,1,-1,-1,-1,-1,-1,,,,,
7270,1467962,-1,16,1,-1,-1,-1,-1,-1,-1,15,1,12,-1,-1,-1,-1,,,,,
7271,1467998,-1,25,1,-1,-1,-1,-1,-1,-1,15,1,12,-1,-1,-1,-1,,,,,
7272,1468028,-1,12016,4,-1,-1,-1,-1,-1,-1,15,1,19,-1,-1,-1,-1,,,,,
7273,1468049,-1,11997,2,-1,-1,-1,-1,-1,-1,15,1,20,-1,-1,-1,-1,,,,,
7372,1487800,-1,15,1,-1,-1,-1,-1,-1,-1,23,1,145,-1,-1,-1,-1,,,,,
7373,1487825,-1,385,16,-1,-1,-1,-1,-1,-1,23,1,134,-1,-1,-1,-1,,,,,
7375,1488232,-1,19,1,-1,-1,-1,-1,-1,-1,23,1,12,-1,-1,-1,-1,,,,,
7409,1494466,-1,17,1,-1,-1,-1,-1,-1,-1,23,1,145,-1,-1,-1,-1,,,,,
7410,1494501,-1,1039,16,-1,-1,-1,-1,-1,-1,23,1,134,-1,-1,-1,-1,,,,,
7413,1495505,-1,30,1,-1,-1,-1,-1,-1,-1,23,1,9,-1,-1,-1,-1,,,,,
7414,1495582,-1,105,16,-1,-1,-1,-1,-1,-1,23,1,134,-1,-1,-1,-1,,,,,
7426,1497283,-1,32,8,-1,-1,-1,-1,-1,-1,24,1,29,-1,-1,-1,-1,,,,,
7428,1497398,-1,26,8,-1,-1,-1,-1,-1,-1,24,1,29,-1,-1,-1,-1,,,,,
7429,1497448,-1,20,8,-1,-1,-1,-1,-1,-1,24,1,74,-1,-1,-1,-1,,,,,
7430,1497716,-1,6,1,-1,-1,-1,-1,-1,-1,2,1,9,-1,-1,-1,-1,,,,,
7432,1498033,-1,1394,8,-1,-1,-1,-1,-1,-1,22,1,141,-1,-1,-1,-1,,,,,
7433,1499633,-1,1547,16,-1,-1,-1,-1,-1,-1,22,1,141,-1,-1,-1,-1,,,,,
7435,1499958,-1,143,64,-1,-1,-1,-1,-1,-1,14,2,26,-1,-1,-1,-1,,,,,
7437,1500602,-1,253,32,-1,-1,-1,-1,-1,-1,30,1,76,-1,-1,-1,-1,,,,,
7438,1500866,-1,315,32,-1,-1,-1,-1,-1,-1,30,1,76,-1,-1,-1,-1,,,,,
7441,1501240,-1,1837,32,-1,-1,-1,-1,-1,-1,22,1,141,-1,-1,-1,-1,,,,,
7442,1501345,-1,18,32,-1,-1,-1,-1,-1,-1,30,1,76,-1,-1,-1,-1,,,,,
7445,1501454,-1,23,64,-1,-1,-1,-1,-1,-1,32,1,11,-1,-1,-1,-1,,,,,
7446,1501487,-1,162,32,-1,-1,-1,-1,-1,-1,30,1,76,-1,-1,-1,-1,,,,,
7447,1501501,-1,27,1,-1,-1,-1,-1,-1,-1,9,2,9,-1,-1,-1,-1,,,,,
7449,1501805,-1,709,32,-1,-1,-1,-1,-1,-1,30,1,76,-1,-1,-1,-1,,,,,
7450,1501891,-1,106,16,-1,-1,-1,-1,-1,-1,23,1,134,-1,-1,-1,-1,,,,,
7453,1502464,-1,25,64,-1,-1,-1,-1,-1,-1,41,1,28,-1,-1,-1,-1,,,,,
7459,1503336,-1,371,32,-1,-1,-1,-1,-1,-1,30,1,76,-1,-1,-1,-1,,,,,
7461,1503833,-1,217,32,-1,-1,-1,-1,-1,-1,30,1,76,-1,-1,-1,-1,,,,,
7462,1503873,-1,615,4,-1,-1,-1,-1,-1,-1,38,2,71,-1,-1,-1,-1,,,,,
7464,1504000,-1,3344,32,-1,-1,-1,-1,-1,-1,10,1,10,-1,-1,-1,-1,,,,,
7465,1504140,-1,139,1,-1,-1,-1,-1,-1,-1,30,1,140,-1,-1,-1,-1,,,,,
7468,1504335,-1,480,4,-1,-1,-1,-1,-1,-1,5,2,166,-1,-1,-1,-1,,,,,
7470,1504350,-1,465,4,-1,-1,-1,-1,-1,-1,5,2,167,-1,-1,-1,-1,,,,,
7473,1504574,-1,182,32,-1,-1,-1,-1,-1,-1,30,1,76,-1,-1,-1,-1,,,,,
7474,1504843,-1,21,1,-1,-1,-1,-1,-1,-1,36,1,137,-1,-1,-1,-1,,,,,
7476,1505161,-1,168,32,-1,-1,-1,-1,-1,-1,30,1,76,-1,-1,-1,-1,,,,,
7478,1505502,-1,14284,16,-1,-1,-1,-1,-1,-1,39,2,158,-1,-1,-1,-1,,,,,
7479,1505703,-1,181,32,-1,-1,-1,-1,-1,-1,30,1,76,-1,-1,-1,-1,,,,,
7481,1505976,-1,3391,1,-1,-1,-1,-1,-1,-1,36,1,168,-1,-1,-1,-1,,,,,
7483,1506083,-1,22,32,-1,-1,-1,-1,-1,-1,30,1,76,-1,-1,-1,-1,,,,,
7485,1506126,-1,23,32,-1,-1,-1,-1,-1,-1,30,1,76,-1,-1,-1,-1,,,,,
7487,1506235,-1,22,32,-1,-1,-1,-1,-1,-1,30,1,76,-1,-1,-1,-1,,,,,
7488,1506279,-1,22,32,-1,-1,-1,-1,-1,-1,7,1,10,-1,-1,-1,-1,,,,,
7490,1506321,-1,26,32,-1,-1,-1,-1,-1,-1,30,1,76,-1,-1,-1,-1,,,,,
7491,1506418,-1,28,32,-1,-1,-1,-1,-1,-1,30,1,76,-1,-1,-1,-1,,,,,
7492,1506471,-1,5,1,-1,-1,-1,-1,-1,-1,36,1,169,-1,-1,-1,-1,,,,,
7493,1506485,-1,22,32,-1,-1,-1,-1,-1,-1,7,1,10,-1,-1,-1,-1,,,,,
7494,1506501,-1,160,8,-1,-1,-1,-1,-1,-1,36,1,169,-1,-1,-1,-1,,,,,
7495,1506552,-1,304,32,-1,-1,-1,-1,-1,-1,7,1,10,-1,-1,-1,-1,,,,,
7496,1506615,-1,20,32,-1,-1,-1,-1,-1,-1,30,1,76,-1,-1,-1,-1,,,,,
7497,1506631,-1,225,4,-1,-1,-1,-1,-1,-1,7,1,18,-1,-1,-1,-1,,,,,
7498,1506727,-1,23,32,-1,-1,-1,-1,-1,-1,30,1,76,-1,-1,-1,-1,,,,,
7500,1506795,-1,23,32,-1,-1,-1,-1,-1,-1,30,1,76,-1,-1,-1,-1,,,,,
7501,1506956,-1,172,8,-1,-1,-1,-1,-1,-1,36,1,170,-1,-1,-1,-1,,,,,
7502,1506980,-1,23,32,-1,-1,-1,-1,-1,-1,30,1,76,-1,-1,-1,-1,,,,,
7503,1507107,-1,23,32,-1,-1,-1,-1,-1,-1,30,1,76,-1,-1,-1,-1,,,,,
7505,1507532,-1,231,32,-1,-1,-1,-1,-1,-1,30,1,76,-1,-1,-1,-1,,,,,
7511,1508162,-1,454,32,-1,-1,-1,-1,-1,-1,30,1,76,-1,-1,-1,-1,,,,,
7512,1508169,-1,154,8,-1,-1,-1,-1,-1,-1,36,1,171,-1,-1,-1,-1,,,,,
7514,1508735,-1,316,32,-1,-1,-1,-1,-1,-1,30,1,76,-1,-1,-1,-1,,,,,
7516,1509307,-1,107,1,-1,-1,-1,-1,-1,-1,6,1,6,-1,-1,-1,-1,,,,,
7518,1509430,-1,152,8,-1,-1,-1,-1,-1,-1,36,1,168,-1,-1,-1,-1,,,,,
7521,1509597,-1,226,16,-1,-1,-1,-1,-1,-1,23,1,134,-1,-1,-1,-1,,,,,
7522,1509698,-1,108,1,-1,-1,-1,-1,-1,-1,6,1,6,-1,-1,-1,-1,,,,,
7523,1509762,-1,168,32,-1,-1,-1,-1,-1,-1,30,1,76,-1,-1,-1,-1,,,,,
7526,1509930,-1,107,1,-1,-1,-1,-1,-1,-1,6,1,6,-1,-1,-1,-1,,,,,
7527,1510001,-1,140,32,-1,-1,-1,-1,-1,-1,30,1,76,-1,-1,-1,-1,,,,,
7528,1510258,-1,43,8,-1,-1,-1,-1,-1,-1,5,2,5,-1,-1,-1,-1,,,,,
7529,1510313,-1,31,4,-1,-1,-1,-1,-1,-1,5,2,5,-1,-1,-1,-1,,,,,
7530,1510363,-1,43,8,-1,-1,-1,-1,-1,-1,5,2,5,-1,-1,-1,-1,,,,,
7532,1510445,-1,65,8,-1,-1,-1,-1,-1,-1,5,2,5,-1,-1,-1,-1,,,,,
7533,1510540,-1,5,1,-1,-1,-1,-1,-1,-1,5,2,12,-1,-1,-1,-1,,,,,
7534,1510697,-1,84,16,-1,-1,-1,-1,-1,-1,23,1,134,-1,-1,-1,-1,,,,,
7535,1510757,-1,33,4,-1,-1,-1,-1,-1,-1,38,2,71,-1,-1,-1,-1,,,,,
7537,1510912,-1,150,32,-1,-1,-1,-1,-1,-1,30,1,76,-1,-1,-1,-1,,,,,
7538,1510914,-1,87,16,-1,-1,-1,-1,-1,-1,23,1,134,-1,-1,-1,-1,,,,,
7539,1511048,-1,104,1,-1,-1,-1,-1,-1,-1,6,1,6,-1,-1,-1,-1,,,,,
7540,1511079,-1,597,16,-1,-1,-1,-1,-1,-1,23,1,134,-1,-1,-1,-1,,,,,
7542,1511200,-1,102,1,-1,-1,-1,-1,-1,-1,6,1,6,-1,-1,-1,-1,,,,,
7547,1511727,-1,36,1,-1,-1,-1,-1,-1,-1,23,1,12,-1,-1,-1,-1,,,,,
7548,1511801,-1,210,32,-1,-1,-1,-1,-1,-1,30,1,76,-1,-1,-1,-1,,,,,
7550,1512038,-1,77,32,-1,-1,-1,-1,-1,-1,30,1,76,-1,-1,-1,-1,,,,,
7551,1512062,-1,160,64,-1,-1,-1,-1,-1,-1,12,2,14,-1,-1,-1,-1,,,,,
7552,1512140,-1,155,32,-1,-1,-1,-1,-1,-1,30,1,76,-1,-1,-1,-1,,,,,
7553,1512182,-1,12,1,-1,-1,-1,-1,-1,-1,12,2,1,-1,-1,-1,-1,,,,,
7554,1512281,-1,27,1,-1,-1,-1,-1,-1,-1,12,2,1,-1,-1,-1,-1,,,,,
7556,1512312,-1,199,32,-1,-1,-1,-1,-1,-1,30,1,76,-1,-1,-1,-1,,,,,
7557,1512419,-1,203,8,-1,-1,-1,-1,-1,-1,36,1,172,-1,-1,-1,-1,,,,,
7558,1512500,-1,462,16,-1,-1,-1,-1,-1,-1,23,1,134,-1,-1,-1,-1,,,,,
7559,1512520,-1,186,32,-1,-1,-1,-1,-1,-1,30,1,76,-1,-1,-1,-1,,,,,
7560,1512588,-1,51,2,-1,-1,-1,-1,-1,-1,12,2,90,-1,-1,-1,-1,,,,,
7561,1512596,-1,42,2,-1,-1,-1,-1,-1,-1,12,2,49,-1,-1,-1,-1,,,,,
7562,1512604,-1,35,2,-1,-1,-1,-1,-1,-1,12,2,50,-1,-1,-1,-1,,,,,
7563,1512618,-1,7,2,-1,-1,-1,-1,-1,-1,12,2,51,-1,-1,-1,-1,,,,,
7565,1512663,-1,2,2,-1,-1,-1,-1,-1,-1,12,2,90,-1,-1,-1,-1,,,,,
7566,1512698,-1,95,2,-1,-1,-1,-1,-1,-1,12,2,90,-1,-1,-1,-1,,,,,
7567,1512707,-1,85,2,-1,-1,-1,-1,-1,-1,12,2,49,-1,-1,-1,-1,,,,,
7569,1512714,-1,29,32,-1,-1,-1,-1,-1,-1,30,1,76,-1,-1,-1,-1,,,,,
7570,1512716,-1,77,2,-1,-1,-1,-1,-1,-1,12,2,50,-1,-1,-1,-1,,,,,
7572,1512780,-1,29,32,-1,-1,-1,-1,-1,-1,30,1,76,-1,-1,-1,-1,,,,,
7574,1512858,-1,360,32,-1,-1,-1,-1,-1,-1,30,1,76,-1,-1,-1,-1,,,,,
7576,1512938,-1,29,8,-1,-1,-1,-1,-1,-1,24,1,74,-1,-1,-1,-1,,,,,
7577,1513072,-1,60,8,-1,-1,-1,-1,-1,-1,24,1,29,-1,-1,-1,-1,,,,,
7579,1513623,-1,696,16,-1,-1,-1,-1,-1,-1,23,1,134,-1,-1,-1,-1,,,,,
7580,1513669,-1,741,32,-1,-1,-1,-1,-1,-1,4,1,3,-1,-1,-1,-1,,,,,
7582,1514099,-1,10,1,-1,-1,-1,-1,-1,-1,4,1,4,-1,-1,-1,-1,,,,,
7586,1514360,-1,191,1,-1,-1,-1,-1,-1,-1,36,1,173,-1,-1,-1,-1,,,,,
7588,1514412,-1,7,1,-1,-1,-1,-1,-1,-1,4,1,4,-1,-1,-1,-1,,,,,
7589,1514530,-1,537,16,-1,-1,-1,-1,-1,-1,23,1,134,-1,-1,-1,-1,,,,,
7590,1514558,-1,726,32,-1,-1,-1,-1,-1,-1,4,1,3,-1,-1,-1,-1,,,,,
7591,1514631,-1,278,8,-1,-1,-1,-1,-1,-1,36,1,173,-1,-1,-1,-1,,,,,
7593,1514898,-1,29,4,-1,-1,-1,-1,-1,-1,5,2,5,-1,-1,-1,-1,,,,,
7594,1514966,-1,324,8,-1,-1,-1,-1,-1,-1,36,1,174,-1,-1,-1,-1,,,,,
7595,1515058,-1,4728,8,-1,-1,-1,-1,-1,-1,5,2,13,-1,-1,-1,-1,,,,,
7596,1515094,-1,553,16,-1,-1,-1,-1,-1,-1,23,1,134,-1,-1,-1,-1,,,,,
7597,1515151,-1,58,8,-1,-1,-1,-1,-1,-1,24,1,29,-1,-1,-1,-1,,,,,
7598,1515176,-1,16,1,-1,-1,-1,-1,-1,-1,5,2,12,-1,-1,-1,-1,,,,,
7600,1515288,-1,8,1,-1,-1,-1,-1,-1,-1,4,1,4,-1,-1,-1,-1,,,,,
7601,1515313,-1,106,8,-1,-1,-1,-1,-1,-1,36,1,175,-1,-1,-1,-1,,,,,
7602,1515385,-1,67,8,-1,-1,-1,-1,-1,-1,24,1,29,-1,-1,-1,-1,,,,,
7603,1515401,-1,1462,32,-1,-1,-1,-1,-1,-1,4,1,3,-1,-1,-1,-1,,,,,
7604,1515437,-1,57,1,-1,-1,-1,-1,-1,-1,5,2,12,-1,-1,-1,-1,,,,,
7605,1515495,-1,5,1,-1,-1,-1,-1,-1,-1,36,1,137,-1,-1,-1,-1,,,,,
7606,1515566,-1,8,1,-1,-1,-1,-1,-1,-1,5,2,56,-1,-1,-1,-1,,,,,
7612,1515992,-1,8,1,-1,-1,-1,-1,-1,-1,4,1,4,-1,-1,-1,-1,,,,,
7613,1516003,-1,58,8,-1,-1,-1,-1,-1,-1,24,1,29,-1,-1,-1,-1,,,,,
7615,1516717,-1,505,16,-1,-1,-1,-1,-1,-1,23,1,134,-1,-1,-1,-1,,,,,
7617,1516866,-1,7,1,-1,-1,-1,-1,-1,-1,4,1,4,-1,-1,-1,-1,,,,,
7618,1517029,-1,977,32,-1,-1,-1,-1,-1,-1,4,1,3,-1,-1,-1,-1,,,,,
7625,1517851,-1,8,1,-1,-1,-1,-1,-1,-1,4,1,4,-1,-1,-1,-1,,,,,
7626,1518008,-1,11,1,-1,-1,-1,-1,-1,-1,4,1,4,-1,-1,-1,-1,,,,,
7627,1518099,-1,427,32,-1,-1,-1,-1,-1,-1,4,1,3,-1,-1,-1,-1,,,,,
7629,1518557,-1,21,32,-1,-1,-1,-1,-1,-1,4,1,3,-1,-1,-1,-1,,,,,
7630,1518581,-1,14,1,-1,-1,-1,-1,-1,-1,4,1,4,-1,-1,-1,-1,,,,,
7637,1519733,-1,5,1,-1,-1,-1,-1,-1,-1,12,2,1,-1,-1,-1,-1,,,,,
7639,1520362,-1,1356,32,-1,-1,-1,-1,-1,-1,4,1,3,-1,-1,-1,-1,,,,,
7642,1520770,-1,8,1,-1,-1,-1,-1,-1,-1,4,1,4,-1,-1,-1,-1,,,,,
7643,1521085,-1,6,1,-1,-1,-1,-1,-1,-1,4,1,4,-1,-1,-1,-1,,,,,
7644,1521423,-1,6,1,-1,-1,-1,-1,-1,-1,4,1,4,-1,-1,-1,-1,,,,,
7645,1521553,-1,163,64,-1,-1,-1,-1,-1,-1,12,2,176,-1,-1,-1,-1,,,,,
7646,1521724,-1,9,1,-1,-1,-1,-1,-1,-1,4,1,4,-1,-1,-1,-1,,,,,
7647,1521801,-1,178,32,-1,-1,-1,-1,-1,-1,4,1,3,-1,-1,-1,-1,,,,,
7649,1521923,-1,219,32,-1,-1,-1,-1,-1,-1,12,2,14,-1,-1,-1,-1,,,,,
7650,1522019,-1,1355,32,-1,-1,-1,-1,-1,-1,4,1,3,-1,-1,-1,-1,,,,,
7652,1522394,-1,830,32,-1,-1,-1,-1,-1,-1,1,1,-1,-1,-1,-1,-1,,,,,
7653,1522423,-1,9,1,-1,-1,-1,-1,-1,-1,4,1,4,-1,-1,-1,-1,,,,,
7655,1523068,-1,10,1,-1,-1,-1,-1,-1,-1,4,1,4,-1,-1,-1,-1,,,,,
7661,1523376,-1,7,1,-1,-1,-1,-1,-1,-1,4,1,4,-1,-1,-1,-1,,,,,
7662,1523491,-1,1357,32,-1,-1,-1,-1,-1,-1,4,1,3,-1,-1,-1,-1,,,,,
7665,1524347,-1,388,32,-1,-1,-1,-1,-1,-1,1,1,-1,-1,-1,-1,-1,,,,,
7666,1524574,-1,11,1,-1,-1,-1,-1,-1,-1,4,1,4,-1,-1,-1,-1,,,,,
7672,1524850,-1,7,1,-1,-1,-1,-1,-1,-1,4,1,4,-1,-1,-1,-1,,,,,
7673,1524991,-1,1357,32,-1,-1,-1,-1,-1,-1,4,1,3,-1,-1,-1,-1,,,,,
7675,1525518,-1,222,32,-1,-1,-1,-1,-1,-1,10,1,10,-1,-1,-1,-1,,,,,
7677,1525738,-1,11,1,-1,-1,-1,-1,-1,-1,4,1,4,-1,-1,-1,-1,,,,,
7678,1525779,-1,60,32,-1,-1,-1,-1,-1,-1,10,1,10,-1,-1,-1,-1,,,,,
7679,1525866,-1,72,32,-1,-1,-1,-1,-1,-1,10,1,10,-1,-1,-1,-1,,,,,
7680,1526045,-1,58,32,-1,-1,-1,-1,-1,-1,10,1,10,-1,-1,-1,-1,,,,,
7685,1526264,-1,107,32,-1,-1,-1,-1,-1,-1,10,1,10,-1,-1,-1,-1,,,,,
7687,1526351,-1,7,1,-1,-1,-1,-1,-1,-1,4,1,4,-1,-1,-1,-1,,,,,
7688,1526413,-1,1353,32,-1,-1,-1,-1,-1,-1,4,1,3,-1,-1,-1,-1,,,,,
7690,1526854,-1,118,32,-1,-1,-1,-1,-1,-1,1,1,-1,-1,-1,-1,-1,,,,,
7691,1526946,-1,57,32,-1,-1,-1,-1,-1,-1,10,1,10,-1,-1,-1,-1,,,,,
7692,1527147,-1,9,1,-1,-1,-1,-1,-1,-1,4,1,4,-1,-1,-1,-1,,,,,
7694,1527325,-1,740,32,-1,-1,-1,-1,-1,-1,1,1,-1,-1,-1,-1,-1,,,,,
7700,1527773,-1,7,1,-1,-1,-1,-1,-1,-1,4,1,4,-1,-1,-1,-1,,,,,
7701,1527819,-1,1363,32,-1,-1,-1,-1,-1,-1,4,1,3,-1,-1,-1,-1,,,,,
7702,1527827,-1,12,1,-1,-1,-1,-1,-1,-1,4,1,2,-1,-1,-1,-1,,,,,
7703,1528166,-1,993,8,-1,-1,-1,-1,-1,-1,22,1,141,-1,-1,-1,-1,,,,,
7705,1528417,-1,206,64,-1,-1,-1,-1,-1,-1,23,1,134,-1,-1,-1,-1,,,,,
7706,1528829,-1,138,32,-1,-1,-1,-1,-1,-1,10,1,10,-1,-1,-1,-1,,,,,
7707,1528969,-1,408,32,-1,-1,-1,-1,-1,-1,10,1,10,-1,-1,-1,-1,,,,,
7708,1529184,-1,7,1,-1,-1,-1,-1,-1,-1,4,1,4,-1,-1,-1,-1,,,,,
7709,1529259,-1,1907,32,-1,-1,-1,-1,-1,-1,4,1,3,-1,-1,-1,-1,,,,,
7710,1529319,-1,437,64,-1,-1,-1,-1,-1,-1,23,1,134,-1,-1,-1,-1,,,,,
7711,1529601,-1,1620,32,-1,-1,-1,-1,-1,-1,10,1,10,-1,-1,-1,-1,,,,,
7712,1529767,-1,323,64,-1,-1,-1,-1,-1,-1,23,1,134,-1,-1,-1,-1,,,,,
7713,1530421,-1,60,8,-1,-1,-1,-1,-1,-1,24,1,29,-1,-1,-1,-1,,,,,
7714,1530807,-1,50,16,-1,-1,-1,-1,-1,-1,39,2,158,-1,-1,-1,-1,,,,,
7715,1530884,-1,116,16,-1,-1,-1,-1,-1,-1,39,2,158,-1,-1,-1,-1,,,,,
7716,1531011,-1,55,8,-1,-1,-1,-1,-1,-1,24,1,29,-1,-1,-1,-1,,,,,
7717,1531116,-1,365,64,-1,-1,-1,-1,-1,-1,23,1,134,-1,-1,-1,-1,,,,,
7718,1531170,-1,11,1,-1,-1,-1,-1,-1,-1,4,1,4,-1,-1,-1,-1,,,,,
7719,1531459,-1,184,16,-1,-1,-1,-1,-1,-1,39,2,158,-1,-1,-1,-1,,,,,
7720,1531808,-1,344,16,-1,-1,-1,-1,-1,-1,39,2,177,-1,-1,-1,-1,,,,,
7721,1532181,-1,1934,32,-1,-1,-1,-1,-1,-1,10,1,10,-1,-1,-1,-1,,,,,
7722,1532426,-1,67,8,-1,-1,-1,-1,-1,-1,24,1,29,-1,-1,-1,-1,,,,,
7723,1532696,-1,3277,1,-1,-1,-1,-1,-1,-1,4,1,4,-1,-1,-1,-1,,,,,
7724,1532716,-1,3332,32,-1,-1,-1,-1,-1,-1,4,1,3,-1,-1,-1,-1,,,,,
7725,1532764,-1,56,16,-1,-1,-1,-1,-1,-1,39,2,158,-1,-1,-1,-1,,,,,
7726,1533239,-1,55,8,-1,-1,-1,-1,-1,-1,24,1,29,-1,-1,-1,-1,,,,,
7727,1533563,-1,399,16,-1,-1,-1,-1,-1,-1,39,2,158,-1,-1,-1,-1,,,,,
7728,1533900,-1,14,1,-1,-1,-1,-1,-1,-1,9,2,9,-1,-1,-1,-1,,,,,
7729,1533993,-1,44,16,-1,-1,-1,-1,-1,-1,39,2,158,-1,-1,-1,-1,,,,,
7733,1534339,-1,237,32,-1,-1,-1,-1,-1,-1,10,1,10,-1,-1,-1,-1,,,,,
7734,1534392,-1,251,32,-1,-1,-1,-1,-1,-1,30,1,76,-1,-1,-1,-1,,,,,
7736,1534645,-1,22,32,-1,-1,-1,-1,-1,-1,30,1,76,-1,-1,-1,-1,,,,,
7737,1534676,-1,23,32,-1,-1,-1,-1,-1,-1,30,1,76,-1,-1,-1,-1,,,,,
7738,1534711,-1,23,32,-1,-1,-1,-1,-1,-1,10,1,10,-1,-1,-1,-1,,,,,
7739,1534770,-1,112,32,-1,-1,-1,-1,-1,-1,10,1,10,-1,-1,-1,-1,,,,,
7740,1534856,-1,22,32,-1,-1,-1,-1,-1,-1,30,1,76,-1,-1,-1,-1,,,,,
7741,1534992,-1,1272,32,-1,-1,-1,-1,-1,-1,10,1,10,-1,-1,-1,-1,,,,,
7742,1535068,-1,197,32,-1,-1,-1,-1,-1,-1,30,1,76,-1,-1,-1,-1,,,,,
7744,1535558,-1,22,32,-1,-1,-1,-1,-1,-1,30,1,76,-1,-1,-1,-1,,,,,
7745,1535591,-1,22,32,-1,-1,-1,-1,-1,-1,30,1,76,-1,-1,-1,-1,,,,,
7747,1535818,-1,251,32,-1,-1,-1,-1,-1,-1,30,1,76,-1,-1,-1,-1,,,,,
7749,1536035,-1,24,1,-1,-1,-1,-1,-1,-1,4,1,4,-1,-1,-1,-1,,,,,
7750,1536053,-1,154,32,-1,-1,-1,-1,-1,-1,1,1,-1,-1,-1,-1,-1,,,,,
7751,1536077,-1,214,32,-1,-1,-1,-1,-1,-1,30,1,76,-1,-1,-1,-1,,,,,
7752,1536308,-1,173,32,-1,-1,-1,-1,-1,-1,30,1,76,-1,-1,-1,-1,,,,,
7753,1536558,-1,196,32,-1,-1,-1,-1,-1,-1,30,1,76,-1,-1,-1,-1,,,,,
7754,1536573,-1,714,32,-1,-1,-1,-1,-1,-1,10,1,10,-1,-1,-1,-1,,,,,
7755,1536808,-1,183,32,-1,-1,-1,-1,-1,-1,30,1,76,-1,-1,-1,-1,,,,,
7756,1537185,-1,12,1,-1,-1,-1,-1,-1,-1,4,1,4,-1,-1,-1,-1,,,,,
7757,1537226,-1,3292,32,-1,-1,-1,-1,-1,-1,4,1,3,-1,-1,-1,-1,,,,,
7758,1537566,-1,375,32,-1,-1,-1,-1,-1,-1,30,1,76,-1,-1,-1,-1,,,,,
7759,1537763,-1,977,32,-1,-1,-1,-1,-1,-1,1,1,-1,-1,-1,-1,-1,,,,,
7760,1537896,-1,13,1,-1,-1,-1,-1,-1,-1,4,1,4,-1,-1,-1,-1,,,,,
7761,1538727,-1,6,1,-1,-1,-1,-1,-1,-1,4,1,4,-1,-1,-1,-1,,,,,
7762,1540148,-1,3722,32,-1,-1,-1,-1,-1,-1,1,1,-1,-1,-1,-1,-1,,,,,
7763,1540521,-1,9,1,-1,-1,-1,-1,-1,-1,4,1,4,-1,-1,-1,-1,,,,,
7764,1540806,-1,6514,32,-1,-1,-1,-1,-1,-1,4,1,-1,-1,-1,-1,-1,,,,,
7765,1543358,-1,50,64,-1,-1,-1,-1,-1,-1,32,1,11,-1,-1,-1,-1,,,,,
7766,1547323,-1,9613,128,-1,-1,-1,-1,-1,-1,2,1,-1,-1,-1,-1,-1,,,,,
7767,1556940,-1,8985,128,-1,-1,-1,-1,-1,-1,1,1,-1,-1,-1,-1,-1,,,,,
7768,1565929,-1,9800,128,-1,-1,-1,-1,-1,-1,2,1,-1,-1,-1,-1,-1,,,,,
7770,1575952,-1,79,64,-1,-1,-1,-1,-1,-1,23,1,134,-1,-1,-1,-1,,,,,
7775,1576555,-1,2026,64,-1,-1,-1,-1,-1,-1,23,1,134,-1,-1,-1,-1,,,,,
7813,1578684,-1,523,64,-1,-1,-1,-1,-1,-1,23,1,134,-1,-1,-1,-1,,,,,
7818,1579451,-1,103,64,-1,-1,-1,-1,-1,-1,23,1,134,-1,-1,-1,-1,,,,,
7820,1579619,-1,96,64,-1,-1,-1,-1,-1,-1,23,1,134,-1,-1,-1,-1,,,,,
7825,1579873,-1,186,64,-1,-1,-1,-1,-1,-1,23,1,134,-1,-1,-1,-1,,,,,
7834,1580207,-1,477,64,-1,-1,-1,-1,-1,-1,23,1,134,-1,-1,-1,-1,,,,,
7838,1580761,-1,492,64,-1,-1,-1,-1,-1,-1,23,1,134,-1,-1,-1,-1,,,,,
7846,1581371,-1,716,64,-1,-1,-1,-1,-1,-1,23,1,134,-1,-1,-1,-1,,,,,
7874,1583581,-1,45,32,-1,-1,-1,-1,-1,-1,24,1,101,-1,-1,-1,-1,,,,,
7875,1583645,-1,6,32,-1,-1,-1,-1,-1,-1,24,1,101,-1,-1,-1,-1,,,,,
7876,1583652,-1,2144,32,-1,-1,-1,-1,-1,-1,24,1,101,-1,-1,-1,-1,,,,,
7877,1583666,-1,6494,32,-1,-1,-1,-1,-1,-1,4,1,3,-1,-1,-1,-1,,,,,
7879,1584034,-1,200,32,-1,-1,-1,-1,-1,-1,30,1,76,-1,-1,-1,-1,,,,,
7880,1584111,-1,21,16,-1,-1,-1,-1,-1,-1,22,1,141,-1,-1,-1,-1,,,,,
7882,1584239,-1,534,32,-1,-1,-1,-1,-1,-1,30,1,76,-1,-1,-1,-1,,,,,
7887,1584701,-1,1037,16,-1,-1,-1,-1,-1,-1,22,1,141,-1,-1,-1,-1,,,,,
7888,1584781,-1,20,32,-1,-1,-1,-1,-1,-1,30,1,76,-1,-1,-1,-1,,,,,
7889,1584939,-1,231,32,-1,-1,-1,-1,-1,-1,30,1,76,-1,-1,-1,-1,,,,,
7890,1585177,-1,236,32,-1,-1,-1,-1,-1,-1,30,1,76,-1,-1,-1,-1,,,,,
7891,1585240,-1,46,1,-1,-1,-1,-1,-1,-1,4,1,4,-1,-1,-1,-1,,,,,
7892,1585490,-1,462,32,-1,-1,-1,-1,-1,-1,30,1,76,-1,-1,-1,-1,,,,,
7893,1585868,-1,939,32,-1,-1,-1,-1,-1,-1,22,1,141,-1,-1,-1,-1,,,,,
7894,1585979,-1,242,32,-1,-1,-1,-1,-1,-1,30,1,76,-1,-1,-1,-1,,,,,
7895,1586300,-1,15,1,-1,-1,-1,-1,-1,-1,4,1,4,-1,-1,-1,-1,,,,,
7896,1586487,-1,153,32,-1,-1,-1,-1,-1,-1,23,1,134,-1,-1,-1,-1,,,,,
7897,1586749,-1,931,32,-1,-1,-1,-1,-1,-1,23,1,134,-1,-1,-1,-1,,,,,
7898,1586995,-1,194,32,-1,-1,-1,-1,-1,-1,30,1,76,-1,-1,-1,-1,,,,,
7899,1587219,-1,205,32,-1,-1,-1,-1,-1,-1,30,1,76,-1,-1,-1,-1,,,,,
7900,1587235,-1,884,4,-1,-1,-1,-1,-1,-1,22,1,141,-1,-1,-1,-1,,,,,
7901,1587431,-1,379,32,-1,-1,-1,-1,-1,-1,30,1,76,-1,-1,-1,-1,,,,,
7902,1587501,-1,79,1,-1,-1,-1,-1,-1,-1,4,1,4,-1,-1,-1,-1,,,,,
7903,1587855,-1,2942,32,-1,-1,-1,-1,-1,-1,23,1,134,-1,-1,-1,-1,,,,,
7904,1587903,-1,24,1,-1,-1,-1,-1,-1,-1,9,2,9,-1,-1,-1,-1,,,,,
7905,1588347,-1,165,64,-1,-1,-1,-1,-1,-1,12,2,14,-1,-1,-1,-1,,,,,
7906,1588838,-1,8,1,-1,-1,-1,-1,-1,-1,4,1,4,-1,-1,-1,-1,,,,,
7907,1588996,-1,8,1,-1,-1,-1,-1,-1,-1,4,1,2,-1,-1,-1,-1,,,,,
7908,1590099,-1,8,1,-1,-1,-1,-1,-1,-1,4,1,4,-1,-1,-1,-1,,,,,
7909,1590162,-1,5,1,-1,-1,-1,-1,-1,-1,4,1,4,-1,-1,-1,-1,,,,,
7910,1590730,-1,14,1,-1,-1,-1,-1,-1,-1,38,2,107,-1,-1,-1,-1,,,,,
7911,1590760,-1,15,1,-1,-1,-1,-1,-1,-1,38,2,107,-1,-1,-1,-1,,,,,
7912,1590810,-1,52,1,-1,-1,-1,-1,-1,-1,23,1,9,-1,-1,-1,-1,,,,,
7913,1590928,-1,1257,32,-1,-1,-1,-1,-1,-1,23,1,134,-1,-1,-1,-1,,,,,
7914,1591207,-1,5197,32,-1,-1,-1,-1,-1,-1,4,1,3,-1,-1,-1,-1,,,,,
7915,1591667,-1,8,1,-1,-1,-1,-1,-1,-1,4,1,4,-1,-1,-1,-1,,,,,
7916,1592467,-1,28,1,-1,-1,-1,-1,-1,-1,13,1,36,-1,-1,-1,-1,,,,,
7917,1592534,-1,506,32,-1,-1,-1,-1,-1,-1,23,1,134,-1,-1,-1,-1,,,,,
7918,1592620,-1,9,1,-1,-1,-1,-1,-1,-1,4,1,4,-1,-1,-1,-1,,,,,
7919,1592668,-1,195,32,-1,-1,-1,-1,-1,-1,30,1,76,-1,-1,-1,-1,,,,,
7920,1592883,-1,197,32,-1,-1,-1,-1,-1,-1,30,1,76,-1,-1,-1,-1,,,,,
7921,1592914,-1,2124,16,-1,-1,-1,-1,-1,-1,39,2,158,-1,-1,-1,-1,,,,,
7922,1593142,-1,285,32,-1,-1,-1,-1,-1,-1,30,1,76,-1,-1,-1,-1,,,,,
7923,1593210,-1,457,32,-1,-1,-1,-1,-1,-1,23,1,134,-1,-1,-1,-1,,,,,
7924,1593256,-1,18,1,-1,-1,-1,-1,-1,-1,4,1,4,-1,-1,-1,-1,,,,,
7925,1593832,-1,68,64,-1,-1,-1,-1,-1,-1,14,2,91,-1,-1,-1,-1,,,,,
7926,1593841,-1,129,16,-1,-1,-1,-1,-1,-1,14,2,26,-1,-1,-1,-1,,,,,
7927,1593949,-1,107,32,-1,-1,-1,-1,-1,-1,23,1,134,-1,-1,-1,-1,,,,,
7928,1593955,-1,27,1,-1,-1,-1,-1,-1,-1,4,1,4,-1,-1,-1,-1,,,,,
7929,1594294,-1,108,32,-1,-1,-1,-1,-1,-1,23,1,134,-1,-1,-1,-1,,,,,
7930,1594298,-1,15,1,-1,-1,-1,-1,-1,-1,4,1,4,-1,-1,-1,-1,,,,,
7932,1594528,-1,297,32,-1,-1,-1,-1,-1,-1,30,1,76,-1,-1,-1,-1,,,,,
7933,1594673,-1,116,32,-1,-1,-1,-1,-1,-1,23,1,134,-1,-1,-1,-1,,,,,
7934,1594750,-1,19,1,-1,-1,-1,-1,-1,-1,4,1,4,-1,-1,-1,-1,,,,,
7936,1594856,-1,209,32,-1,-1,-1,-1,-1,-1,30,1,76,-1,-1,-1,-1,,,,,
7938,1595003,-1,24,1,-1,-1,-1,-1,-1,-1,39,2,9,-1,-1,-1,-1,,,,,
7939,1595084,-1,226,32,-1,-1,-1,-1,-1,-1,30,1,76,-1,-1,-1,-1,,,,,
7940,1595102,-1,11,1,-1,-1,-1,-1,-1,-1,4,1,4,-1,-1,-1,-1,,,,,
7947,1595659,-1,55,32,-1,-1,-1,-1,-1,-1,23,1,134,-1,-1,-1,-1,,,,,
7948,1595781,-1,11,1,-1,-1,-1,-1,-1,-1,4,1,4,-1,-1,-1,-1,,,,,
7950,1595845,-1,53,32,-1,-1,-1,-1,-1,-1,23,1,134,-1,-1,-1,-1,,,,,
7953,1596204,-1,15,1,-1,-1,-1,-1,-1,-1,4,1,4,-1,-1,-1,-1,,,,,
7957,1596338,-1,42,32,-1,-1,-1,-1,-1,-1,23,1,134,-1,-1,-1,-1,,,,,
7959,1596416,-1,16,1,-1,-1,-1,-1,-1,-1,4,1,4,-1,-1,-1,-1,,,,,
7961,1596436,-1,29,4,-1,-1,-1,-1,-1,-1,5,2,178,-1,-1,-1,-1,,,,,
7962,1596467,-1,2,16,-1,-1,-1,-1,-1,-1,5,2,178,-1,-1,-1,-1,,,,,
7963,1596528,-1,2444,64,-1,-1,-1,-1,-1,-1,4,1,3,-1,-1,-1,-1,,,,,
7970,1597152,-1,28,16,-1,-1,-1,-1,-1,-1,5,2,178,-1,-1,-1,-1,,,,,
7971,1597209,-1,11,1,-1,-1,-1,-1,-1,-1,4,1,4,-1,-1,-1,-1,,,,,
7972,1597268,-1,171,64,-1,-1,-1,-1,-1,-1,12,2,14,-1,-1,-1,-1,,,,,
7973,1597465,-1,10,1,-1,-1,-1,-1,-1,-1,4,1,4,-1,-1,-1,-1,,,,,
7974,1597601,-1,80,1,-1,-1,-1,-1,-1,-1,28,1,179,-1,-1,-1,-1,,,,,
7975,1597683,-1,78,1,-1,-1,-1,-1,-1,-1,28,1,180,-1,-1,-1,-1,,,,,
7978,1597804,-1,5,4,-1,-1,-1,-1,-1,-1,5,2,178,-1,-1,-1,-1,,,,,
7979,1597811,-1,32,4,-1,-1,-1,-1,-1,-1,5,2,178,-1,-1,-1,-1,,,,,
7984,1598253,-1,44,32,-1,-1,-1,-1,-1,-1,23,1,134,-1,-1,-1,-1,,,,,
7988,1598782,-1,12,1,-1,-1,-1,-1,-1,-1,4,1,4,-1,-1,-1,-1,,,,,
7991,1598891,-1,61,32,-1,-1,-1,-1,-1,-1,10,1,10,-1,-1,-1,-1,,,,,
7993,1598976,-1,11,1,-1,-1,-1,-1,-1,-1,4,1,4,-1,-1,-1,-1,,,,,
7995,1599024,-1,1959,64,-1,-1,-1,-1,-1,-1,4,1,3,-1,-1,-1,-1,,,,,
7996,1599085,-1,3725,32,-1,-1,-1,-1,-1,-1,1,1,-1,-1,-1,-1,-1,,,,,
7997,1599113,-1,87,32,-1,-1,-1,-1,-1,-1,23,1,134,-1,-1,-1,-1,,,,,
7998,1599235,-1,74,32,-1,-1,-1,-1,-1,-1,23,1,134,-1,-1,-1,-1,,,,,
8007,1600051,-1,11,1,-1,-1,-1,-1,-1,-1,4,1,4,-1,-1,-1,-1,,,,,
8016,1600872,-1,275,16,-1,-1,-1,-1,-1,-1,39,2,181,-1,-1,-1,-1,,,,,
8020,1600991,-1,19,1,-1,-1,-1,-1,-1,-1,4,1,4,-1,-1,-1,-1,,,,,
8021,1600994,-1,437,32,-1,-1,-1,-1,-1,-1,1,1,-1,-1,-1,-1,-1,,,,,
8023,1601192,-1,16,1,-1,-1,-1,-1,-1,-1,39,2,9,-1,-1,-1,-1,,,,,
8024,1601288,-1,28,1,-1,-1,-1,-1,-1,-1,39,2,9,-1,-1,-1,-1,,,,,
8028,1601591,-1,51,8,-1,-1,-1,-1,-1,-1,39,2,148,-1,-1,-1,-1,,,,,
8029,1601665,-1,128,16,-1,-1,-1,-1,-1,-1,39,2,181,-1,-1,-1,-1,,,,,
8030,1601727,-1,16,1,-1,-1,-1,-1,-1,-1,4,1,4,-1,-1,-1,-1,,,,,
8032,1601778,-1,1390,64,-1,-1,-1,-1,-1,-1,4,1,3,-1,-1,-1,-1,,,,,
8036,1601960,-1,78,1,-1,-1,-1,-1,-1,-1,28,1,182,-1,-1,-1,-1,,,,,
8039,1602023,-1,190,16,-1,-1,-1,-1,-1,-1,39,2,181,-1,-1,-1,-1,,,,,
8040,1602041,-1,83,1,-1,-1,-1,-1,-1,-1,28,1,183,-1,-1,-1,-1,,,,,
8042,1602126,-1,77,1,-1,-1,-1,-1,-1,-1,28,1,184,-1,-1,-1,-1,,,,,
8043,1602205,-1,78,1,-1,-1,-1,-1,-1,-1,28,1,185,-1,-1,-1,-1,,,,,
8044,1602284,-1,77,1,-1,-1,-1,-1,-1,-1,28,1,186,-1,-1,-1,-1,,,,,
8046,1602364,-1,80,1,-1,-1,-1,-1,-1,-1,28,1,187,-1,-1,-1,-1,,,,,
8048,1602416,-1,488,4,-1,-1,-1,-1,-1,-1,5,2,178,-1,-1,-1,-1,,,,,
8049,1602446,-1,82,1,-1,-1,-1,-1,-1,-1,28,1,188,-1,-1,-1,-1,,,,,
8050,1602469,-1,23,1,-1,-1,-1,-1,-1,-1,4,1,4,-1,-1,-1,-1,,,,,
8053,1602531,-1,82,1,-1,-1,-1,-1,-1,-1,28,1,189,-1,-1,-1,-1,,,,,
8056,1602624,-1,1273,16,-1,-1,-1,-1,-1,-1,39,2,181,-1,-1,-1,-1,,,,,
8057,1602735,-1,111,1,-1,-1,-1,-1,-1,-1,28,1,190,-1,-1,-1,-1,,,,,
8058,1602816,-1,1005,32,-1,-1,-1,-1,-1,-1,1,1,-1,-1,-1,-1,-1,,,,,
8059,1602848,-1,80,1,-1,-1,-1,-1,-1,-1,28,1,191,-1,-1,-1,-1,,,,,
8060,1602930,-1,59,1,-1,-1,-1,-1,-1,-1,28,1,192,-1,-1,-1,-1,,,,,
8061,1602991,-1,87,1,-1,-1,-1,-1,-1,-1,28,1,193,-1,-1,-1,-1,,,,,
8064,1603081,-1,84,1,-1,-1,-1,-1,-1,-1,28,1,194,-1,-1,-1,-1,,,,,
8065,1603098,-1,22,1,-1,-1,-1,-1,-1,-1,4,1,4,-1,-1,-1,-1,,,,,
8066,1603171,-1,25,1,-1,-1,-1,-1,-1,-1,4,1,4,-1,-1,-1,-1,,,,,
8067,1603186,-1,725,32,-1,-1,-1,-1,-1,-1,10,1,10,-1,-1,-1,-1,,,,,
8070,1603474,-1,2560,32,-1,-1,-1,-1,-1,-1,4,1,3,-1,-1,-1,-1,,,,,
8071,1603483,-1,102,1,-1,-1,-1,-1,-1,-1,28,1,195,-1,-1,-1,-1,,,,,
8074,1603588,-1,104,1,-1,-1,-1,-1,-1,-1,28,1,196,-1,-1,-1,-1,,,,,
8077,1603694,-1,91,1,-1,-1,-1,-1,-1,-1,28,1,197,-1,-1,-1,-1,,,,,
8078,1603787,-1,87,1,-1,-1,-1,-1,-1,-1,28,1,198,-1,-1,-1,-1,,,,,
8079,1603823,-1,52,1,-1,-1,-1,-1,-1,-1,39,2,9,-1,-1,-1,-1,,,,,
8080,1603882,-1,78,1,-1,-1,-1,-1,-1,-1,28,1,199,-1,-1,-1,-1,,,,,
8081,1603937,-1,47,1,-1,-1,-1,-1,-1,-1,39,2,56,-1,-1,-1,-1,,,,,
8083,1603962,-1,78,1,-1,-1,-1,-1,-1,-1,28,1,200,-1,-1,-1,-1,,,,,
8084,1603975,-1,100,32,-1,-1,-1,-1,-1,-1,23,1,134,-1,-1,-1,-1,,,,,
8086,1604027,-1,50,1,-1,-1,-1,-1,-1,-1,39,2,9,-1,-1,-1,-1,,,,,
8087,1604045,-1,79,1,-1,-1,-1,-1,-1,-1,28,1,201,-1,-1,-1,-1,,,,,
8089,1604119,-1,139,16,-1,-1,-1,-1,-1,-1,39,2,148,-1,-1,-1,-1,,,,,
8090,1604127,-1,82,1,-1,-1,-1,-1,-1,-1,28,1,202,-1,-1,-1,-1,,,,,
8091,1604147,-1,67,32,-1,-1,-1,-1,-1,-1,23,1,134,-1,-1,-1,-1,,,,,
8093,1604211,-1,86,1,-1,-1,-1,-1,-1,-1,28,1,203,-1,-1,-1,-1,,,,,
8096,1604343,-1,8,1,-1,-1,-1,-1,-1,-1,4,1,4,-1,-1,-1,-1,,,,,
8097,1604581,-1,500,32,-1,-1,-1,-1,-1,-1,10,1,10,-1,-1,-1,-1,,,,,
8098,1604654,-1,56,1,-1,-1,-1,-1,-1,-1,22,1,150,-1,-1,-1,-1,,,,,
8101,1604785,-1,18,1,-1,-1,-1,-1,-1,-1,4,1,4,-1,-1,-1,-1,,,,,
8102,1604801,-1,57,2,-1,-1,-1,-1,-1,-1,22,1,150,-1,-1,-1,-1,,,,,
8103,1604944,-1,58,4,-1,-1,-1,-1,-1,-1,22,1,150,-1,-1,-1,-1,,,,,
8105,1605106,-1,67,8,-1,-1,-1,-1,-1,-1,22,1,150,-1,-1,-1,-1,,,,,
8106,1605176,-1,672,32,-1,-1,-1,-1,-1,-1,10,1,10,-1,-1,-1,-1,,,,,
8109,1605258,-1,111,16,-1,-1,-1,-1,-1,-1,22,1,150,-1,-1,-1,-1,,,,,
8112,1605435,-1,154,32,-1,-1,-1,-1,-1,-1,22,1,150,-1,-1,-1,-1,,,,,
8115,1605674,-1,14,1,-1,-1,-1,-1,-1,-1,4,1,4,-1,-1,-1,-1,,,,,
8120,1606036,-1,7,1,-1,-1,-1,-1,-1,-1,4,1,4,-1,-1,-1,-1,,,,,
8121,1606122,-1,2054,16,-1,-1,-1,-1,-1,-1,39,2,181,-1,-1,-1,-1,,,,,
8124,1606465,-1,21,1,-1,-1,-1,-1,-1,-1,39,2,9,-1,-1,-1,-1,,,,,
8125,1606510,-1,2061,32,-1,-1,-1,-1,-1,-1,4,1,3,-1,-1,-1,-1,,,,,
8126,1606520,-1,38,1,-1,-1,-1,-1,-1,-1,39,2,9,-1,-1,-1,-1,,,,,
8127,1606672,-1,58,32,-1,-1,-1,-1,-1,-1,23,1,134,-1,-1,-1,-1,,,,,
8133,1606970,-1,13,1,-1,-1,-1,-1,-1,-1,4,1,4,-1,-1,-1,-1,,,,,
8136,1607231,-1,66,1,-1,-1,-1,-1,-1,-1,22,1,130,-1,-1,-1,-1,,,,,
8140,1607389,-1,62,2,-1,-1,-1,-1,-1,-1,22,1,130,-1,-1,-1,-1,,,,,
8141,1607430,-1,271,8,-1,-1,-1,-1,-1,-1,11,1,11,-1,-1,-1,-1,,,,,
8144,1607516,-1,51,4,-1,-1,-1,-1,-1,-1,22,1,130,-1,-1,-1,-1,,,,,
8145,1607632,-1,55,8,-1,-1,-1,-1,-1,-1,22,1,130,-1,-1,-1,-1,,,,,
8146,1607755,-1,67,16,-1,-1,-1,-1,-1,-1,22,1,130,-1,-1,-1,-1,,,,,
8147,1607890,-1,89,32,-1,-1,-1,-1,-1,-1,22,1,130,-1,-1,-1,-1,,,,,
8150,1608138,-1,30,1,-1,-1,-1,-1,-1,-1,39,2,9,-1,-1,-1,-1,,,,,
8152,1608366,-1,11,1,-1,-1,-1,-1,-1,-1,4,1,4,-1,-1,-1,-1,,,,,
8158,1608573,-1,8,1,-1,-1,-1,-1,-1,-1,4,1,4,-1,-1,-1,-1,,,,,
8160,1608805,-1,154,32,-1,-1,-1,-1,-1,-1,4,1,3,-1,-1,-1,-1,,,,,
8164,1608965,-1,14,1,-1,-1,-1,-1,-1,-1,4,1,4,-1,-1,-1,-1,,,,,
8167,1609049,-1,3710,64,-1,-1,-1,-1,-1,-1,4,1,3,-1,-1,-1,-1,,,,,
8170,1609568,-1,1480,4,-1,-1,-1,-1,-1,-1,22,1,121,-1,-1,-1,-1,,,,,
8174,1610200,-1,13,1,-1,-1,-1,-1,-1,-1,4,1,4,-1,-1,-1,-1,,,,,
8183,1610707,-1,998,32,-1,-1,-1,-1,-1,-1,1,1,-1,-1,-1,-1,-1,,,,,
8185,1610871,-1,14,1,-1,-1,-1,-1,-1,-1,4,1,4,-1,-1,-1,-1,,,,,
8187,1611121,-1,937,8,-1,-1,-1,-1,-1,-1,22,1,121,-1,-1,-1,-1,,,,,
8189,1611354,-1,17,1,-1,-1,-1,-1,-1,-1,4,1,4,-1,-1,-1,-1,,,,,
8192,1611765,-1,10,1,-1,-1,-1,-1,-1,-1,4,1,4,-1,-1,-1,-1,,,,,
8193,1612145,-1,79,1,-1,-1,-1,-1,-1,-1,28,1,192,-1,-1,-1,-1,,,,,
8194,1612208,-1,21,16,-1,-1,-1,-1,-1,-1,22,1,121,-1,-1,-1,-1,,,,,
8195,1612285,-1,703,16,-1,-1,-1,-1,-1,-1,22,1,121,-1,-1,-1,-1,,,,,
8196,1612762,-1,10,1,-1,-1,-1,-1,-1,-1,4,1,4,-1,-1,-1,-1,,,,,
8198,1612930,-1,821,64,-1,-1,-1,-1,-1,-1,4,1,3,-1,-1,-1,-1,,,,,
8199,1613031,-1,919,32,-1,-1,-1,-1,-1,-1,1,1,-1,-1,-1,-1,-1,,,,,
8200,1613072,-1,666,32,-1,-1,-1,-1,-1,-1,22,1,121,-1,-1,-1,-1,,,,,
8202,1613891,-1,1683,64,-1,-1,-1,-1,-1,-1,4,1,3,-1,-1,-1,-1,,,,,
8203,1613947,-1,47,8,-1,-1,-1,-1,-1,-1,28,1,204,-1,-1,-1,-1,,,,,
8204,1614007,-1,18,8,-1,-1,-1,-1,-1,-1,28,1,205,-1,-1,-1,-1,,,,,
8205,1614032,-1,14,8,-1,-1,-1,-1,-1,-1,28,1,206,-1,-1,-1,-1,,,,,
8210,1614400,-1,18,8,-1,-1,-1,-1,-1,-1,28,1,207,-1,-1,-1,-1,,,,,
8211,1614432,-1,16,8,-1,-1,-1,-1,-1,-1,28,1,208,-1,-1,-1,-1,,,,,
8213,1614541,-1,12,8,-1,-1,-1,-1,-1,-1,28,1,209,-1,-1,-1,-1,,,,,
8214,1614560,-1,15,8,-1,-1,-1,-1,-1,-1,28,1,210,-1,-1,-1,-1,,,,,
8215,1614579,-1,14,8,-1,-1,-1,-1,-1,-1,28,1,211,-1,-1,-1,-1,,,,,
8216,1614634,-1,15,16,-1,-1,-1,-1,-1,-1,28,1,211,-1,-1,-1,-1,,,,,
8217,1614657,-1,128,16,-1,-1,-1,-1,-1,-1,39,2,212,-1,-1,-1,-1,,,,,
8218,1614923,-1,79,4,-1,-1,-1,-1,-1,-1,22,1,100,-1,-1,-1,-1,,,,,
8220,1614972,-1,3,16,-1,-1,-1,-1,-1,-1,28,1,211,-1,-1,-1,-1,,,,,
8221,1614974,-1,22,1,-1,-1,-1,-1,-1,-1,39,2,56,-1,-1,-1,-1,,,,,
8222,1614996,-1,16,8,-1,-1,-1,-1,-1,-1,28,1,213,-1,-1,-1,-1,,,,,
8223,1615039,-1,21,1,-1,-1,-1,-1,-1,-1,39,2,214,-1,-1,-1,-1,,,,,
8224,1615053,-1,79,8,-1,-1,-1,-1,-1,-1,22,1,100,-1,-1,-1,-1,,,,,
8225,1615220,-1,4431,64,-1,-1,-1,-1,-1,-1,42,1,215,-1,-1,-1,-1,,,,,
8226,1615579,-1,15,1,-1,-1,-1,-1,-1,-1,4,1,4,-1,-1,-1,-1,,,,,
8227,1615580,-1,116,32,-1,-1,-1,-1,-1,-1,1,1,-1,-1,-1,-1,-1,,,,,
8233,1616023,-1,990,32,-1,-1,-1,-1,-1,-1,1,1,-1,-1,-1,-1,-1,,,,,
8240,1617399,-1,16,1,-1,-1,-1,-1,-1,-1,4,1,4,-1,-1,-1,-1,,,,,
8242,1617481,-1,1668,32,-1,-1,-1,-1,-1,-1,4,1,3,-1,-1,-1,-1,,,,,
8243,1617676,-1,0,1,-1,-1,-1,-1,-1,-1,4,1,4,-1,-1,-1,-1,,,,,
8251,1619108,-1,19,1,-1,-1,-1,-1,-1,-1,13,1,36,-1,-1,-1,-1,,,,,
8252,1619132,-1,8,1,-1,-1,-1,-1,-1,-1,4,1,4,-1,-1,-1,-1,,,,,
8253,1619151,-1,7,1,-1,-1,-1,-1,-1,-1,4,1,4,-1,-1,-1,-1,,,,,
8254,1619199,-1,1514,32,-1,-1,-1,-1,-1,-1,4,1,3,-1,-1,-1,-1,,,,,
8255,1619302,-1,1419,32,-1,-1,-1,-1,-1,-1,10,1,10,-1,-1,-1,-1,,,,,
8257,1619861,-1,7,1,-1,-1,-1,-1,-1,-1,4,1,4,-1,-1,-1,-1,,,,,
8258,1620023,-1,25,1,-1,-1,-1,-1,-1,-1,13,1,36,-1,-1,-1,-1,,,,,
8260,1620187,-1,26,1,-1,-1,-1,-1,-1,-1,13,1,36,-1,-1,-1,-1,,,,,
8262,1620300,-1,18,1,-1,-1,-1,-1,-1,-1,9,2,9,-1,-1,-1,-1,,,,,
8263,1620311,-1,13,1,-1,-1,-1,-1,-1,-1,4,1,4,-1,-1,-1,-1,,,,,
8265,1620367,-1,31,1,-1,-1,-1,-1,-1,-1,13,1,36,-1,-1,-1,-1,,,,,
8268,1620693,-1,165,64,-1,-1,-1,-1,-1,-1,12,2,14,-1,-1,-1,-1,,,,,
8269,1620716,-1,19,1,-1,-1,-1,-1,-1,-1,4,1,4,-1,-1,-1,-1,,,,,
8270,1620745,-1,11,1,-1,-1,-1,-1,-1,-1,4,1,4,-1,-1,-1,-1,,,,,
8271,1620994,-1,2482,32,-1,-1,-1,-1,-1,-1,4,1,3,-1,-1,-1,-1,,,,,
8272,1621209,-1,221,32,-1,-1,-1,-1,-1,-1,12,2,14,-1,-1,-1,-1,,,,,
8273,1621424,-1,11,1,-1,-1,-1,-1,-1,-1,4,1,4,-1,-1,-1,-1,,,,,
8274,1621842,-1,167,32,-1,-1,-1,-1,-1,-1,10,1,10,-1,-1,-1,-1,,,,,
8275,1622335,-1,336,32,-1,-1,-1,-1,-1,-1,10,1,10,-1,-1,-1,-1,,,,,
8276,1622704,-1,278,32,-1,-1,-1,-1,-1,-1,10,1,10,-1,-1,-1,-1,,,,,
8277,1623016,-1,149,32,-1,-1,-1,-1,-1,-1,10,1,10,-1,-1,-1,-1,,,,,
8278,1623202,-1,83,32,-1,-1,-1,-1,-1,-1,10,1,10,-1,-1,-1,-1,,,,,
8279,1623353,-1,123,32,-1,-1,-1,-1,-1,-1,10,1,10,-1,-1,-1,-1,,,,,
8280,1630435,-1,4791,64,-1,-1,-1,-1,-1,-1,18,1,-1,-1,-1,-1,-1,,,,,
8281,1630435,-1,10926,64,-1,-1,-1,-1,-1,-1,4,1,-1,-1,-1,-1,-1,,,,,
8285,1636303,-1,29,64,-1,-1,-1,-1,-1,-1,42,1,215,-1,-1,-1,-1,,,,,
8286,1636481,-1,4885,64,-1,-1,-1,-1,-1,-1,42,1,215,-1,-1,-1,-1,,,,,
8287,1641369,-1,8825,128,-1,-1,-1,-1,-1,-1,1,1,-1,-1,-1,-1,-1,,,,,
8288,1650198,-1,9771,128,-1,-1,-1,-1,-1,-1,2,1,-1,-1,-1,-1,-1,,,,,
8297,1665855,-1,4474,64,-1,-1,-1,-1,-1,-1,4,1,3,-1,-1,-1,-1,,,,,
8298,1666676,-1,20,1,-1,-1,-1,-1,-1,-1,4,1,4,-1,-1,-1,-1,,,,,
8299,1667116,-1,110,8,-1,-1,-1,-1,-1,-1,11,1,11,-1,-1,-1,-1,,,,,
8300,1667323,-1,15,1,-1,-1,-1,-1,-1,-1,4,1,4,-1,-1,-1,-1,,,,,
8301,1669538,-1,78,8,-1,-1,-1,-1,-1,-1,11,1,11,-1,-1,-1,-1,,,,,
8302,1669641,-1,11,32,-1,-1,-1,-1,-1,-1,11,1,11,-1,-1,-1,-1,,,,,
8303,1669659,-1,203,8,-1,-1,-1,-1,-1,-1,11,1,11,-1,-1,-1,-1,,,,,
8304,1669848,-1,16,1,-1,-1,-1,-1,-1,-1,4,1,4,-1,-1,-1,-1,,,,,
8305,1670001,-1,175,8,-1,-1,-1,-1,-1,-1,11,1,11,-1,-1,-1,-1,,,,,
8307,1670331,-1,16,1,-1,-1,-1,-1,-1,-1,4,1,4,-1,-1,-1,-1,,,,,
8308,1670581,-1,3869,64,-1,-1,-1,-1,-1,-1,4,1,3,-1,-1,-1,-1,,,,,
8309,1670802,-1,97,16,-1,-1,-1,-1,-1,-1,22,1,100,-1,-1,-1,-1,,,,,
8311,1670960,-1,113,32,-1,-1,-1,-1,-1,-1,22,1,100,-1,-1,-1,-1,,,,,
8312,1671033,-1,11,1,-1,-1,-1,-1,-1,-1,4,1,4,-1,-1,-1,-1,,,,,
8313,1671126,-1,194,8,-1,-1,-1,-1,-1,-1,11,1,11,-1,-1,-1,-1,,,,,
8314,1671191,-1,34,32,-1,-1,-1,-1,-1,-1,22,1,122,-1,-1,-1,-1,,,,,
8316,1671347,-1,188,8,-1,-1,-1,-1,-1,-1,11,1,11,-1,-1,-1,-1,,,,,
8320,1671759,-1,11,1,-1,-1,-1,-1,-1,-1,4,1,4,-1,-1,-1,-1,,,,,
8325,1672921,-1,10,1,-1,-1,-1,-1,-1,-1,4,1,4,-1,-1,-1,-1,,,,,
8329,1673227,-1,42,1,-1,-1,-1,-1,-1,-1,22,1,216,-1,-1,-1,-1,,,,,
8332,1673636,-1,167,64,-1,-1,-1,-1,-1,-1,12,2,14,-1,-1,-1,-1,,,,,
8334,1674055,-1,55,1,-1,-1,-1,-1,-1,-1,22,1,216,-1,-1,-1,-1,,,,,
8335,1674305,-1,23,1,-1,-1,-1,-1,-1,-1,9,2,9,-1,-1,-1,-1,,,,,
8337,1674456,-1,13,1,-1,-1,-1,-1,-1,-1,4,1,4,-1,-1,-1,-1,,,,,
8338,1674465,-1,58,2,-1,-1,-1,-1,-1,-1,22,1,216,-1,-1,-1,-1,,,,,
8339,1674598,-1,3835,64,-1,-1,-1,-1,-1,-1,4,1,3,-1,-1,-1,-1,,,,,
8340,1674612,-1,95,4,-1,-1,-1,-1,-1,-1,22,1,216,-1,-1,-1,-1,,,,,
8342,1675022,-1,12,1,-1,-1,-1,-1,-1,-1,4,1,4,-1,-1,-1,-1,,,,,
8348,1675555,-1,13,1,-1,-1,-1,-1,-1,-1,4,1,4,-1,-1,-1,-1,,,,,
8351,1676644,-1,84,32,-1,-1,-1,-1,-1,-1,10,1,10,-1,-1,-1,-1,,,,,
8358,1677421,-1,162,32,-1,-1,-1,-1,-1,-1,10,1,10,-1,-1,-1,-1,,,,,
8359,1677682,-1,111,32,-1,-1,-1,-1,-1,-1,10,1,10,-1,-1,-1,-1,,,,,
8361,1678018,-1,31,1,-1,-1,-1,-1,-1,-1,43,1,217,-1,-1,-1,-1,,,,,
8362,1678031,-1,20,8,-1,-1,-1,-1,-1,-1,28,1,218,-1,-1,-1,-1,,,,,
8363,1678122,-1,18,32,-1,-1,-1,-1,-1,-1,43,1,219,-1,-1,-1,-1,,,,,
8364,1678123,-1,13,1,-1,-1,-1,-1,-1,-1,43,1,219,-1,-1,-1,-1,,,,,
8365,1678125,-1,11,4,-1,-1,-1,-1,-1,-1,43,1,219,-1,-1,-1,-1,,,,,
8366,1678128,-1,9,1,-1,-1,-1,-1,-1,-1,43,1,219,-1,-1,-1,-1,,,,,
8367,1678129,-1,9,1,-1,-1,-1,-1,-1,-1,43,1,219,-1,-1,-1,-1,,,,,
8368,1678132,-1,7,1,-1,-1,-1,-1,-1,-1,43,1,219,-1,-1,-1,-1,,,,,
8369,1678134,-1,6,4,-1,-1,-1,-1,-1,-1,43,1,219,-1,-1,-1,-1,,,,,
8372,1678235,-1,23,32,-1,-1,-1,-1,-1,-1,43,1,219,-1,-1,-1,-1,,,,,
8373,1678239,-1,21,1,-1,-1,-1,-1,-1,-1,43,1,219,-1,-1,-1,-1,,,,,
8374,1678242,-1,18,4,-1,-1,-1,-1,-1,-1,43,1,219,-1,-1,-1,-1,,,,,
8375,1678244,-1,17,1,-1,-1,-1,-1,-1,-1,43,1,219,-1,-1,-1,-1,,,,,
8376,1678248,-1,14,1,-1,-1,-1,-1,-1,-1,43,1,219,-1,-1,-1,-1,,,,,
8377,1678252,-1,11,1,-1,-1,-1,-1,-1,-1,43,1,219,-1,-1,-1,-1,,,,,
8378,1678255,-1,9,4,-1,-1,-1,-1,-1,-1,43,1,219,-1,-1,-1,-1,,,,,
8379,1678275,-1,88,4,-1,-1,-1,-1,-1,-1,7,1,37,-1,-1,-1,-1,,,,,
8382,1678380,-1,48,4,-1,-1,-1,-1,-1,-1,7,1,7,-1,-1,-1,-1,,,,,
8384,1678436,-1,14,1,-1,-1,-1,-1,-1,-1,4,1,4,-1,-1,-1,-1,,,,,
8385,1678447,-1,68,8,-1,-1,-1,-1,-1,-1,7,1,37,-1,-1,-1,-1,,,,,
8386,1678513,-1,258,32,-1,-1,-1,-1,-1,-1,10,1,10,-1,-1,-1,-1,,,,,
8387,1678591,-1,1,16,-1,-1,-1,-1,-1,-1,7,1,37,-1,-1,-1,-1,,,,,
8388,1678603,-1,108,16,-1,-1,-1,-1,-1,-1,7,1,37,-1,-1,-1,-1,,,,,
8389,1678716,-1,17,16,-1,-1,-1,-1,-1,-1,7,1,37,-1,-1,-1,-1,,,,,
8390,1678761,-1,27,16,-1,-1,-1,-1,-1,-1,7,1,37,-1,-1,-1,-1,,,,,
8391,1678786,-1,256,32,-1,-1,-1,-1,-1,-1,10,1,10,-1,-1,-1,-1,,,,,
8392,1678810,-1,23,4,-1,-1,-1,-1,-1,-1,7,1,37,-1,-1,-1,-1,,,,,
8393,1678853,-1,30,8,-1,-1,-1,-1,-1,-1,7,1,37,-1,-1,-1,-1,,,,,
8395,1678903,-1,19,16,-1,-1,-1,-1,-1,-1,7,1,37,-1,-1,-1,-1,,,,,
8396,1679072,-1,20,32,-1,-1,-1,-1,-1,-1,43,1,219,-1,-1,-1,-1,,,,,
8397,1679074,-1,18,1,-1,-1,-1,-1,-1,-1,43,1,219,-1,-1,-1,-1,,,,,
8398,1679076,-1,17,4,-1,-1,-1,-1,-1,-1,43,1,219,-1,-1,-1,-1,,,,,
8399,1679078,-1,15,1,-1,-1,-1,-1,-1,-1,43,1,219,-1,-1,-1,-1,,,,,
8400,1679080,-1,13,1,-1,-1,-1,-1,-1,-1,43,1,219,-1,-1,-1,-1,,,,,
8401,1679081,-1,13,1,-1,-1,-1,-1,-1,-1,43,1,219,-1,-1,-1,-1,,,,,
8402,1679084,-1,10,4,-1,-1,-1,-1,-1,-1,43,1,219,-1,-1,-1,-1,,,,,
8403,1679086,-1,9,64,-1,-1,-1,-1,-1,-1,43,1,219,-1,-1,-1,-1,,,,,
8404,1679088,-1,7,8,-1,-1,-1,-1,-1,-1,43,1,219,-1,-1,-1,-1,,,,,
8405,1679131,-1,168,16,-1,-1,-1,-1,-1,-1,7,1,37,-1,-1,-1,-1,,,,,
8407,1679509,-1,1357,1,-1,-1,-1,-1,-1,-1,22,1,220,-1,-1,-1,-1,,,,,
8413,1680014,-1,125,32,-1,-1,-1,-1,-1,-1,10,1,10,-1,-1,-1,-1,,,,,
8414,1680062,-1,18,1,-1,-1,-1,-1,-1,-1,5,2,59,-1,-1,-1,-1,,,,,
8415,1680160,-1,53,16,-1,-1,-1,-1,-1,-1,5,2,59,-1,-1,-1,-1,,,,,
8416,1680236,-1,5,1,-1,-1,-1,-1,-1,-1,2,1,9,-1,-1,-1,-1,,,,,
8417,1680337,-1,2834,64,-1,-1,-1,-1,-1,-1,4,1,3,-1,-1,-1,-1,,,,,
8419,1680400,-1,364,32,-1,-1,-1,-1,-1,-1,10,1,10,-1,-1,-1,-1,,,,,
8420,1680598,-1,75,4,-1,-1,-1,-1,-1,-1,5,2,59,-1,-1,-1,-1,,,,,
8421,1680679,-1,67,4,-1,-1,-1,-1,-1,-1,7,1,7,-1,-1,-1,-1,,,,,
8422,1680756,-1,93,16,-1,-1,-1,-1,-1,-1,5,2,59,-1,-1,-1,-1,,,,,
8423,1680802,-1,40,8,-1,-1,-1,-1,-1,-1,7,1,7,-1,-1,-1,-1,,,,,
8424,1680885,-1,99,1,-1,-1,-1,-1,-1,-1,5,2,140,-1,-1,-1,-1,,,,,
8425,1680966,-1,59,8,-1,-1,-1,-1,-1,-1,7,1,7,-1,-1,-1,-1,,,,,
8427,1681010,-1,50,1,-1,-1,-1,-1,-1,-1,5,2,9,-1,-1,-1,-1,,,,,
8428,1681035,-1,1104,1,-1,-1,-1,-1,-1,-1,22,1,82,-1,-1,-1,-1,,,,,
8429,1681101,-1,16,1,-1,-1,-1,-1,-1,-1,5,2,12,-1,-1,-1,-1,,,,,
8430,1681214,-1,36,1,-1,-1,-1,-1,-1,-1,5,2,9,-1,-1,-1,-1,,,,,
8431,1681274,-1,27,4,-1,-1,-1,-1,-1,-1,5,2,59,-1,-1,-1,-1,,,,,
8433,1681343,-1,78,16,-1,-1,-1,-1,-1,-1,5,2,59,-1,-1,-1,-1,,,,,
8435,1681471,-1,47,1,-1,-1,-1,-1,-1,-1,43,1,217,-1,-1,-1,-1,,,,,
8436,1681496,-1,71,8,-1,-1,-1,-1,-1,-1,7,1,7,-1,-1,-1,-1,,,,,
8438,1681552,-1,75,16,-1,-1,-1,-1,-1,-1,5,2,59,-1,-1,-1,-1,,,,,
8440,1681606,-1,61,4,-1,-1,-1,-1,-1,-1,7,1,7,-1,-1,-1,-1,,,,,
8442,1681716,-1,132,16,-1,-1,-1,-1,-1,-1,7,1,7,-1,-1,-1,-1,,,,,
8443,1681740,-1,76,16,-1,-1,-1,-1,-1,-1,5,2,59,-1,-1,-1,-1,,,,,
8444,1681776,-1,49,8,-1,-1,-1,-1,-1,-1,24,1,29,-1,-1,-1,-1,,,,,
8445,1681818,-1,11,8,-1,-1,-1,-1,-1,-1,28,1,204,-1,-1,-1,-1,,,,,
8446,1681830,-1,6,8,-1,-1,-1,-1,-1,-1,28,1,205,-1,-1,-1,-1,,,,,
8447,1681865,-1,16,8,-1,-1,-1,-1,-1,-1,28,1,204,-1,-1,-1,-1,,,,,
8448,1681882,-1,16,8,-1,-1,-1,-1,-1,-1,28,1,205,-1,-1,-1,-1,,,,,
8449,1681892,-1,41,32,-1,-1,-1,-1,-1,-1,43,1,221,-1,-1,-1,-1,,,,,
8450,1681895,-1,36,1,-1,-1,-1,-1,-1,-1,43,1,222,-1,-1,-1,-1,,,,,
8451,1681903,-1,28,4,-1,-1,-1,-1,-1,-1,43,1,223,-1,-1,-1,-1,,,,,
8452,1681914,-1,27,8,-1,-1,-1,-1,-1,-1,28,1,206,-1,-1,-1,-1,,,,,
8453,1681922,-1,10,1,-1,-1,-1,-1,-1,-1,43,1,224,-1,-1,-1,-1,,,,,
8454,1681925,-1,7,1,-1,-1,-1,-1,-1,-1,43,1,225,-1,-1,-1,-1,,,,,
8455,1681927,-1,6,1,-1,-1,-1,-1,-1,-1,43,1,226,-1,-1,-1,-1,,,,,
8456,1681934,-1,63,8,-1,-1,-1,-1,-1,-1,24,1,29,-1,-1,-1,-1,,,,,
8457,1681942,-1,18,8,-1,-1,-1,-1,-1,-1,28,1,207,-1,-1,-1,-1,,,,,
8458,1681962,-1,19,8,-1,-1,-1,-1,-1,-1,28,1,208,-1,-1,-1,-1,,,,,
8459,1681986,-1,17,8,-1,-1,-1,-1,-1,-1,28,1,209,-1,-1,-1,-1,,,,,
8460,1682005,-1,20,8,-1,-1,-1,-1,-1,-1,28,1,210,-1,-1,-1,-1,,,,,
8461,1682026,-1,16,8,-1,-1,-1,-1,-1,-1,28,1,211,-1,-1,-1,-1,,,,,
8462,1682046,-1,19,8,-1,-1,-1,-1,-1,-1,28,1,213,-1,-1,-1,-1,,,,,
8463,1682067,-1,20,8,-1,-1,-1,-1,-1,-1,28,1,218,-1,-1,-1,-1,,,,,
8464,1682089,-1,21,8,-1,-1,-1,-1,-1,-1,28,1,227,-1,-1,-1,-1,,,,,
8465,1682111,-1,15,8,-1,-1,-1,-1,-1,-1,28,1,228,-1,-1,-1,-1,,,,,
8466,1682127,-1,19,8,-1,-1,-1,-1,-1,-1,28,1,229,-1,-1,-1,-1,,,,,
8467,1682131,-1,77,8,-1,-1,-1,-1,-1,-1,24,1,29,-1,-1,-1,-1,,,,,
8469,1682147,-1,15,8,-1,-1,-1,-1,-1,-1,28,1,230,-1,-1,-1,-1,,,,,
8470,1682167,-1,21,8,-1,-1,-1,-1,-1,-1,28,1,231,-1,-1,-1,-1,,,,,
8471,1682189,-1,14,8,-1,-1,-1,-1,-1,-1,28,1,232,-1,-1,-1,-1,,,,,
8472,1682204,-1,15,8,-1,-1,-1,-1,-1,-1,28,1,233,-1,-1,-1,-1,,,,,
8473,1682222,-1,15,8,-1,-1,-1,-1,-1,-1,28,1,234,-1,-1,-1,-1,,,,,
8474,1682239,-1,12,8,-1,-1,-1,-1,-1,-1,28,1,235,-1,-1,-1,-1,,,,,
8475,1682252,-1,13,8,-1,-1,-1,-1,-1,-1,28,1,236,-1,-1,-1,-1,,,,,
8476,1682266,-1,14,8,-1,-1,-1,-1,-1,-1,28,1,237,-1,-1,-1,-1,,,,,
8477,1682284,-1,17,8,-1,-1,-1,-1,-1,-1,28,1,238,-1,-1,-1,-1,,,,,
8478,1682294,-1,811,2,-1,-1,-1,-1,-1,-1,22,1,82,-1,-1,-1,-1,,,,,
8479,1682304,-1,18,8,-1,-1,-1,-1,-1,-1,28,1,239,-1,-1,-1,-1,,,,,
8480,1682328,-1,16,8,-1,-1,-1,-1,-1,-1,28,1,240,-1,-1,-1,-1,,,,,
8482,1682906,-1,10,1,-1,-1,-1,-1,-1,-1,4,1,4,-1,-1,-1,-1,,,,,
8487,1683168,-1,80,4,-1,-1,-1,-1,-1,-1,7,1,7,-1,-1,-1,-1,,,,,
8488,1683176,-1,32,1,-1,-1,-1,-1,-1,-1,4,1,4,-1,-1,-1,-1,,,,,
8489,1683191,-1,578,4,-1,-1,-1,-1,-1,-1,22,1,82,-1,-1,-1,-1,,,,,
8491,1683293,-1,53,8,-1,-1,-1,-1,-1,-1,7,1,7,-1,-1,-1,-1,,,,,
8492,1683393,-1,29,1,-1,-1,-1,-1,-1,-1,22,1,48,-1,-1,-1,-1,,,,,
8493,1683455,-1,15,1,-1,-1,-1,-1,-1,-1,4,1,4,-1,-1,-1,-1,,,,,
8494,1683476,-1,756,64,-1,-1,-1,-1,-1,-1,42,1,215,-1,-1,-1,-1,,,,,
8495,1683525,-1,50,1,-1,-1,-1,-1,-1,-1,22,1,53,-1,-1,-1,-1,,,,,
8496,1683632,-1,159,16,-1,-1,-1,-1,-1,-1,7,1,7,-1,-1,-1,-1,,,,,
8497,1683655,-1,85,2,-1,-1,-1,-1,-1,-1,22,1,53,-1,-1,-1,-1,,,,,
8499,1683816,-1,512,8,-1,-1,-1,-1,-1,-1,22,1,82,-1,-1,-1,-1,,,,,
8500,1683925,-1,85,8,-1,-1,-1,-1,-1,-1,24,1,29,-1,-1,-1,-1,,,,,
8501,1683937,-1,96,4,-1,-1,-1,-1,-1,-1,22,1,53,-1,-1,-1,-1,,,,,
8502,1684011,-1,4399,32,-1,-1,-1,-1,-1,-1,4,1,3,-1,-1,-1,-1,,,,,
8503,1684102,-1,116,8,-1,-1,-1,-1,-1,-1,22,1,53,-1,-1,-1,-1,,,,,
8505,1684277,-1,79,16,-1,-1,-1,-1,-1,-1,22,1,53,-1,-1,-1,-1,,,,,
8506,1684386,-1,42,4,-1,-1,-1,-1,-1,-1,7,1,7,-1,-1,-1,-1,,,,,
8507,1684410,-1,378,16,-1,-1,-1,-1,-1,-1,22,1,82,-1,-1,-1,-1,,,,,
8508,1684440,-1,1012,32,-1,-1,-1,-1,-1,-1,1,1,-1,-1,-1,-1,-1,,,,,
8509,1684464,-1,139,32,-1,-1,-1,-1,-1,-1,22,1,53,-1,-1,-1,-1,,,,,
8510,1684478,-1,13,1,-1,-1,-1,-1,-1,-1,4,1,4,-1,-1,-1,-1,,,,,
8511,1684523,-1,22,4,-1,-1,-1,-1,-1,-1,7,1,7,-1,-1,-1,-1,,,,,
8513,1684599,-1,21,4,-1,-1,-1,-1,-1,-1,5,2,241,-1,-1,-1,-1,,,,,
8518,1684846,-1,355,32,-1,-1,-1,-1,-1,-1,22,1,82,-1,-1,-1,-1,,,,,
8519,1685218,-1,17,1,-1,-1,-1,-1,-1,-1,4,1,4,-1,-1,-1,-1,,,,,
8520,1685242,-1,27,4,-1,-1,-1,-1,-1,-1,5,2,241,-1,-1,-1,-1,,,,,
8522,1685355,-1,34,4,-1,-1,-1,-1,-1,-1,5,2,5,-1,-1,-1,-1,,,,,
8524,1685998,-1,22,1,-1,-1,-1,-1,-1,-1,38,2,107,-1,-1,-1,-1,,,,,
8525,1686006,-1,998,32,-1,-1,-1,-1,-1,-1,1,1,-1,-1,-1,-1,-1,,,,,
8526,1686042,-1,26,4,-1,-1,-1,-1,-1,-1,38,2,71,-1,-1,-1,-1,,,,,
8527,1686089,-1,38,4,-1,-1,-1,-1,-1,-1,38,2,71,-1,-1,-1,-1,,,,,
8529,1686122,-1,2373,16,-1,-1,-1,-1,-1,-1,28,1,77,-1,-1,-1,-1,,,,,
8533,1686276,-1,35,4,-1,-1,-1,-1,-1,-1,38,2,71,-1,-1,-1,-1,,,,,
8535,1686386,-1,2,4,-1,-1,-1,-1,-1,-1,5,2,241,-1,-1,-1,-1,,,,,
8536,1686444,-1,25,4,-1,-1,-1,-1,-1,-1,38,2,71,-1,-1,-1,-1,,,,,
8537,1686541,-1,37,4,-1,-1,-1,-1,-1,-1,38,2,71,-1,-1,-1,-1,,,,,
8538,1686554,-1,22,4,-1,-1,-1,-1,-1,-1,5,2,241,-1,-1,-1,-1,,,,,
8540,1686994,-1,21,4,-1,-1,-1,-1,-1,-1,5,2,241,-1,-1,-1,-1,,,,,
8541,1687197,-1,308,4,-1,-1,-1,-1,-1,-1,5,2,241,-1,-1,-1,-1,,,,,
8543,1687510,-1,30,4,-1,-1,-1,-1,-1,-1,5,2,241,-1,-1,-1,-1,,,,,
8545,1687590,-1,222,4,-1,-1,-1,-1,-1,-1,5,2,241,-1,-1,-1,-1,,,,,
8550,1687815,-1,58,4,-1,-1,-1,-1,-1,-1,5,2,241,-1,-1,-1,-1,,,,,
8551,1687840,-1,57,8,-1,-1,-1,-1,-1,-1,24,1,29,-1,-1,-1,-1,,,,,
8552,1688005,-1,662,64,-1,-1,-1,-1,-1,-1,42,1,215,-1,-1,-1,-1,,,,,
8553,1688139,-1,30,1,-1,-1,-1,-1,-1,-1,4,1,4,-1,-1,-1,-1,,,,,
8555,1688415,-1,15,1,-1,-1,-1,-1,-1,-1,4,1,4,-1,-1,-1,-1,,,,,
8556,1688417,-1,1028,32,-1,-1,-1,-1,-1,-1,1,1,-1,-1,-1,-1,-1,,,,,
8557,1688500,-1,817,32,-1,-1,-1,-1,-1,-1,1,1,-1,-1,-1,-1,-1,,,,,
8560,1689049,-1,39,4,-1,-1,-1,-1,-1,-1,5,2,241,-1,-1,-1,-1,,,,,
8565,1689377,-1,67,4,-1,-1,-1,-1,-1,-1,7,1,7,-1,-1,-1,-1,,,,,
8566,1689381,-1,12543,8,-1,-1,-1,-1,-1,-1,22,1,154,-1,-1,-1,-1,,,,,
8567,1689446,-1,36,1,-1,-1,-1,-1,-1,-1,5,2,12,-1,-1,-1,-1,,,,,
8568,1689491,-1,232,64,-1,-1,-1,-1,-1,-1,35,1,165,-1,-1,-1,-1,,,,,
8569,1689517,-1,76,4,-1,-1,-1,-1,-1,-1,5,2,11,-1,-1,-1,-1,,,,,
8570,1689540,-1,65,8,-1,-1,-1,-1,-1,-1,7,1,7,-1,-1,-1,-1,,,,,
8571,1689645,-1,169,16,-1,-1,-1,-1,-1,-1,7,1,7,-1,-1,-1,-1,,,,,
8573,1689736,-1,214,64,-1,-1,-1,-1,-1,-1,35,1,165,-1,-1,-1,-1,,,,,
8574,1690005,-1,864,64,-1,-1,-1,-1,-1,-1,42,1,215,-1,-1,-1,-1,,,,,
8575,1690124,-1,1023,32,-1,-1,-1,-1,-1,-1,1,1,-1,-1,-1,-1,-1,,,,,
8576,1690131,-1,54,1,-1,-1,-1,-1,-1,-1,13,1,36,-1,-1,-1,-1,,,,,
8578,1690362,-1,50,1,-1,-1,-1,-1,-1,-1,13,1,36,-1,-1,-1,-1,,,,,
8580,1690583,-1,36,1,-1,-1,-1,-1,-1,-1,13,1,36,-1,-1,-1,-1,,,,,
8585,1690834,-1,47,1,-1,-1,-1,-1,-1,-1,13,1,36,-1,-1,-1,-1,,,,,
8586,1691209,-1,1020,32,-1,-1,-1,-1,-1,-1,1,1,-1,-1,-1,-1,-1,,,,,
8587,1691226,-1,41,1,-1,-1,-1,-1,-1,-1,13,1,36,-1,-1,-1,-1,,,,,
8589,1691694,-1,5684,32,-1,-1,-1,-1,-1,-1,4,1,3,-1,-1,-1,-1,,,,,
8591,1691987,-1,39,1,-1,-1,-1,-1,-1,-1,13,1,36,-1,-1,-1,-1,,,,,
8595,1692268,-1,32,1,-1,-1,-1,-1,-1,-1,13,1,36,-1,-1,-1,-1,,,,,
8598,1692414,-1,70,1,-1,-1,-1,-1,-1,-1,13,1,36,-1,-1,-1,-1,,,,,
8599,1692504,-1,5,1,-1,-1,-1,-1,-1,-1,5,2,9,-1,-1,-1,-1,,,,,
8600,1692562,-1,14,1,-1,-1,-1,-1,-1,-1,5,2,56,-1,-1,-1,-1,,,,,
8601,1692578,-1,5,1,-1,-1,-1,-1,-1,-1,5,2,56,-1,-1,-1,-1,,,,,
8602,1692670,-1,812,32,-1,-1,-1,-1,-1,-1,1,1,-1,-1,-1,-1,-1,,,,,
8603,1692678,-1,179,32,-1,-1,-1,-1,-1,-1,1,1,-1,-1,-1,-1,-1,,,,,
8604,1692758,-1,40,4,-1,-1,-1,-1,-1,-1,5,2,11,-1,-1,-1,-1,,,,,
8605,1692806,-1,12,16,-1,-1,-1,-1,-1,-1,5,2,241,-1,-1,-1,-1,,,,,
8606,1692823,-1,37,8,-1,-1,-1,-1,-1,-1,5,2,241,-1,-1,-1,-1,,,,,
8607,1692866,-1,1012,32,-1,-1,-1,-1,-1,-1,1,1,-1,-1,-1,-1,-1,,,,,
8608,1692872,-1,16,1,-1,-1,-1,-1,-1,-1,5,2,9,-1,-1,-1,-1,,,,,
8610,1692991,-1,94,2,-1,-1,-1,-1,-1,-1,12,2,90,-1,-1,-1,-1,,,,,
8611,1692998,-1,89,2,-1,-1,-1,-1,-1,-1,12,2,49,-1,-1,-1,-1,,,,,
8612,1693005,-1,84,2,-1,-1,-1,-1,-1,-1,12,2,50,-1,-1,-1,-1,,,,,
8613,1693014,-1,77,2,-1,-1,-1,-1,-1,-1,12,2,51,-1,-1,-1,-1,,,,,
8615,1693488,-1,1016,32,-1,-1,-1,-1,-1,-1,1,1,-1,-1,-1,-1,-1,,,,,
8616,1693509,-1,76,1,-1,-1,-1,-1,-1,-1,13,1,36,-1,-1,-1,-1,,,,,
8617,1693683,-1,154,1,-1,-1,-1,-1,-1,-1,13,1,36,-1,-1,-1,-1,,,,,
8625,1695167,-1,1440,4,-1,-1,-1,-1,-1,-1,22,1,141,-1,-1,-1,-1,,,,,
8626,1695184,-1,21,1,-1,-1,-1,-1,-1,-1,4,1,4,-1,-1,-1,-1,,,,,
8627,1695276,-1,22,32,-1,-1,-1,-1,-1,-1,7,1,10,-1,-1,-1,-1,,,,,
8629,1695308,-1,180,32,-1,-1,-1,-1,-1,-1,7,1,10,-1,-1,-1,-1,,,,,
8630,1695377,-1,112,4,-1,-1,-1,-1,-1,-1,7,1,18,-1,-1,-1,-1,,,,,
8633,1695494,-1,9,1,-1,-1,-1,-1,-1,-1,7,1,9,-1,-1,-1,-1,,,,,
8635,1695714,-1,159,32,-1,-1,-1,-1,-1,-1,7,1,10,-1,-1,-1,-1,,,,,
8636,1695779,-1,95,4,-1,-1,-1,-1,-1,-1,7,1,18,-1,-1,-1,-1,,,,,
8639,1696582,-1,99,32,-1,-1,-1,-1,-1,-1,7,1,10,-1,-1,-1,-1,,,,,
8640,1696661,-1,7,4,-1,-1,-1,-1,-1,-1,7,1,18,-1,-1,-1,-1,,,,,
8641,1696676,-1,114,32,-1,-1,-1,-1,-1,-1,14,2,26,-1,-1,-1,-1,,,,,
8642,1696713,-1,28,8,-1,-1,-1,-1,-1,-1,22,1,141,-1,-1,-1,-1,,,,,
8643,1696734,-1,88,32,-1,-1,-1,-1,-1,-1,7,1,10,-1,-1,-1,-1,,,,,
8644,1696801,-1,33,4,-1,-1,-1,-1,-1,-1,7,1,18,-1,-1,-1,-1,,,,,
8647,1696910,-1,66,1,-1,-1,-1,-1,-1,-1,13,1,36,-1,-1,-1,-1,,,,,
8650,1697071,-1,279,32,-1,-1,-1,-1,-1,-1,7,1,10,-1,-1,-1,-1,,,,,
8653,1697141,-1,209,4,-1,-1,-1,-1,-1,-1,7,1,18,-1,-1,-1,-1,,,,,
8655,1697190,-1,29,8,-1,-1,-1,-1,-1,-1,22,1,141,-1,-1,-1,-1,,,,,
8656,1697328,-1,1560,8,-1,-1,-1,-1,-1,-1,22,1,141,-1,-1,-1,-1,,,,,
8657,1697383,-1,21,1,-1,-1,-1,-1,-1,-1,4,1,4,-1,-1,-1,-1,,,,,
8658,1697483,-1,44,1,-1,-1,-1,-1,-1,-1,17,1,242,-1,-1,-1,-1,,,,,
8660,1697592,-1,179,1,-1,-1,-1,-1,-1,-1,17,1,242,-1,-1,-1,-1,,,,,
8662,1697956,-1,116,1,-1,-1,-1,-1,-1,-1,17,1,242,-1,-1,-1,-1,,,,,
8663,1698021,-1,1707,32,-1,-1,-1,-1,-1,-1,4,1,3,-1,-1,-1,-1,,,,,
8664,1698032,-1,76,1,-1,-1,-1,-1,-1,-1,22,1,243,-1,-1,-1,-1,,,,,
8666,1698188,-1,818,32,-1,-1,-1,-1,-1,-1,1,1,-1,-1,-1,-1,-1,,,,,
8669,1698575,-1,63,1,-1,-1,-1,-1,-1,-1,22,1,243,-1,-1,-1,-1,,,,,
8672,1698667,-1,37,2,-1,-1,-1,-1,-1,-1,22,1,243,-1,-1,-1,-1,,,,,
8673,1698729,-1,49,4,-1,-1,-1,-1,-1,-1,22,1,243,-1,-1,-1,-1,,,,,
8675,1698801,-1,84,8,-1,-1,-1,-1,-1,-1,22,1,243,-1,-1,-1,-1,,,,,
8677,1698866,-1,12,1,-1,-1,-1,-1,-1,-1,4,1,4,-1,-1,-1,-1,,,,,
8678,1698903,-1,93,16,-1,-1,-1,-1,-1,-1,22,1,243,-1,-1,-1,-1,,,,,
8680,1699007,-1,826,32,-1,-1,-1,-1,-1,-1,1,1,-1,-1,-1,-1,-1,,,,,
8681,1699023,-1,120,32,-1,-1,-1,-1,-1,-1,22,1,243,-1,-1,-1,-1,,,,,
8682,1699214,-1,71,1,-1,-1,-1,-1,-1,-1,13,1,36,-1,-1,-1,-1,,,,,
8684,1699361,-1,39,1,-1,-1,-1,-1,-1,-1,13,1,36,-1,-1,-1,-1,,,,,
8685,1699387,-1,45,8,-1,-1,-1,-1,-1,-1,24,1,29,-1,-1,-1,-1,,,,,
8687,1699523,-1,8,1,-1,-1,-1,-1,-1,-1,4,1,4,-1,-1,-1,-1,,,,,
8688,1699555,-1,130,32,-1,-1,-1,-1,-1,-1,22,1,243,-1,-1,-1,-1,,,,,
8689,1699731,-1,17,1,-1,-1,-1,-1,-1,-1,4,1,4,-1,-1,-1,-1,,,,,
8696,1700059,-1,3968,32,-1,-1,-1,-1,-1,-1,4,1,3,-1,-1,-1,-1,,,,,
8699,1700213,-1,64,1,-1,-1,-1,-1,-1,-1,22,1,243,-1,-1,-1,-1,,,,,
8701,1700298,-1,95,32,-1,-1,-1,-1,-1,-1,7,1,10,-1,-1,-1,-1,,,,,
8702,1700320,-1,116,2,-1,-1,-1,-1,-1,-1,22,1,243,-1,-1,-1,-1,,,,,
8703,1700370,-1,19,1,-1,-1,-1,-1,-1,-1,13,1,36,-1,-1,-1,-1,,,,,
8704,1700391,-1,23,4,-1,-1,-1,-1,-1,-1,7,1,18,-1,-1,-1,-1,,,,,
8705,1700425,-1,61,1,-1,-1,-1,-1,-1,-1,13,1,36,-1,-1,-1,-1,,,,,
8706,1700453,-1,87,4,-1,-1,-1,-1,-1,-1,22,1,243,-1,-1,-1,-1,,,,,
8708,1700527,-1,364,32,-1,-1,-1,-1,-1,-1,7,1,10,-1,-1,-1,-1,,,,,
8709,1700589,-1,22,8,-1,-1,-1,-1,-1,-1,22,1,243,-1,-1,-1,-1,,,,,
8710,1700598,-1,294,4,-1,-1,-1,-1,-1,-1,7,1,18,-1,-1,-1,-1,,,,,
8712,1700618,-1,112,16,-1,-1,-1,-1,-1,-1,22,1,243,-1,-1,-1,-1,,,,,
8713,1700657,-1,15,1,-1,-1,-1,-1,-1,-1,4,1,4,-1,-1,-1,-1,,,,,
8714,1700745,-1,161,32,-1,-1,-1,-1,-1,-1,22,1,243,-1,-1,-1,-1,,,,,
8715,1700956,-1,44,1,-1,-1,-1,-1,-1,-1,13,1,36,-1,-1,-1,-1,,,,,
8717,1701104,-1,318,32,-1,-1,-1,-1,-1,-1,7,1,10,-1,-1,-1,-1,,,,,
8718,1701167,-1,257,4,-1,-1,-1,-1,-1,-1,7,1,18,-1,-1,-1,-1,,,,,
8719,1701222,-1,102,16,-1,-1,-1,-1,-1,-1,39,2,158,-1,-1,-1,-1,,,,,
8720,1701311,-1,46,1,-1,-1,-1,-1,-1,-1,13,1,36,-1,-1,-1,-1,,,,,
8721,1701393,-1,67,8,-1,-1,-1,-1,-1,-1,24,1,29,-1,-1,-1,-1,,,,,
8724,1701505,-1,74,16,-1,-1,-1,-1,-1,-1,39,2,158,-1,-1,-1,-1,,,,,
8725,1701516,-1,171,64,-1,-1,-1,-1,-1,-1,12,2,14,-1,-1,-1,-1,,,,,
8727,1701586,-1,68,16,-1,-1,-1,-1,-1,-1,39,2,158,-1,-1,-1,-1,,,,,
8729,1701695,-1,161,32,-1,-1,-1,-1,-1,-1,7,1,10,-1,-1,-1,-1,,,,,
8731,1701756,-1,61,1,-1,-1,-1,-1,-1,-1,22,1,243,-1,-1,-1,-1,,,,,
8732,1701815,-1,49,1,-1,-1,-1,-1,-1,-1,13,1,36,-1,-1,-1,-1,,,,,
8733,1701835,-1,57,2,-1,-1,-1,-1,-1,-1,22,1,243,-1,-1,-1,-1,,,,,
8734,1701918,-1,73,4,-1,-1,-1,-1,-1,-1,22,1,243,-1,-1,-1,-1,,,,,
8735,1701961,-1,1131,8,-1,-1,-1,-1,-1,-1,22,1,141,-1,-1,-1,-1,,,,,
8736,1702059,-1,20,1,-1,-1,-1,-1,-1,-1,13,1,36,-1,-1,-1,-1,,,,,
8737,1702064,-1,18,8,-1,-1,-1,-1,-1,-1,22,1,243,-1,-1,-1,-1,,,,,
8738,1702094,-1,127,32,-1,-1,-1,-1,-1,-1,22,1,243,-1,-1,-1,-1,,,,,
8739,1702225,-1,21,1,-1,-1,-1,-1,-1,-1,13,1,36,-1,-1,-1,-1,,,,,
8741,1702271,-1,22,1,-1,-1,-1,-1,-1,-1,13,1,36,-1,-1,-1,-1,,,,,
8742,1702330,-1,21,1,-1,-1,-1,-1,-1,-1,13,1,36,-1,-1,-1,-1,,,,,
8743,1702347,-1,445,32,-1,-1,-1,-1,-1,-1,7,1,10,-1,-1,-1,-1,,,,,
8744,1702413,-1,378,4,-1,-1,-1,-1,-1,-1,7,1,18,-1,-1,-1,-1,,,,,
8747,1702664,-1,39,1,-1,-1,-1,-1,-1,-1,13,1,36,-1,-1,-1,-1,,,,,
8750,1702970,-1,358,32,-1,-1,-1,-1,-1,-1,7,1,10,-1,-1,-1,-1,,,,,
8751,1703024,-1,304,4,-1,-1,-1,-1,-1,-1,7,1,18,-1,-1,-1,-1,,,,,
8754,1703172,-1,27,1,-1,-1,-1,-1,-1,-1,13,1,36,-1,-1,-1,-1,,,,,
8757,1703264,-1,197,32,-1,-1,-1,-1,-1,-1,30,1,76,-1,-1,-1,-1,,,,,
8760,1703449,-1,19,1,-1,-1,-1,-1,-1,-1,4,1,4,-1,-1,-1,-1,,,,,
8762,1703478,-1,127,64,-1,-1,-1,-1,-1,-1,7,1,10,-1,-1,-1,-1,,,,,
8763,1703501,-1,49,1,-1,-1,-1,-1,-1,-1,13,1,36,-1,-1,-1,-1,,,,,
8764,1703553,-1,12,1,-1,-1,-1,-1,-1,-1,12,2,1,-1,-1,-1,-1,,,,,
8765,1703558,-1,46,4,-1,-1,-1,-1,-1,-1,7,1,18,-1,-1,-1,-1,,,,,
8767,1703579,-1,81,1,-1,-1,-1,-1,-1,-1,12,2,1,-1,-1,-1,-1,,,,,
8768,1703630,-1,203,32,-1,-1,-1,-1,-1,-1,30,1,76,-1,-1,-1,-1,,,,,
8769,1703680,-1,18,1,-1,-1,-1,-1,-1,-1,12,2,1,-1,-1,-1,-1,,,,,
8770,1703716,-1,35,1,-1,-1,-1,-1,-1,-1,13,1,36,-1,-1,-1,-1,,,,,
8771,1703736,-1,18,1,-1,-1,-1,-1,-1,-1,12,2,1,-1,-1,-1,-1,,,,,
8773,1703789,-1,18,1,-1,-1,-1,-1,-1,-1,12,2,1,-1,-1,-1,-1,,,,,
8774,1703841,-1,269,32,-1,-1,-1,-1,-1,-1,7,1,10,-1,-1,-1,-1,,,,,
8775,1703908,-1,201,4,-1,-1,-1,-1,-1,-1,7,1,18,-1,-1,-1,-1,,,,,
8776,1703965,-1,237,32,-1,-1,-1,-1,-1,-1,30,1,76,-1,-1,-1,-1,,,,,
8777,1704030,-1,38,1,-1,-1,-1,-1,-1,-1,4,1,4,-1,-1,-1,-1,,,,,
8778,1704144,-1,55,1,-1,-1,-1,-1,-1,-1,13,1,36,-1,-1,-1,-1,,,,,
8779,1704173,-1,892,32,-1,-1,-1,-1,-1,-1,4,1,3,-1,-1,-1,-1,,,,,
8781,1704264,-1,26,1,-1,-1,-1,-1,-1,-1,13,1,36,-1,-1,-1,-1,,,,,
8782,1704271,-1,192,32,-1,-1,-1,-1,-1,-1,30,1,76,-1,-1,-1,-1,,,,,
8783,1704355,-1,26,1,-1,-1,-1,-1,-1,-1,13,1,36,-1,-1,-1,-1,,,,,
8784,1704552,-1,442,32,-1,-1,-1,-1,-1,-1,7,1,10,-1,-1,-1,-1,,,,,
8785,1704614,-1,380,8,-1,-1,-1,-1,-1,-1,7,1,18,-1,-1,-1,-1,,,,,
8788,1704725,-1,211,32,-1,-1,-1,-1,-1,-1,30,1,76,-1,-1,-1,-1,,,,,
8790,1704857,-1,23,1,-1,-1,-1,-1,-1,-1,4,1,4,-1,-1,-1,-1,,,,,
8791,1704886,-1,34,1,-1,-1,-1,-1,-1,-1,13,1,36,-1,-1,-1,-1,,,,,
8794,1705001,-1,32,1,-1,-1,-1,-1,-1,-1,13,1,36,-1,-1,-1,-1,,,,,
8795,1705067,-1,9,1,-1,-1,-1,-1,-1,-1,4,1,4,-1,-1,-1,-1,,,,,
8796,1705169,-1,256,64,-1,-1,-1,-1,-1,-1,7,1,10,-1,-1,-1,-1,,,,,
8797,1705236,-1,17,32,-1,-1,-1,-1,-1,-1,30,1,76,-1,-1,-1,-1,,,,,
8798,1705238,-1,187,8,-1,-1,-1,-1,-1,-1,7,1,18,-1,-1,-1,-1,,,,,
8799,1705385,-1,223,32,-1,-1,-1,-1,-1,-1,30,1,76,-1,-1,-1,-1,,,,,
8801,1705525,-1,467,32,-1,-1,-1,-1,-1,-1,7,1,10,-1,-1,-1,-1,,,,,
8802,1705591,-1,401,8,-1,-1,-1,-1,-1,-1,7,1,18,-1,-1,-1,-1,,,,,
8803,1705801,-1,184,32,-1,-1,-1,-1,-1,-1,30,1,76,-1,-1,-1,-1,,,,,
8805,1706005,-1,170,32,-1,-1,-1,-1,-1,-1,30,1,76,-1,-1,-1,-1,,,,,
8806,1706203,-1,201,32,-1,-1,-1,-1,-1,-1,30,1,76,-1,-1,-1,-1,,,,,
8811,1706446,-1,397,32,-1,-1,-1,-1,-1,-1,30,1,76,-1,-1,-1,-1,,,,,
8812,1706493,-1,387,32,-1,-1,-1,-1,-1,-1,7,1,10,-1,-1,-1,-1,,,,,
8814,1706556,-1,325,8,-1,-1,-1,-1,-1,-1,7,1,18,-1,-1,-1,-1,,,,,
8815,1706592,-1,34,1,-1,-1,-1,-1,-1,-1,4,1,4,-1,-1,-1,-1,,,,,
8816,1706703,-1,16,1,-1,-1,-1,-1,-1,-1,9,2,9,-1,-1,-1,-1,,,,,
8818,1707034,-1,298,32,-1,-1,-1,-1,-1,-1,7,1,10,-1,-1,-1,-1,,,,,
8819,1707094,-1,239,4,-1,-1,-1,-1,-1,-1,7,1,18,-1,-1,-1,-1,,,,,
8820,1707152,-1,270,64,-1,-1,-1,-1,-1,-1,4,1,3,-1,-1,-1,-1,,,,,
8822,1707459,-1,1109,32,-1,-1,-1,-1,-1,-1,7,1,10,-1,-1,-1,-1,,,,,
8823,1707517,-1,1051,16,-1,-1,-1,-1,-1,-1,7,1,18,-1,-1,-1,-1,,,,,
8826,1707836,-1,2282,32,-1,-1,-1,-1,-1,-1,1,1,-1,-1,-1,-1,-1,,,,,
8830,1708103,-1,2013,32,-1,-1,-1,-1,-1,-1,1,1,-1,-1,-1,-1,-1,,,,,
8832,1708626,-1,535,32,-1,-1,-1,-1,-1,-1,30,1,76,-1,-1,-1,-1,,,,,
8834,1709215,-1,401,32,-1,-1,-1,-1,-1,-1,30,1,76,-1,-1,-1,-1,,,,,
8835,1709292,-1,74,1,-1,-1,-1,-1,-1,-1,4,1,4,-1,-1,-1,-1,,,,,
8841,1711356,-1,9,8,-1,-1,-1,-1,-1,-1,5,2,5,-1,-1,-1,-1,,,,,
8842,1711386,-1,5,4,-1,-1,-1,-1,-1,-1,5,2,5,-1,-1,-1,-1,,,,,
8843,1711413,-1,4,1,-1,-1,-1,-1,-1,-1,5,2,9,-1,-1,-1,-1,,,,,
8844,1711434,-1,76,16,-1,-1,-1,-1,-1,-1,5,2,11,-1,-1,-1,-1,,,,,
8845,1711450,-1,61,4,-1,-1,-1,-1,-1,-1,5,2,244,-1,-1,-1,-1,,,,,
8846,1711544,-1,7,8,-1,-1,-1,-1,-1,-1,5,2,5,-1,-1,-1,-1,,,,,
8847,1711556,-1,91,128,-1,-1,-1,-1,-1,-1,5,2,245,-1,-1,-1,-1,,,,,
8848,1711651,-1,30,8,-1,-1,-1,-1,-1,-1,5,2,246,-1,-1,-1,-1,,,,,
8849,1711688,-1,33,8,-1,-1,-1,-1,-1,-1,5,2,241,-1,-1,-1,-1,,,,,
8850,1711726,-1,33,16,-1,-1,-1,-1,-1,-1,5,2,241,-1,-1,-1,-1,,,,,
8851,1711736,-1,96,32,-1,-1,-1,-1,-1,-1,5,2,11,-1,-1,-1,-1,,,,,
8852,1711788,-1,4,1,-1,-1,-1,-1,-1,-1,5,2,9,-1,-1,-1,-1,,,,,
8853,1711846,-1,4,1,-1,-1,-1,-1,-1,-1,5,2,12,-1,-1,-1,-1,,,,,
8854,1711895,-1,8,8,-1,-1,-1,-1,-1,-1,5,2,5,-1,-1,-1,-1,,,,,
8855,1711914,-1,5,4,-1,-1,-1,-1,-1,-1,5,2,5,-1,-1,-1,-1,,,,,
8856,1711928,-1,6,4,-1,-1,-1,-1,-1,-1,5,2,5,-1,-1,-1,-1,,,,,
8857,1711939,-1,10,1,-1,-1,-1,-1,-1,-1,5,2,9,-1,-1,-1,-1,,,,,
8858,1711952,-1,5,4,-1,-1,-1,-1,-1,-1,5,2,5,-1,-1,-1,-1,,,,,
8859,1711964,-1,36,128,-1,-1,-1,-1,-1,-1,5,2,241,-1,-1,-1,-1,,,,,
8860,1712018,-1,21,8,-1,-1,-1,-1,-1,-1,5,2,11,-1,-1,-1,-1,,,,,
8861,1712043,-1,8,1,-1,-1,-1,-1,-1,-1,5,2,9,-1,-1,-1,-1,,,,,
8862,1712145,-1,59,16,-1,-1,-1,-1,-1,-1,5,2,11,-1,-1,-1,-1,,,,,
8863,1712221,-1,7,4,-1,-1,-1,-1,-1,-1,5,2,5,-1,-1,-1,-1,,,,,
8864,1712240,-1,122,8,-1,-1,-1,-1,-1,-1,5,2,11,-1,-1,-1,-1,,,,,
8865,1712404,-1,7,8,-1,-1,-1,-1,-1,-1,5,2,247,-1,-1,-1,-1,,,,,
8866,1712438,-1,5,1,-1,-1,-1,-1,-1,-1,5,2,12,-1,-1,-1,-1,,,,,
8867,1713610,-1,10927,16,-1,-1,-1,-1,-1,-1,28,1,-1,-1,-1,-1,-1,,,,,
8868,1713612,-1,244,64,-1,-1,-1,-1,-1,-1,4,1,-1,-1,-1,-1,-1,,,,,
8870,1713861,-1,329,64,-1,-1,-1,-1,-1,-1,4,1,-1,-1,-1,-1,-1,,,,,
8872,1714195,-1,217,64,-1,-1,-1,-1,-1,-1,4,1,-1,-1,-1,-1,-1,,,,,
8874,1714421,-1,282,64,-1,-1,-1,-1,-1,-1,4,1,-1,-1,-1,-1,-1,,,,,
8879,1714707,-1,208,64,-1,-1,-1,-1,-1,-1,4,1,-1,-1,-1,-1,-1,,,,,
8880,1714923,-1,224,64,-1,-1,-1,-1,-1,-1,4,1,-1,-1,-1,-1,-1,,,,,
8881,1715153,-1,215,64,-1,-1,-1,-1,-1,-1,4,1,-1,-1,-1,-1,-1,,,,,
8883,1715372,-1,228,64,-1,-1,-1,-1,-1,-1,4,1,-1,-1,-1,-1,-1,,,,,
8884,1715605,-1,226,64,-1,-1,-1,-1,-1,-1,4,1,-1,-1,-1,-1,-1,,,,,
8886,1715835,-1,232,64,-1,-1,-1,-1,-1,-1,4,1,-1,-1,-1,-1,-1,,,,,
8889,1716072,-1,242,64,-1,-1,-1,-1,-1,-1,4,1,-1,-1,-1,-1,-1,,,,,
8893,1716318,-1,206,64,-1,-1,-1,-1,-1,-1,4,1,-1,-1,-1,-1,-1,,,,,
8894,1716528,-1,238,64,-1,-1,-1,-1,-1,-1,4,1,-1,-1,-1,-1,-1,,,,,
8896,1716771,-1,211,64,-1,-1,-1,-1,-1,-1,4,1,-1,-1,-1,-1,-1,,,,,
8897,1716987,-1,226,64,-1,-1,-1,-1,-1,-1,4,1,-1,-1,-1,-1,-1,,,,,
8899,1717217,-1,204,64,-1,-1,-1,-1,-1,-1,4,1,-1,-1,-1,-1,-1,,,,,
8900,1717431,-1,244,64,-1,-1,-1,-1,-1,-1,4,1,-1,-1,-1,-1,-1,,,,,
8904,1717685,-1,227,64,-1,-1,-1,-1,-1,-1,4,1,-1,-1,-1,-1,-1,,,,,
8907,1717916,-1,206,64,-1,-1,-1,-1,-1,-1,4,1,-1,-1,-1,-1,-1,,,,,
8908,1718128,-1,227,64,-1,-1,-1,-1,-1,-1,4,1,-1,-1,-1,-1,-1,,,,,
8910,1718359,-1,209,64,-1,-1,-1,-1,-1,-1,4,1,-1,-1,-1,-1,-1,,,,,
8911,1718575,-1,235,64,-1,-1,-1,-1,-1,-1,4,1,-1,-1,-1,-1,-1,,,,,
8913,1718814,-1,212,64,-1,-1,-1,-1,-1,-1,4,1,-1,-1,-1,-1,-1,,,,,
8914,1719030,-1,249,64,-1,-1,-1,-1,-1,-1,4,1,-1,-1,-1,-1,-1,,,,,
8919,1719283,-1,227,64,-1,-1,-1,-1,-1,-1,4,1,-1,-1,-1,-1,-1,,,,,
8921,1719514,-1,223,64,-1,-1,-1,-1,-1,-1,4,1,-1,-1,-1,-1,-1,,,,,
8922,1719743,-1,223,64,-1,-1,-1,-1,-1,-1,4,1,-1,-1,-1,-1,-1,,,,,
8924,1719970,-1,220,64,-1,-1,-1,-1,-1,-1,4,1,-1,-1,-1,-1,-1,,,,,
8925,1720197,-1,225,64,-1,-1,-1,-1,-1,-1,4,1,-1,-1,-1,-1,-1,,,,,
8932,1721050,-1,1324,16,-1,-1,-1,-1,-1,-1,28,1,-1,-1,-1,-1,-1,,,,,
8947,1724095,-1,163,64,-1,-1,-1,-1,-1,-1,12,2,14,-1,-1,-1,-1,,,,,
8949,1724542,-1,10928,128,-1,-1,-1,-1,-1,-1,17,1,-1,-1,-1,-1,-1,,,,,
8950,1735484,-1,250,64,-1,-1,-1,-1,-1,-1,4,1,-1,-1,-1,-1,-1,,,,,
8951,1735486,-1,3729,16,-1,-1,-1,-1,-1,-1,28,1,-1,-1,-1,-1,-1,,,,,
8953,1735741,-1,195,64,-1,-1,-1,-1,-1,-1,4,1,-1,-1,-1,-1,-1,,,,,
8954,1735940,-1,219,64,-1,-1,-1,-1,-1,-1,4,1,-1,-1,-1,-1,-1,,,,,
8956,1736166,-1,188,64,-1,-1,-1,-1,-1,-1,4,1,-1,-1,-1,-1,-1,,,,,
8957,1736358,-1,234,64,-1,-1,-1,-1,-1,-1,4,1,-1,-1,-1,-1,-1,,,,,
8961,1736597,-1,214,64,-1,-1,-1,-1,-1,-1,4,1,-1,-1,-1,-1,-1,,,,,
8964,1736816,-1,199,64,-1,-1,-1,-1,-1,-1,4,1,-1,-1,-1,-1,-1,,,,,
8965,1737019,-1,226,64,-1,-1,-1,-1,-1,-1,4,1,-1,-1,-1,-1,-1,,,,,
8967,1737249,-1,195,64,-1,-1,-1,-1,-1,-1,4,1,-1,-1,-1,-1,-1,,,,,
8968,1737449,-1,229,64,-1,-1,-1,-1,-1,-1,4,1,-1,-1,-1,-1,-1,,,,,
8970,1737683,-1,195,64,-1,-1,-1,-1,-1,-1,4,1,-1,-1,-1,-1,-1,,,,,
8971,1737882,-1,232,64,-1,-1,-1,-1,-1,-1,4,1,-1,-1,-1,-1,-1,,,,,
8975,1738120,-1,230,64,-1,-1,-1,-1,-1,-1,4,1,-1,-1,-1,-1,-1,,,,,
8978,1738354,-1,201,64,-1,-1,-1,-1,-1,-1,4,1,-1,-1,-1,-1,-1,,,,,
8979,1738563,-1,228,64,-1,-1,-1,-1,-1,-1,4,1,-1,-1,-1,-1,-1,,,,,
8981,1738796,-1,204,64,-1,-1,-1,-1,-1,-1,4,1,-1,-1,-1,-1,-1,,,,,
9044,1745740,-1,103,128,-1,-1,-1,-1,-1,-1,12,2,14,-1,-1,-1,-1,,,,,
9059,1747447,-1,9306,64,-1,-1,-1,-1,-1,-1,4,1,3,-1,-1,-1,-1,,,,,
9064,1748348,-1,3724,16,-1,-1,-1,-1,-1,-1,28,1,-1,-1,-1,-1,-1,,,,,
9066,1748398,-1,1332,16,-1,-1,-1,-1,-1,-1,28,1,-1,-1,-1,-1,-1,,,,,
9131,1755512,-1,10,1,-1,-1,-1,-1,-1,-1,4,1,4,-1,-1,-1,-1,,,,,
9139,1756755,-1,10,1,-1,-1,-1,-1,-1,-1,4,1,4,-1,-1,-1,-1,,,,,
9140,1756851,-1,6832,64,-1,-1,-1,-1,-1,-1,4,1,3,-1,-1,-1,-1,,,,,
9141,1757142,-1,35,32,-1,-1,-1,-1,-1,-1,35,1,248,-1,-1,-1,-1,,,,,
9143,1757251,-1,56,4,-1,-1,-1,-1,-1,-1,22,1,243,-1,-1,-1,-1,,,,,
9144,1757425,-1,27,32,-1,-1,-1,-1,-1,-1,35,1,248,-1,-1,-1,-1,,,,,
9145,1757461,-1,257,32,-1,-1,-1,-1,-1,-1,35,1,249,-1,-1,-1,-1,,,,,
9147,1757594,-1,58,1,-1,-1,-1,-1,-1,-1,22,1,243,-1,-1,-1,-1,,,,,
9149,1757661,-1,56,2,-1,-1,-1,-1,-1,-1,22,1,243,-1,-1,-1,-1,,,,,
9151,1757723,-1,719,32,-1,-1,-1,-1,-1,-1,35,1,249,-1,-1,-1,-1,,,,,
9152,1757732,-1,66,8,-1,-1,-1,-1,-1,-1,22,1,243,-1,-1,-1,-1,,,,,
9154,1757809,-1,78,16,-1,-1,-1,-1,-1,-1,22,1,243,-1,-1,-1,-1,,,,,
9156,1757897,-1,102,32,-1,-1,-1,-1,-1,-1,22,1,243,-1,-1,-1,-1,,,,,
9158,1758445,-1,27,32,-1,-1,-1,-1,-1,-1,35,1,248,-1,-1,-1,-1,,,,,
9159,1758634,-1,100,1,-1,-1,-1,-1,-1,-1,22,1,243,-1,-1,-1,-1,,,,,
9160,1758750,-1,99,2,-1,-1,-1,-1,-1,-1,22,1,243,-1,-1,-1,-1,,,,,
9162,1758858,-1,95,4,-1,-1,-1,-1,-1,-1,22,1,243,-1,-1,-1,-1,,,,,
9163,1758965,-1,102,8,-1,-1,-1,-1,-1,-1,22,1,243,-1,-1,-1,-1,,,,,
9164,1759076,-1,139,16,-1,-1,-1,-1,-1,-1,22,1,243,-1,-1,-1,-1,,,,,
9168,1759229,-1,157,32,-1,-1,-1,-1,-1,-1,22,1,243,-1,-1,-1,-1,,,,,
9174,1760701,-1,16,1,-1,-1,-1,-1,-1,-1,9,2,9,-1,-1,-1,-1,,,,,
9179,1761224,-1,141,8,-1,-1,-1,-1,-1,-1,24,1,29,-1,-1,-1,-1,,,,,
9182,1761943,-1,54,2,-1,-1,-1,-1,-1,-1,12,2,90,-1,-1,-1,-1,,,,,
9183,1761958,-1,40,2,-1,-1,-1,-1,-1,-1,12,2,49,-1,-1,-1,-1,,,,,
9184,1762007,-1,140,2,-1,-1,-1,-1,-1,-1,12,2,90,-1,-1,-1,-1,,,,,
9185,1762014,-1,136,2,-1,-1,-1,-1,-1,-1,12,2,49,-1,-1,-1,-1,,,,,
9186,1762021,-1,126,2,-1,-1,-1,-1,-1,-1,12,2,50,-1,-1,-1,-1,,,,,
9187,1762028,-1,120,2,-1,-1,-1,-1,-1,-1,12,2,51,-1,-1,-1,-1,,,,,
9188,1762036,-1,112,2,-1,-1,-1,-1,-1,-1,12,2,55,-1,-1,-1,-1,,,,,
9189,1762043,-1,105,2,-1,-1,-1,-1,-1,-1,12,2,250,-1,-1,-1,-1,,,,,
9190,1762053,-1,96,2,-1,-1,-1,-1,-1,-1,12,2,251,-1,-1,-1,-1,,,,,
9191,1762060,-1,89,2,-1,-1,-1,-1,-1,-1,12,2,252,-1,-1,-1,-1,,,,,
9192,1762153,-1,67,2,-1,-1,-1,-1,-1,-1,12,2,90,-1,-1,-1,-1,,,,,
9193,1762160,-1,61,2,-1,-1,-1,-1,-1,-1,12,2,49,-1,-1,-1,-1,,,,,
9194,1762167,-1,54,2,-1,-1,-1,-1,-1,-1,12,2,50,-1,-1,-1,-1,,,,,
9195,1762174,-1,48,2,-1,-1,-1,-1,-1,-1,12,2,51,-1,-1,-1,-1,,,,,
9197,1762229,-1,98,2,-1,-1,-1,-1,-1,-1,12,2,90,-1,-1,-1,-1,,,,,
9198,1762236,-1,93,2,-1,-1,-1,-1,-1,-1,12,2,49,-1,-1,-1,-1,,,,,
9199,1762250,-1,81,2,-1,-1,-1,-1,-1,-1,12,2,50,-1,-1,-1,-1,,,,,
9200,1762262,-1,70,2,-1,-1,-1,-1,-1,-1,12,2,51,-1,-1,-1,-1,,,,,
9205,1762505,-1,23,1,-1,-1,-1,-1,-1,-1,44,1,9,-1,-1,-1,-1,,,,,
9206,1762886,-1,378,32,-1,-1,-1,-1,-1,-1,5,2,178,-1,-1,-1,-1,,,,,
9207,1762957,-1,20,1,-1,-1,-1,-1,-1,-1,44,1,253,-1,-1,-1,-1,,,,,
9209,1763046,-1,1712,1,-1,-1,-1,-1,-1,-1,22,1,151,-1,-1,-1,-1,,,,,
9210,1763220,-1,524,1,-1,-1,-1,-1,-1,-1,44,1,253,-1,-1,-1,-1,,,,,
9211,1763236,-1,21,1,-1,-1,-1,-1,-1,-1,44,1,9,-1,-1,-1,-1,,,,,
9212,1763293,-1,53,1,-1,-1,-1,-1,-1,-1,22,1,243,-1,-1,-1,-1,,,,,
9213,1763300,-1,180,32,-1,-1,-1,-1,-1,-1,5,2,178,-1,-1,-1,-1,,,,,
9214,1763360,-1,48,2,-1,-1,-1,-1,-1,-1,22,1,243,-1,-1,-1,-1,,,,,
9215,1763425,-1,54,4,-1,-1,-1,-1,-1,-1,22,1,243,-1,-1,-1,-1,,,,,
9216,1763452,-1,35,1,-1,-1,-1,-1,-1,-1,4,1,4,-1,-1,-1,-1,,,,,
9217,1763494,-1,75,8,-1,-1,-1,-1,-1,-1,22,1,243,-1,-1,-1,-1,,,,,
9219,1763583,-1,86,16,-1,-1,-1,-1,-1,-1,22,1,243,-1,-1,-1,-1,,,,,
9220,1763635,-1,434,32,-1,-1,-1,-1,-1,-1,5,2,178,-1,-1,-1,-1,,,,,
9221,1763688,-1,25,1,-1,-1,-1,-1,-1,-1,4,1,4,-1,-1,-1,-1,,,,,
9222,1763827,-1,21,1,-1,-1,-1,-1,-1,-1,44,1,254,-1,-1,-1,-1,,,,,
9227,1764088,-1,2531,1,-1,-1,-1,-1,-1,-1,22,1,150,-1,-1,-1,-1,,,,,
9229,1764182,-1,68,8,-1,-1,-1,-1,-1,-1,5,2,178,-1,-1,-1,-1,,,,,
9230,1764305,-1,79,4,-1,-1,-1,-1,-1,-1,5,2,178,-1,-1,-1,-1,,,,,
9231,1764438,-1,140,8,-1,-1,-1,-1,-1,-1,5,2,178,-1,-1,-1,-1,,,,,
9233,1764689,-1,27,32,-1,-1,-1,-1,-1,-1,35,1,255,-1,-1,-1,-1,,,,,
9234,1764955,-1,139,4,-1,-1,-1,-1,-1,-1,5,2,178,-1,-1,-1,-1,,,,,
9235,1764966,-1,7,1,-1,-1,-1,-1,-1,-1,5,2,9,-1,-1,-1,-1,,,,,
9236,1765005,-1,6,1,-1,-1,-1,-1,-1,-1,5,2,9,-1,-1,-1,-1,,,,,
9237,1765012,-1,570,32,-1,-1,-1,-1,-1,-1,18,1,256,-1,-1,-1,-1,,,,,
9238,1765040,-1,91,16,-1,-1,-1,-1,-1,-1,39,2,158,-1,-1,-1,-1,,,,,
9240,1765227,-1,158,4,-1,-1,-1,-1,-1,-1,5,2,178,-1,-1,-1,-1,,,,,
9241,1765300,-1,27,1,-1,-1,-1,-1,-1,-1,13,1,36,-1,-1,-1,-1,,,,,
9242,1765354,-1,28,2,-1,-1,-1,-1,-1,-1,22,1,150,-1,-1,-1,-1,,,,,
9243,1765450,-1,7536,2,-1,-1,-1,-1,-1,-1,22,1,150,-1,-1,-1,-1,,,,,
9244,1765451,-1,12,32,-1,-1,-1,-1,-1,-1,43,1,221,-1,-1,-1,-1,,,,,
9245,1765454,-1,9,1,-1,-1,-1,-1,-1,-1,43,1,222,-1,-1,-1,-1,,,,,
9246,1765456,-1,8,4,-1,-1,-1,-1,-1,-1,43,1,223,-1,-1,-1,-1,,,,,
9247,1765458,-1,7,1,-1,-1,-1,-1,-1,-1,43,1,224,-1,-1,-1,-1,,,,,
9248,1765460,-1,5,1,-1,-1,-1,-1,-1,-1,43,1,225,-1,-1,-1,-1,,,,,
9250,1765525,-1,31,32,-1,-1,-1,-1,-1,-1,35,1,255,-1,-1,-1,-1,,,,,
9251,1765572,-1,71,32,-1,-1,-1,-1,-1,-1,35,1,255,-1,-1,-1,-1,,,,,
9255,1765773,-1,50,1,-1,-1,-1,-1,-1,-1,13,1,36,-1,-1,-1,-1,,,,,
9257,1765835,-1,716,32,-1,-1,-1,-1,-1,-1,4,1,3,-1,-1,-1,-1,,,,,
9258,1766035,-1,32,1,-1,-1,-1,-1,-1,-1,44,1,254,-1,-1,-1,-1,,,,,
9259,1766156,-1,43,8,-1,-1,-1,-1,-1,-1,5,2,11,-1,-1,-1,-1,,,,,
9261,1766386,-1,269,32,-1,-1,-1,-1,-1,-1,35,1,146,-1,-1,-1,-1,,,,,
9262,1766554,-1,7,1,-1,-1,-1,-1,-1,-1,4,1,4,-1,-1,-1,-1,,,,,
9263,1766700,-1,279,32,-1,-1,-1,-1,-1,-1,35,1,146,-1,-1,-1,-1,,,,,
9264,1766705,-1,4,8,-1,-1,-1,-1,-1,-1,5,2,11,-1,-1,-1,-1,,,,,
9265,1766726,-1,4,4,-1,-1,-1,-1,-1,-1,22,1,257,-1,-1,-1,-1,,,,,
9266,1766735,-1,2,4,-1,-1,-1,-1,-1,-1,5,2,11,-1,-1,-1,-1,,,,,
9268,1766794,-1,21,4,-1,-1,-1,-1,-1,-1,22,1,257,-1,-1,-1,-1,,,,,
9269,1766843,-1,1013,4,-1,-1,-1,-1,-1,-1,5,2,11,-1,-1,-1,-1,,,,,
9270,1766872,-1,7192,4,-1,-1,-1,-1,-1,-1,22,1,258,-1,-1,-1,-1,,,,,
9271,1766975,-1,727,32,-1,-1,-1,-1,-1,-1,4,1,3,-1,-1,-1,-1,,,,,
9272,1767117,-1,16,1,-1,-1,-1,-1,-1,-1,5,2,9,-1,-1,-1,-1,,,,,
9276,1767272,-1,9,1,-1,-1,-1,-1,-1,-1,5,2,9,-1,-1,-1,-1,,,,,
9279,1767591,-1,22,1,-1,-1,-1,-1,-1,-1,45,1,259,-1,-1,-1,-1,,,,,
9280,1767675,-1,5,1,-1,-1,-1,-1,-1,-1,5,2,9,-1,-1,-1,-1,,,,,
9281,1767705,-1,6,1,-1,-1,-1,-1,-1,-1,4,1,4,-1,-1,-1,-1,,,,,
9282,1767870,-1,773,32,-1,-1,-1,-1,-1,-1,4,1,3,-1,-1,-1,-1,,,,,
9284,1767886,-1,35,1,-1,-1,-1,-1,-1,-1,5,2,12,-1,-1,-1,-1,,,,,
9285,1767911,-1,207,64,-1,-1,-1,-1,-1,-1,35,1,146,-1,-1,-1,-1,,,,,
9286,1767980,-1,71,1,-1,-1,-1,-1,-1,-1,44,1,254,-1,-1,-1,-1,,,,,
9287,1768159,-1,187,64,-1,-1,-1,-1,-1,-1,35,1,146,-1,-1,-1,-1,,,,,
9289,1768356,-1,189,64,-1,-1,-1,-1,-1,-1,35,1,146,-1,-1,-1,-1,,,,,
9290,1768592,-1,207,64,-1,-1,-1,-1,-1,-1,35,1,146,-1,-1,-1,-1,,,,,
9291,1768646,-1,9,1,-1,-1,-1,-1,-1,-1,4,1,4,-1,-1,-1,-1,,,,,
9293,1768689,-1,29,1,-1,-1,-1,-1,-1,-1,44,1,260,-1,-1,-1,-1,,,,,
9296,1768831,-1,764,32,-1,-1,-1,-1,-1,-1,4,1,3,-1,-1,-1,-1,,,,,
9297,1768833,-1,216,64,-1,-1,-1,-1,-1,-1,35,1,146,-1,-1,-1,-1,,,,,
9299,1768899,-1,16,1,-1,-1,-1,-1,-1,-1,4,1,2,-1,-1,-1,-1,,,,,
9301,1769054,-1,2,64,-1,-1,-1,-1,-1,-1,35,1,146,-1,-1,-1,-1,,,,,
9302,1769068,-1,188,64,-1,-1,-1,-1,-1,-1,35,1,146,-1,-1,-1,-1,,,,,
9303,1769122,-1,25,1,-1,-1,-1,-1,-1,-1,44,1,260,-1,-1,-1,-1,,,,,
9304,1769277,-1,193,64,-1,-1,-1,-1,-1,-1,35,1,146,-1,-1,-1,-1,,,,,
9306,1769597,-1,8,1,-1,-1,-1,-1,-1,-1,4,1,4,-1,-1,-1,-1,,,,,
9307,1769632,-1,755,32,-1,-1,-1,-1,-1,-1,4,1,3,-1,-1,-1,-1,,,,,
9309,1770027,-1,3730,16,-1,-1,-1,-1,-1,-1,28,1,-1,-1,-1,-1,-1,,,,,
9310,1770188,-1,246,8,-1,-1,-1,-1,-1,-1,5,2,11,-1,-1,-1,-1,,,,,
9311,1770195,-1,641,1,-1,-1,-1,-1,-1,-1,44,1,260,-1,-1,-1,-1,,,,,
9312,1770375,-1,14,1,-1,-1,-1,-1,-1,-1,5,2,12,-1,-1,-1,-1,,,,,
9313,1770392,-1,19,1,-1,-1,-1,-1,-1,-1,4,1,4,-1,-1,-1,-1,,,,,
9314,1770420,-1,71,1,-1,-1,-1,-1,-1,-1,22,1,243,-1,-1,-1,-1,,,,,
9316,1770505,-1,7007,2,-1,-1,-1,-1,-1,-1,22,1,243,-1,-1,-1,-1,,,,,
9319,1770594,-1,74,1,-1,-1,-1,-1,-1,-1,22,1,261,-1,-1,-1,-1,,,,,
9321,1770821,-1,62,1,-1,-1,-1,-1,-1,-1,22,1,261,-1,-1,-1,-1,,,,,
9322,1770871,-1,35,1,-1,-1,-1,-1,-1,-1,44,1,260,-1,-1,-1,-1,,,,,
9323,1770902,-1,51,2,-1,-1,-1,-1,-1,-1,22,1,261,-1,-1,-1,-1,,,,,
9324,1770969,-1,59,4,-1,-1,-1,-1,-1,-1,22,1,261,-1,-1,-1,-1,,,,,
9325,1771042,-1,4,8,-1,-1,-1,-1,-1,-1,22,1,261,-1,-1,-1,-1,,,,,
9326,1771085,-1,78,16,-1,-1,-1,-1,-1,-1,22,1,261,-1,-1,-1,-1,,,,,
9328,1771184,-1,3,32,-1,-1,-1,-1,-1,-1,22,1,261,-1,-1,-1,-1,,,,,
9329,1771212,-1,735,32,-1,-1,-1,-1,-1,-1,4,1,3,-1,-1,-1,-1,,,,,
9330,1771550,-1,2981,32,-1,-1,-1,-1,-1,-1,1,1,-1,-1,-1,-1,-1,,,,,
9333,1771950,-1,24,1,-1,-1,-1,-1,-1,-1,4,1,4,-1,-1,-1,-1,,,,,
9334,1771962,-1,54,1,-1,-1,-1,-1,-1,-1,44,1,260,-1,-1,-1,-1,,,,,
9337,1772093,-1,788,32,-1,-1,-1,-1,-1,-1,4,1,3,-1,-1,-1,-1,,,,,
9340,1772296,-1,20,1,-1,-1,-1,-1,-1,-1,39,2,9,-1,-1,-1,-1,,,,,
9341,1772354,-1,10,1,-1,-1,-1,-1,-1,-1,4,1,4,-1,-1,-1,-1,,,,,
9342,1772381,-1,26,1,-1,-1,-1,-1,-1,-1,39,2,56,-1,-1,-1,-1,,,,,
9343,1772431,-1,316,1,-1,-1,-1,-1,-1,-1,39,2,9,-1,-1,-1,-1,,,,,
9345,1772785,-1,20,1,-1,-1,-1,-1,-1,-1,39,2,9,-1,-1,-1,-1,,,,,
9346,1772835,-1,688,1,-1,-1,-1,-1,-1,-1,44,1,260,-1,-1,-1,-1,,,,,
9347,1772853,-1,23,1,-1,-1,-1,-1,-1,-1,39,2,56,-1,-1,-1,-1,,,,,
9348,1772885,-1,11,1,-1,-1,-1,-1,-1,-1,4,1,4,-1,-1,-1,-1,,,,,
9349,1772886,-1,2341,16,-1,-1,-1,-1,-1,-1,39,2,158,-1,-1,-1,-1,,,,,
9350,1773086,-1,3403,32,-1,-1,-1,-1,-1,-1,4,1,3,-1,-1,-1,-1,,,,,
9351,1773173,-1,28,1,-1,-1,-1,-1,-1,-1,45,1,262,-1,-1,-1,-1,,,,,
9353,1773295,-1,143,1,-1,-1,-1,-1,-1,-1,45,1,262,-1,-1,-1,-1,,,,,
9354,1773553,-1,43,1,-1,-1,-1,-1,-1,-1,44,1,260,-1,-1,-1,-1,,,,,
9356,1773595,-1,350,8,-1,-1,-1,-1,-1,-1,45,1,262,-1,-1,-1,-1,,,,,
9357,1773631,-1,53,1,-1,-1,-1,-1,-1,-1,13,1,36,-1,-1,-1,-1,,,,,
9359,1773715,-1,18,1,-1,-1,-1,-1,-1,-1,4,1,4,-1,-1,-1,-1,,,,,
9361,1773818,-1,42,1,-1,-1,-1,-1,-1,-1,13,1,36,-1,-1,-1,-1,,,,,
9363,1774230,-1,957,4,-1,-1,-1,-1,-1,-1,38,2,71,-1,-1,-1,-1,,,,,
9364,1774275,-1,34,1,-1,-1,-1,-1,-1,-1,44,1,260,-1,-1,-1,-1,,,,,
9366,1774732,-1,1241,8,-1,-1,-1,-1,-1,-1,22,1,141,-1,-1,-1,-1,,,,,
9368,1774953,-1,26,1,-1,-1,-1,-1,-1,-1,44,1,260,-1,-1,-1,-1,,,,,
9369,1775213,-1,34,1,-1,-1,-1,-1,-1,-1,44,1,260,-1,-1,-1,-1,,,,,
9371,1775412,-1,134,1,-1,-1,-1,-1,-1,-1,3,2,9,-1,-1,-1,-1,,,,,
9372,1775489,-1,4362,16,-1,-1,-1,-1,-1,-1,39,2,158,-1,-1,-1,-1,,,,,
9373,1775505,-1,3153,32,-1,-1,-1,-1,-1,-1,1,1,-1,-1,-1,-1,-1,,,,,
9374,1775533,-1,10,1,-1,-1,-1,-1,-1,-1,12,2,1,-1,-1,-1,-1,,,,,
9376,1775617,-1,25,1,-1,-1,-1,-1,-1,-1,12,2,1,-1,-1,-1,-1,,,,,
9377,1775661,-1,4149,4,-1,-1,-1,-1,-1,-1,38,2,71,-1,-1,-1,-1,,,,,
9378,1775665,-1,38,1,-1,-1,-1,-1,-1,-1,12,2,1,-1,-1,-1,-1,,,,,
9382,1775949,-1,40,1,-1,-1,-1,-1,-1,-1,13,1,36,-1,-1,-1,-1,,,,,
9383,1776175,-1,3731,16,-1,-1,-1,-1,-1,-1,28,1,-1,-1,-1,-1,-1,,,,,
9385,1776493,-1,9,1,-1,-1,-1,-1,-1,-1,4,1,4,-1,-1,-1,-1,,,,,
9386,1776709,-1,3049,32,-1,-1,-1,-1,-1,-1,4,1,3,-1,-1,-1,-1,,,,,
9394,1777933,-1,8,1,-1,-1,-1,-1,-1,-1,4,1,4,-1,-1,-1,-1,,,,,
9396,1778465,-1,12,1,-1,-1,-1,-1,-1,-1,4,1,4,-1,-1,-1,-1,,,,,
9402,1778971,-1,8,1,-1,-1,-1,-1,-1,-1,4,1,4,-1,-1,-1,-1,,,,,
9403,1779182,-1,6,1,-1,-1,-1,-1,-1,-1,4,1,4,-1,-1,-1,-1,,,,,
9404,1779265,-1,57,1,-1,-1,-1,-1,-1,-1,22,1,243,-1,-1,-1,-1,,,,,
9405,1779350,-1,75,2,-1,-1,-1,-1,-1,-1,22,1,243,-1,-1,-1,-1,,,,,
9407,1779437,-1,55,4,-1,-1,-1,-1,-1,-1,22,1,243,-1,-1,-1,-1,,,,,
9408,1779504,-1,59,8,-1,-1,-1,-1,-1,-1,22,1,243,-1,-1,-1,-1,,,,,
9409,1779574,-1,95,16,-1,-1,-1,-1,-1,-1,22,1,243,-1,-1,-1,-1,,,,,
9410,1779680,-1,21,32,-1,-1,-1,-1,-1,-1,22,1,243,-1,-1,-1,-1,,,,,
9411,1779749,-1,2541,32,-1,-1,-1,-1,-1,-1,1,1,-1,-1,-1,-1,-1,,,,,
9412,1779762,-1,13,1,-1,-1,-1,-1,-1,-1,4,1,4,-1,-1,-1,-1,,,,,
9413,1779918,-1,439,16,-1,-1,-1,-1,-1,-1,39,2,158,-1,-1,-1,-1,,,,,
9415,1779952,-1,1152,8,-1,-1,-1,-1,-1,-1,22,1,141,-1,-1,-1,-1,,,,,
9416,1780169,-1,325,64,-1,-1,-1,-1,-1,-1,4,1,3,-1,-1,-1,-1,,,,,
9419,1780366,-1,213,1,-1,-1,-1,-1,-1,-1,37,1,9,-1,-1,-1,-1,,,,,
9424,1780618,-1,1125,64,-1,-1,-1,-1,-1,-1,4,1,3,-1,-1,-1,-1,,,,,
9427,1780942,-1,852,16,-1,-1,-1,-1,-1,-1,39,2,158,-1,-1,-1,-1,,,,,
9428,1781003,-1,13,1,-1,-1,-1,-1,-1,-1,4,1,4,-1,-1,-1,-1,,,,,
9429,1781118,-1,69,1,-1,-1,-1,-1,-1,-1,22,1,243,-1,-1,-1,-1,,,,,
9430,1781203,-1,661,16,-1,-1,-1,-1,-1,-1,22,1,141,-1,-1,-1,-1,,,,,
9431,1781749,-1,24,1,-1,-1,-1,-1,-1,-1,4,1,4,-1,-1,-1,-1,,,,,
9432,1781830,-1,66,1,-1,-1,-1,-1,-1,-1,15,1,12,-1,-1,-1,-1,,,,,
9433,1781841,-1,1206,64,-1,-1,-1,-1,-1,-1,4,1,3,-1,-1,-1,-1,,,,,
9434,1781856,-1,87,1,-1,-1,-1,-1,-1,-1,15,1,9,-1,-1,-1,-1,,,,,
9435,1781889,-1,190,1,-1,-1,-1,-1,-1,-1,22,1,243,-1,-1,-1,-1,,,,,
9436,1781970,-1,28,1,-1,-1,-1,-1,-1,-1,15,1,12,-1,-1,-1,-1,,,,,
9437,1781979,-1,24,16,-1,-1,-1,-1,-1,-1,22,1,141,-1,-1,-1,-1,,,,,
9439,1782075,-1,1090,16,-1,-1,-1,-1,-1,-1,22,1,141,-1,-1,-1,-1,,,,,
9440,1782445,-1,14,1,-1,-1,-1,-1,-1,-1,4,1,4,-1,-1,-1,-1,,,,,
9442,1782520,-1,164,1,-1,-1,-1,-1,-1,-1,22,1,243,-1,-1,-1,-1,,,,,
9445,1782690,-1,19,1,-1,-1,-1,-1,-1,-1,4,1,4,-1,-1,-1,-1,,,,,
9447,1782872,-1,268,2,-1,-1,-1,-1,-1,-1,22,1,243,-1,-1,-1,-1,,,,,
9448,1783003,-1,490,32,-1,-1,-1,-1,-1,-1,17,1,263,-1,-1,-1,-1,,,,,
9449,1783052,-1,14,1,-1,-1,-1,-1,-1,-1,4,1,4,-1,-1,-1,-1,,,,,
9450,1783114,-1,2400,32,-1,-1,-1,-1,-1,-1,1,1,-1,-1,-1,-1,-1,,,,,
9451,1783167,-1,24,1,-1,-1,-1,-1,-1,-1,4,1,4,-1,-1,-1,-1,,,,,
9452,1783219,-1,1140,32,-1,-1,-1,-1,-1,-1,22,1,141,-1,-1,-1,-1,,,,,
9454,1783364,-1,27,1,-1,-1,-1,-1,-1,-1,22,1,261,-1,-1,-1,-1,,,,,
9455,1783373,-1,47,1,-1,-1,-1,-1,-1,-1,4,1,4,-1,-1,-1,-1,,,,,
9456,1783427,-1,61,4,-1,-1,-1,-1,-1,-1,22,1,261,-1,-1,-1,-1,,,,,
9457,1783505,-1,63,8,-1,-1,-1,-1,-1,-1,22,1,261,-1,-1,-1,-1,,,,,
9458,1783571,-1,521,32,-1,-1,-1,-1,-1,-1,4,1,3,-1,-1,-1,-1,,,,,
9459,1783585,-1,37,16,-1,-1,-1,-1,-1,-1,22,1,261,-1,-1,-1,-1,,,,,
9461,1784164,-1,224,32,-1,-1,-1,-1,-1,-1,12,2,14,-1,-1,-1,-1,,,,,
9462,1784176,-1,131,32,-1,-1,-1,-1,-1,-1,4,1,3,-1,-1,-1,-1,,,,,
9464,1784500,-1,475,32,-1,-1,-1,-1,-1,-1,4,1,3,-1,-1,-1,-1,,,,,
9465,1784707,-1,218,32,-1,-1,-1,-1,-1,-1,12,2,14,-1,-1,-1,-1,,,,,
9467,1784879,-1,55,1,-1,-1,-1,-1,-1,-1,22,1,261,-1,-1,-1,-1,,,,,
9468,1784952,-1,57,2,-1,-1,-1,-1,-1,-1,22,1,261,-1,-1,-1,-1,,,,,
9469,1784979,-1,21,1,-1,-1,-1,-1,-1,-1,4,1,4,-1,-1,-1,-1,,,,,
9470,1785018,-1,50,4,-1,-1,-1,-1,-1,-1,22,1,261,-1,-1,-1,-1,,,,,
9471,1785076,-1,711,8,-1,-1,-1,-1,-1,-1,22,1,261,-1,-1,-1,-1,,,,,
9472,1785188,-1,386,32,-1,-1,-1,-1,-1,-1,4,1,3,-1,-1,-1,-1,,,,,
9473,1785264,-1,126,2,-1,-1,-1,-1,-1,-1,22,1,243,-1,-1,-1,-1,,,,,
9474,1785267,-1,473,1,-1,-1,-1,-1,-1,-1,44,1,260,-1,-1,-1,-1,,,,,
9476,1785505,-1,263,2,-1,-1,-1,-1,-1,-1,22,1,243,-1,-1,-1,-1,,,,,
9477,1785660,-1,1191,64,-1,-1,-1,-1,-1,-1,4,1,3,-1,-1,-1,-1,,,,,
9478,1785675,-1,119,16,-1,-1,-1,-1,-1,-1,39,2,158,-1,-1,-1,-1,,,,,
9480,1785797,-1,36,1,-1,-1,-1,-1,-1,-1,44,1,260,-1,-1,-1,-1,,,,,
9482,1786304,-1,1101,4,-1,-1,-1,-1,-1,-1,22,1,141,-1,-1,-1,-1,,,,,
9483,1786394,-1,17,1,-1,-1,-1,-1,-1,-1,44,1,260,-1,-1,-1,-1,,,,,
9484,1786446,-1,77,2,-1,-1,-1,-1,-1,-1,22,1,243,-1,-1,-1,-1,,,,,
9485,1786464,-1,30,1,-1,-1,-1,-1,-1,-1,4,1,4,-1,-1,-1,-1,,,,,
9486,1786487,-1,39,1,-1,-1,-1,-1,-1,-1,44,1,260,-1,-1,-1,-1,,,,,
9487,1786513,-1,23,1,-1,-1,-1,-1,-1,-1,4,1,4,-1,-1,-1,-1,,,,,
9488,1786575,-1,49,4,-1,-1,-1,-1,-1,-1,22,1,243,-1,-1,-1,-1,,,,,
9489,1786707,-1,72,8,-1,-1,-1,-1,-1,-1,22,1,243,-1,-1,-1,-1,,,,,
9490,1786746,-1,27,1,-1,-1,-1,-1,-1,-1,15,1,12,-1,-1,-1,-1,,,,,
9491,1786820,-1,95,16,-1,-1,-1,-1,-1,-1,22,1,243,-1,-1,-1,-1,,,,,
9492,1786854,-1,17,1,-1,-1,-1,-1,-1,-1,4,1,4,-1,-1,-1,-1,,,,,
9493,1786947,-1,157,32,-1,-1,-1,-1,-1,-1,22,1,243,-1,-1,-1,-1,,,,,
9494,1786965,-1,2551,32,-1,-1,-1,-1,-1,-1,1,1,-1,-1,-1,-1,-1,,,,,
9495,1787036,-1,27,1,-1,-1,-1,-1,-1,-1,4,1,4,-1,-1,-1,-1,,,,,
9496,1787073,-1,1096,4,-1,-1,-1,-1,-1,-1,15,1,19,-1,-1,-1,-1,,,,,
9497,1787095,-1,1074,2,-1,-1,-1,-1,-1,-1,15,1,20,-1,-1,-1,-1,,,,,
9498,1787118,-1,213,64,-1,-1,-1,-1,-1,-1,22,1,243,-1,-1,-1,-1,,,,,
9499,1787254,-1,6,1,-1,-1,-1,-1,-1,-1,44,1,260,-1,-1,-1,-1,,,,,
9500,1787357,-1,22,1,-1,-1,-1,-1,-1,-1,44,1,253,-1,-1,-1,-1,,,,,
9501,1787407,-1,284,64,-1,-1,-1,-1,-1,-1,4,1,3,-1,-1,-1,-1,,,,,
9502,1787438,-1,24,1,-1,-1,-1,-1,-1,-1,44,1,253,-1,-1,-1,-1,,,,,
9503,1787616,-1,473,1,-1,-1,-1,-1,-1,-1,44,1,253,-1,-1,-1,-1,,,,,
9504,1787631,-1,492,16,-1,-1,-1,-1,-1,-1,22,1,264,-1,-1,-1,-1,,,,,
9505,1787782,-1,1130,64,-1,-1,-1,-1,-1,-1,4,1,3,-1,-1,-1,-1,,,,,
9506,1788010,-1,147,1,-1,-1,-1,-1,-1,-1,15,1,9,-1,-1,-1,-1,,,,,
9507,1788155,-1,21,1,-1,-1,-1,-1,-1,-1,12,2,1,-1,-1,-1,-1,,,,,
9508,1788160,-1,24,1,-1,-1,-1,-1,-1,-1,44,1,260,-1,-1,-1,-1,,,,,
9509,1788195,-1,23,1,-1,-1,-1,-1,-1,-1,12,2,1,-1,-1,-1,-1,,,,,
9510,1788200,-1,56,1,-1,-1,-1,-1,-1,-1,15,1,12,-1,-1,-1,-1,,,,,
9511,1788231,-1,31,1,-1,-1,-1,-1,-1,-1,22,1,156,-1,-1,-1,-1,,,,,
9512,1788397,-1,30,1,-1,-1,-1,-1,-1,-1,15,1,12,-1,-1,-1,-1,,,,,
9513,1788414,-1,23,1,-1,-1,-1,-1,-1,-1,4,1,4,-1,-1,-1,-1,,,,,
9514,1788454,-1,6,4,-1,-1,-1,-1,-1,-1,15,1,19,-1,-1,-1,-1,,,,,
9515,1788505,-1,205,4,-1,-1,-1,-1,-1,-1,15,1,19,-1,-1,-1,-1,,,,,
9516,1788527,-1,184,2,-1,-1,-1,-1,-1,-1,15,1,20,-1,-1,-1,-1,,,,,
9517,1788534,-1,38,1,-1,-1,-1,-1,-1,-1,22,1,157,-1,-1,-1,-1,,,,,
9518,1788651,-1,37,2,-1,-1,-1,-1,-1,-1,22,1,157,-1,-1,-1,-1,,,,,
9519,1788734,-1,10,8,-1,-1,-1,-1,-1,-1,35,1,146,-1,-1,-1,-1,,,,,
9520,1788742,-1,16,1,-1,-1,-1,-1,-1,-1,4,1,4,-1,-1,-1,-1,,,,,
9521,1788748,-1,324,8,-1,-1,-1,-1,-1,-1,35,1,146,-1,-1,-1,-1,,,,,
9522,1788916,-1,13,1,-1,-1,-1,-1,-1,-1,4,1,4,-1,-1,-1,-1,,,,,
9523,1789330,-1,34,1,-1,-1,-1,-1,-1,-1,22,1,265,-1,-1,-1,-1,,,,,
9524,1789374,-1,37,2,-1,-1,-1,-1,-1,-1,22,1,265,-1,-1,-1,-1,,,,,
9525,1789420,-1,42,4,-1,-1,-1,-1,-1,-1,22,1,265,-1,-1,-1,-1,,,,,
9526,1789471,-1,46,8,-1,-1,-1,-1,-1,-1,22,1,265,-1,-1,-1,-1,,,,,
9527,1789527,-1,56,16,-1,-1,-1,-1,-1,-1,22,1,265,-1,-1,-1,-1,,,,,
9528,1789591,-1,88,32,-1,-1,-1,-1,-1,-1,22,1,265,-1,-1,-1,-1,,,,,
9529,1789716,-1,45,32,-1,-1,-1,-1,-1,-1,43,1,221,-1,-1,-1,-1,,,,,
9530,1789718,-1,44,1,-1,-1,-1,-1,-1,-1,43,1,222,-1,-1,-1,-1,,,,,
9531,1789719,-1,39,4,-1,-1,-1,-1,-1,-1,43,1,223,-1,-1,-1,-1,,,,,
9532,1789721,-1,38,1,-1,-1,-1,-1,-1,-1,43,1,224,-1,-1,-1,-1,,,,,
9533,1789723,-1,36,1,-1,-1,-1,-1,-1,-1,43,1,225,-1,-1,-1,-1,,,,,
9534,1789725,-1,34,1,-1,-1,-1,-1,-1,-1,43,1,226,-1,-1,-1,-1,,,,,
9535,1789728,-1,32,4,-1,-1,-1,-1,-1,-1,43,1,266,-1,-1,-1,-1,,,,,
9536,1789730,-1,30,64,-1,-1,-1,-1,-1,-1,43,1,267,-1,-1,-1,-1,,,,,
9537,1789732,-1,29,8,-1,-1,-1,-1,-1,-1,43,1,268,-1,-1,-1,-1,,,,,
9538,1789810,-1,2511,32,-1,-1,-1,-1,-1,-1,1,1,-1,-1,-1,-1,-1,,,,,
9539,1789823,-1,2507,32,-1,-1,-1,-1,-1,-1,1,1,-1,-1,-1,-1,-1,,,,,
9540,1790477,-1,79,32,-1,-1,-1,-1,-1,-1,35,1,269,-1,-1,-1,-1,,,,,
9541,1790484,-1,65,1,-1,-1,-1,-1,-1,-1,13,1,36,-1,-1,-1,-1,,,,,
9542,1790550,-1,292,32,-1,-1,-1,-1,-1,-1,35,1,163,-1,-1,-1,-1,,,,,
9543,1790558,-1,447,32,-1,-1,-1,-1,-1,-1,35,1,269,-1,-1,-1,-1,,,,,
9544,1791016,-1,126,32,-1,-1,-1,-1,-1,-1,43,1,221,-1,-1,-1,-1,,,,,
9545,1791019,-1,124,1,-1,-1,-1,-1,-1,-1,43,1,222,-1,-1,-1,-1,,,,,
9546,1791022,-1,121,4,-1,-1,-1,-1,-1,-1,43,1,223,-1,-1,-1,-1,,,,,
9547,1791024,-1,118,1,-1,-1,-1,-1,-1,-1,43,1,224,-1,-1,-1,-1,,,,,
9548,1791153,-1,33,1,-1,-1,-1,-1,-1,-1,13,1,36,-1,-1,-1,-1,,,,,
9549,1791172,-1,440,32,-1,-1,-1,-1,-1,-1,35,1,269,-1,-1,-1,-1,,,,,
9550,1791324,-1,2,32,-1,-1,-1,-1,-1,-1,43,1,221,-1,-1,-1,-1,,,,,
9551,1791349,-1,2,32,-1,-1,-1,-1,-1,-1,43,1,221,-1,-1,-1,-1,,,,,
9552,1791446,-1,0,32,-1,-1,-1,-1,-1,-1,35,1,163,-1,-1,-1,-1,,,,,
9553,1791449,-1,266,32,-1,-1,-1,-1,-1,-1,35,1,163,-1,-1,-1,-1,,,,,
9554,1791638,-1,33,1,-1,-1,-1,-1,-1,-1,13,1,36,-1,-1,-1,-1,,,,,
9555,1792086,-1,13,32,-1,-1,-1,-1,-1,-1,43,1,221,-1,-1,-1,-1,,,,,
9556,1792089,-1,10,1,-1,-1,-1,-1,-1,-1,43,1,222,-1,-1,-1,-1,,,,,
9557,1792091,-1,9,4,-1,-1,-1,-1,-1,-1,43,1,223,-1,-1,-1,-1,,,,,
9558,1792095,-1,5,1,-1,-1,-1,-1,-1,-1,43,1,224,-1,-1,-1,-1,,,,,
9559,1792106,-1,41,1,-1,-1,-1,-1,-1,-1,13,1,36,-1,-1,-1,-1,,,,,
9560,1792116,-1,10,32,-1,-1,-1,-1,-1,-1,43,1,221,-1,-1,-1,-1,,,,,
9561,1792118,-1,7,1,-1,-1,-1,-1,-1,-1,43,1,222,-1,-1,-1,-1,,,,,
9562,1792120,-1,5,4,-1,-1,-1,-1,-1,-1,43,1,223,-1,-1,-1,-1,,,,,
9563,1792122,-1,3,1,-1,-1,-1,-1,-1,-1,43,1,224,-1,-1,-1,-1,,,,,
9564,1792161,-1,38,1,-1,-1,-1,-1,-1,-1,13,1,36,-1,-1,-1,-1,,,,,
9565,1792284,-1,15,32,-1,-1,-1,-1,-1,-1,43,1,221,-1,-1,-1,-1,,,,,
9566,1792291,-1,8,1,-1,-1,-1,-1,-1,-1,43,1,222,-1,-1,-1,-1,,,,,
9567,1792293,-1,7,4,-1,-1,-1,-1,-1,-1,43,1,223,-1,-1,-1,-1,,,,,
9568,1792295,-1,3,1,-1,-1,-1,-1,-1,-1,43,1,224,-1,-1,-1,-1,,,,,
9569,1792402,-1,44,128,-1,-1,-1,-1,-1,-1,35,1,146,-1,-1,-1,-1,,,,,
9570,1792453,-1,169,128,-1,-1,-1,-1,-1,-1,35,1,146,-1,-1,-1,-1,,,,,
9571,1792624,-1,180,128,-1,-1,-1,-1,-1,-1,35,1,146,-1,-1,-1,-1,,,,,
9572,1792807,-1,174,128,-1,-1,-1,-1,-1,-1,35,1,146,-1,-1,-1,-1,,,,,
9573,1792983,-1,202,128,-1,-1,-1,-1,-1,-1,35,1,146,-1,-1,-1,-1,,,,,
9574,1793187,-1,208,128,-1,-1,-1,-1,-1,-1,35,1,146,-1,-1,-1,-1,,,,,
9575,1793397,-1,200,128,-1,-1,-1,-1,-1,-1,35,1,146,-1,-1,-1,-1,,,,,
9576,1793599,-1,198,128,-1,-1,-1,-1,-1,-1,35,1,146,-1,-1,-1,-1,,,,,
9577,1793799,-1,114,128,-1,-1,-1,-1,-1,-1,35,1,146,-1,-1,-1,-1,,,,,
9578,1793915,-1,199,128,-1,-1,-1,-1,-1,-1,35,1,146,-1,-1,-1,-1,,,,,
9579,1794116,-1,174,128,-1,-1,-1,-1,-1,-1,35,1,146,-1,-1,-1,-1,,,,,
9580,1794292,-1,205,128,-1,-1,-1,-1,-1,-1,35,1,146,-1,-1,-1,-1,,,,,
9581,1794500,-1,56,128,-1,-1,-1,-1,-1,-1,35,1,255,-1,-1,-1,-1,,,,,
9582,1794558,-1,47,128,-1,-1,-1,-1,-1,-1,35,1,255,-1,-1,-1,-1,,,,,
9583,1794608,-1,56,128,-1,-1,-1,-1,-1,-1,35,1,255,-1,-1,-1,-1,,,,,
9584,1794666,-1,50,128,-1,-1,-1,-1,-1,-1,35,1,255,-1,-1,-1,-1,,,,,
9585,1794719,-1,41,128,-1,-1,-1,-1,-1,-1,35,1,146,-1,-1,-1,-1,,,,,
9586,1794762,-1,583,128,-1,-1,-1,-1,-1,-1,35,1,165,-1,-1,-1,-1,,,,,
9587,1795348,-1,221,128,-1,-1,-1,-1,-1,-1,35,1,35,-1,-1,-1,-1,,,,,
9588,1795572,-1,94,128,-1,-1,-1,-1,-1,-1,35,1,35,-1,-1,-1,-1,,,,,
9589,1795681,-1,7,4,-1,-1,-1,-1,-1,-1,5,2,11,-1,-1,-1,-1,,,,,
9590,1795703,-1,300,4,-1,-1,-1,-1,-1,-1,5,2,167,-1,-1,-1,-1,,,,,
9591,1795862,-1,5,1,-1,-1,-1,-1,-1,-1,5,2,9,-1,-1,-1,-1,,,,,
9593,1795916,-1,6,1,-1,-1,-1,-1,-1,-1,5,2,9,-1,-1,-1,-1,,,,,
9595,1796070,-1,47,128,-1,-1,-1,-1,-1,-1,3,2,1,-1,-1,-1,-1,,,,,
9596,1796128,-1,56,4,-1,-1,-1,-1,-1,-1,5,2,167,-1,-1,-1,-1,,,,,
9597,1796226,-1,6,1,-1,-1,-1,-1,-1,-1,5,2,12,-1,-1,-1,-1,,,,,
9598,1798149,-1,2514,32,-1,-1,-1,-1,-1,-1,1,1,-1,-1,-1,-1,-1,,,,,
9599,1798150,-1,2338,32,-1,-1,-1,-1,-1,-1,1,1,-1,-1,-1,-1,-1,,,,,
9600,1799900,-1,443,1,-1,-1,-1,-1,-1,-1,44,1,253,-1,-1,-1,-1,,,,,
9601,1800017,-1,10929,16,-1,-1,-1,-1,-1,-1,28,1,-1,-1,-1,-1,-1,,,,,
9602,1800376,-1,27,1,-1,-1,-1,-1,-1,-1,44,1,260,-1,-1,-1,-1,,,,,
9603,1800494,-1,9,64,-1,-1,-1,-1,-1,-1,35,1,-1,-1,-1,-1,-1,,,,,
9604,1800507,-1,4735,64,-1,-1,-1,-1,-1,-1,18,1,-1,-1,-1,-1,-1,,,,,
9605,1800620,-1,67,4,-1,-1,-1,-1,-1,-1,5,2,11,-1,-1,-1,-1,,,,,
9606,1800764,-1,6,1,-1,-1,-1,-1,-1,-1,5,2,12,-1,-1,-1,-1,,,,,
9607,1800907,-1,29,1,-1,-1,-1,-1,-1,-1,44,1,260,-1,-1,-1,-1,,,,,
9608,1802194,-1,69,4,-1,-1,-1,-1,-1,-1,5,2,11,-1,-1,-1,-1,,,,,
9609,1802265,-1,278,32,-1,-1,-1,-1,-1,-1,35,1,35,-1,-1,-1,-1,,,,,
9610,1802299,-1,4,1,-1,-1,-1,-1,-1,-1,5,2,9,-1,-1,-1,-1,,,,,
9611,1802322,-1,5,1,-1,-1,-1,-1,-1,-1,5,2,12,-1,-1,-1,-1,,,,,
9612,1806286,-1,3723,16,-1,-1,-1,-1,-1,-1,28,1,-1,-1,-1,-1,-1,,,,,
9613,1806423,-1,29,64,-1,-1,-1,-1,-1,-1,35,1,146,-1,-1,-1,-1,,,,,
9614,1806478,-1,24,64,-1,-1,-1,-1,-1,-1,35,1,146,-1,-1,-1,-1,,,,,
9615,1806507,-1,171,64,-1,-1,-1,-1,-1,-1,35,1,146,-1,-1,-1,-1,,,,,
9616,1806680,-1,170,64,-1,-1,-1,-1,-1,-1,35,1,146,-1,-1,-1,-1,,,,,
9617,1806852,-1,176,64,-1,-1,-1,-1,-1,-1,35,1,146,-1,-1,-1,-1,,,,,
9618,1807030,-1,181,64,-1,-1,-1,-1,-1,-1,35,1,146,-1,-1,-1,-1,,,,,
9619,1807213,-1,186,64,-1,-1,-1,-1,-1,-1,35,1,146,-1,-1,-1,-1,,,,,
9620,1807401,-1,192,64,-1,-1,-1,-1,-1,-1,35,1,146,-1,-1,-1,-1,,,,,
9621,1807595,-1,214,64,-1,-1,-1,-1,-1,-1,35,1,146,-1,-1,-1,-1,,,,,
9622,1810952,-1,8801,128,-1,-1,-1,-1,-1,-1,1,1,-1,-1,-1,-1,-1,,,,,
9623,1819757,-1,9773,128,-1,-1,-1,-1,-1,-1,2,1,-1,-1,-1,-1,-1,,,,,
9624,1829535,-1,18,128,-1,-1,-1,-1,-1,-1,35,1,-1,-1,-1,-1,-1,,,,,
9625,1829557,-1,13,128,-1,-1,-1,-1,-1,-1,35,1,-1,-1,-1,-1,-1,,,,,
9626,1829574,-1,22,128,-1,-1,-1,-1,-1,-1,35,1,-1,-1,-1,-1,-1,,,,,
9627,1829600,-1,13,128,-1,-1,-1,-1,-1,-1,35,1,-1,-1,-1,-1,-1,,,,,
9628,1829617,-1,3725,128,-1,-1,-1,-1,-1,-1,17,1,-1,-1,-1,-1,-1,,,,,
9643,1834828,-1,3723,16,-1,-1,-1,-1,-1,-1,28,1,-1,-1,-1,-1,-1,,,,,
9644,1834850,-1,1325,16,-1,-1,-1,-1,-1,-1,28,1,-1,-1,-1,-1,-1,,,,,
9647,1835252,-1,147,8,-1,-1,-1,-1,-1,-1,28,1,67,-1,-1,-1,-1,,,,,
9648,1835407,-1,61,8,-1,-1,-1,-1,-1,-1,28,1,67,-1,-1,-1,-1,,,,,
9649,1835472,-1,138,8,-1,-1,-1,-1,-1,-1,28,1,67,-1,-1,-1,-1,,,,,
9650,1835617,-1,14,8,-1,-1,-1,-1,-1,-1,28,1,67,-1,-1,-1,-1,,,,,
9651,1835649,-1,129,8,-1,-1,-1,-1,-1,-1,28,1,67,-1,-1,-1,-1,,,,,
9654,1835790,-1,106,8,-1,-1,-1,-1,-1,-1,28,1,67,-1,-1,-1,-1,,,,,
9655,1835916,-1,127,8,-1,-1,-1,-1,-1,-1,28,1,67,-1,-1,-1,-1,,,,,
9657,1836085,-1,127,8,-1,-1,-1,-1,-1,-1,28,1,67,-1,-1,-1,-1,,,,,
9663,1836259,-1,105,8,-1,-1,-1,-1,-1,-1,28,1,67,-1,-1,-1,-1,,,,,
9667,1836378,-1,107,8,-1,-1,-1,-1,-1,-1,28,1,67,-1,-1,-1,-1,,,,,
9679,1838726,-1,11,32,-1,-1,-1,-1,-1,-1,3,2,1,-1,-1,-1,-1,,,,,
9701,1844255,-1,89,128,-1,-1,-1,-1,-1,-1,35,1,146,-1,-1,-1,-1,,,,,
9702,1844349,-1,42,128,-1,-1,-1,-1,-1,-1,35,1,35,-1,-1,-1,-1,,,,,
9703,1844434,-1,180,128,-1,-1,-1,-1,-1,-1,35,1,35,-1,-1,-1,-1,,,,,
9704,1844616,-1,205,128,-1,-1,-1,-1,-1,-1,35,1,146,-1,-1,-1,-1,,,,,
9705,1844897,-1,12,64,-1,-1,-1,-1,-1,-1,4,1,3,-1,-1,-1,-1,,,,,
9706,1844914,-1,1662,64,-1,-1,-1,-1,-1,-1,4,1,3,-1,-1,-1,-1,,,,,
9707,1845051,-1,201,64,-1,-1,-1,-1,-1,-1,35,1,146,-1,-1,-1,-1,,,,,
9708,1845274,-1,219,64,-1,-1,-1,-1,-1,-1,35,1,146,-1,-1,-1,-1,,,,,
9709,1845495,-1,181,64,-1,-1,-1,-1,-1,-1,35,1,146,-1,-1,-1,-1,,,,,
9710,1845678,-1,209,64,-1,-1,-1,-1,-1,-1,35,1,146,-1,-1,-1,-1,,,,,
9711,1845889,-1,212,64,-1,-1,-1,-1,-1,-1,35,1,146,-1,-1,-1,-1,,,,,
9712,1846103,-1,208,64,-1,-1,-1,-1,-1,-1,35,1,146,-1,-1,-1,-1,,,,,
9713,1846313,-1,211,64,-1,-1,-1,-1,-1,-1,35,1,146,-1,-1,-1,-1,,,,,
9714,1846526,-1,219,64,-1,-1,-1,-1,-1,-1,35,1,146,-1,-1,-1,-1,,,,,
9715,1846582,-1,16,32,-1,-1,-1,-1,-1,-1,43,1,221,-1,-1,-1,-1,,,,,
9716,1846590,-1,9,1,-1,-1,-1,-1,-1,-1,43,1,222,-1,-1,-1,-1,,,,,
9717,1846592,-1,7,4,-1,-1,-1,-1,-1,-1,43,1,223,-1,-1,-1,-1,,,,,
9718,1846595,-1,5,1,-1,-1,-1,-1,-1,-1,43,1,224,-1,-1,-1,-1,,,,,
9719,1846747,-1,220,64,-1,-1,-1,-1,-1,-1,35,1,146,-1,-1,-1,-1,,,,,
9720,1846971,-1,243,64,-1,-1,-1,-1,-1,-1,35,1,146,-1,-1,-1,-1,,,,,
9721,1846974,-1,1262,1,-1,-1,-1,-1,-1,-1,22,1,265,-1,-1,-1,-1,,,,,
9722,1847103,-1,17,1,-1,-1,-1,-1,-1,-1,9,2,9,-1,-1,-1,-1,,,,,
9724,1847215,-1,181,64,-1,-1,-1,-1,-1,-1,35,1,146,-1,-1,-1,-1,,,,,
9725,1847404,-1,99,64,-1,-1,-1,-1,-1,-1,35,1,146,-1,-1,-1,-1,,,,,
9726,1847506,-1,8,64,-1,-1,-1,-1,-1,-1,35,1,146,-1,-1,-1,-1,,,,,
9727,1847521,-1,203,64,-1,-1,-1,-1,-1,-1,35,1,146,-1,-1,-1,-1,,,,,
9729,1847672,-1,12,1,-1,-1,-1,-1,-1,-1,4,1,4,-1,-1,-1,-1,,,,,
9730,1847737,-1,213,64,-1,-1,-1,-1,-1,-1,35,1,146,-1,-1,-1,-1,,,,,
9732,1848075,-1,2650,32,-1,-1,-1,-1,-1,-1,4,1,-1,-1,-1,-1,-1,,,,,
9740,1849933,-1,41,1,-1,-1,-1,-1,-1,-1,13,1,36,-1,-1,-1,-1,,,,,
9746,1850724,-1,2657,32,-1,-1,-1,-1,-1,-1,4,1,-1,-1,-1,-1,-1,,,,,
9748,1850921,-1,38,1,-1,-1,-1,-1,-1,-1,22,1,270,-1,-1,-1,-1,,,,,
9749,1851083,-1,15,32,-1,-1,-1,-1,-1,-1,43,1,221,-1,-1,-1,-1,,,,,
9750,1851085,-1,13,1,-1,-1,-1,-1,-1,-1,43,1,222,-1,-1,-1,-1,,,,,
9751,1851088,-1,11,4,-1,-1,-1,-1,-1,-1,43,1,223,-1,-1,-1,-1,,,,,
9752,1851090,-1,9,1,-1,-1,-1,-1,-1,-1,43,1,224,-1,-1,-1,-1,,,,,
9753,1851120,-1,75,2,-1,-1,-1,-1,-1,-1,22,1,270,-1,-1,-1,-1,,,,,
9754,1851154,-1,126,32,-1,-1,-1,-1,-1,-1,7,1,10,-1,-1,-1,-1,,,,,
9755,1851217,-1,63,16,-1,-1,-1,-1,-1,-1,7,1,18,-1,-1,-1,-1,,,,,
9756,1851257,-1,62,4,-1,-1,-1,-1,-1,-1,22,1,270,-1,-1,-1,-1,,,,,
9757,1851309,-1,340,32,-1,-1,-1,-1,-1,-1,7,1,10,-1,-1,-1,-1,,,,,
9758,1851366,-1,283,4,-1,-1,-1,-1,-1,-1,7,1,18,-1,-1,-1,-1,,,,,
9760,1851730,-1,76,4,-1,-1,-1,-1,-1,-1,22,1,271,-1,-1,-1,-1,,,,,
9765,1852065,-1,86,4,-1,-1,-1,-1,-1,-1,22,1,272,-1,-1,-1,-1,,,,,
9767,1852236,-1,336,4,-1,-1,-1,-1,-1,-1,5,2,11,-1,-1,-1,-1,,,,,
9768,1852268,-1,39,1,-1,-1,-1,-1,-1,-1,13,1,36,-1,-1,-1,-1,,,,,
9769,1852524,-1,90,4,-1,-1,-1,-1,-1,-1,22,1,273,-1,-1,-1,-1,,,,,
9771,1852724,-1,72,8,-1,-1,-1,-1,-1,-1,22,1,273,-1,-1,-1,-1,,,,,
9772,1852900,-1,83,16,-1,-1,-1,-1,-1,-1,22,1,273,-1,-1,-1,-1,,,,,
9773,1853055,-1,123,32,-1,-1,-1,-1,-1,-1,22,1,273,-1,-1,-1,-1,,,,,
9775,1853289,-1,56,2,-1,-1,-1,-1,-1,-1,22,1,273,-1,-1,-1,-1,,,,,
9776,1853381,-1,987,32,-1,-1,-1,-1,-1,-1,4,1,-1,-1,-1,-1,-1,,,,,
9777,1853416,-1,952,32,-1,-1,-1,-1,-1,-1,1,1,-1,-1,-1,-1,-1,,,,,
9783,1854235,-1,24,1,-1,-1,-1,-1,-1,-1,13,1,274,-1,-1,-1,-1,,,,,
9785,1854982,-1,2536,32,-1,-1,-1,-1,-1,-1,1,1,-1,-1,-1,-1,-1,,,,,
9786,1854983,-1,2723,32,-1,-1,-1,-1,-1,-1,4,1,-1,-1,-1,-1,-1,,,,,
9787,1855022,-1,22,1,-1,-1,-1,-1,-1,-1,43,1,9,-1,-1,-1,-1,,,,,
9788,1855023,-1,26,1,-1,-1,-1,-1,-1,-1,44,1,254,-1,-1,-1,-1,,,,,
9789,1855151,-1,21,1,-1,-1,-1,-1,-1,-1,44,1,254,-1,-1,-1,-1,,,,,
9790,1855195,-1,238,32,-1,-1,-1,-1,-1,-1,12,2,14,-1,-1,-1,-1,,,,,
9791,1855197,-1,38,1,-1,-1,-1,-1,-1,-1,13,1,274,-1,-1,-1,-1,,,,,
9794,1855331,-1,13,16,-1,-1,-1,-1,-1,-1,43,1,221,-1,-1,-1,-1,,,,,
9795,1855333,-1,12,1,-1,-1,-1,-1,-1,-1,43,1,222,-1,-1,-1,-1,,,,,
9796,1855335,-1,8,4,-1,-1,-1,-1,-1,-1,43,1,223,-1,-1,-1,-1,,,,,
9797,1855336,-1,8,1,-1,-1,-1,-1,-1,-1,43,1,224,-1,-1,-1,-1,,,,,
9799,1855397,-1,21,1,-1,-1,-1,-1,-1,-1,44,1,260,-1,-1,-1,-1,,,,,
9802,1855575,-1,231,32,-1,-1,-1,-1,-1,-1,12,2,14,-1,-1,-1,-1,,,,,
9803,1855587,-1,15,1,-1,-1,-1,-1,-1,-1,12,2,1,-1,-1,-1,-1,,,,,
9804,1855630,-1,39,1,-1,-1,-1,-1,-1,-1,44,1,260,-1,-1,-1,-1,,,,,
9805,1855642,-1,24,1,-1,-1,-1,-1,-1,-1,12,2,1,-1,-1,-1,-1,,,,,
9806,1855691,-1,17,1,-1,-1,-1,-1,-1,-1,12,2,1,-1,-1,-1,-1,,,,,
9807,1855720,-1,101,1,-1,-1,-1,-1,-1,-1,44,1,254,-1,-1,-1,-1,,,,,
9808,1855727,-1,41,1,-1,-1,-1,-1,-1,-1,12,2,1,-1,-1,-1,-1,,,,,
9809,1855751,-1,177,8,-1,-1,-1,-1,-1,-1,28,1,67,-1,-1,-1,-1,,,,,
9810,1855798,-1,25,1,-1,-1,-1,-1,-1,-1,12,2,1,-1,-1,-1,-1,,,,,
9811,1855836,-1,17,1,-1,-1,-1,-1,-1,-1,12,2,1,-1,-1,-1,-1,,,,,
9812,1855857,-1,18,16,-1,-1,-1,-1,-1,-1,43,1,221,-1,-1,-1,-1,,,,,
9813,1855863,-1,13,1,-1,-1,-1,-1,-1,-1,43,1,222,-1,-1,-1,-1,,,,,
9814,1855867,-1,9,4,-1,-1,-1,-1,-1,-1,43,1,223,-1,-1,-1,-1,,,,,
9815,1855871,-1,5,1,-1,-1,-1,-1,-1,-1,43,1,224,-1,-1,-1,-1,,,,,
9817,1856101,-1,28,1,-1,-1,-1,-1,-1,-1,13,1,274,-1,-1,-1,-1,,,,,
9818,1856250,-1,20,1,-1,-1,-1,-1,-1,-1,22,1,275,-1,-1,-1,-1,,,,,
9819,1856293,-1,21,2,-1,-1,-1,-1,-1,-1,22,1,275,-1,-1,-1,-1,,,,,
9820,1856323,-1,29,1,-1,-1,-1,-1,-1,-1,13,1,274,-1,-1,-1,-1,,,,,
9821,1856354,-1,22,4,-1,-1,-1,-1,-1,-1,22,1,275,-1,-1,-1,-1,,,,,
9823,1856599,-1,98,1,-1,-1,-1,-1,-1,-1,44,1,254,-1,-1,-1,-1,,,,,
9829,1857523,-1,2510,32,-1,-1,-1,-1,-1,-1,1,1,-1,-1,-1,-1,-1,,,,,
9830,1857632,-1,76,1,-1,-1,-1,-1,-1,-1,44,1,254,-1,-1,-1,-1,,,,,
9832,1857714,-1,2540,32,-1,-1,-1,-1,-1,-1,1,1,-1,-1,-1,-1,-1,,,,,
9833,1857716,-1,1975,4,-1,-1,-1,-1,-1,-1,38,2,71,-1,-1,-1,-1,,,,,
9841,1859709,-1,208,64,-1,-1,-1,-1,-1,-1,35,1,146,-1,-1,-1,-1,,,,,
9842,1860007,-1,209,64,-1,-1,-1,-1,-1,-1,35,1,146,-1,-1,-1,-1,,,,,
9843,1860038,-1,2665,32,-1,-1,-1,-1,-1,-1,4,1,-1,-1,-1,-1,-1,,,,,
9844,1860221,-1,225,64,-1,-1,-1,-1,-1,-1,35,1,146,-1,-1,-1,-1,,,,,
9845,1860278,-1,2523,32,-1,-1,-1,-1,-1,-1,1,1,-1,-1,-1,-1,-1,,,,,
9846,1860448,-1,193,64,-1,-1,-1,-1,-1,-1,35,1,146,-1,-1,-1,-1,,,,,
9847,1860662,-1,273,32,-1,-1,-1,-1,-1,-1,35,1,146,-1,-1,-1,-1,,,,,
9848,1860672,-1,24,1,-1,-1,-1,-1,-1,-1,44,1,9,-1,-1,-1,-1,,,,,
9849,1860700,-1,109,1,-1,-1,-1,-1,-1,-1,44,1,254,-1,-1,-1,-1,,,,,
9850,1860806,-1,11,16,-1,-1,-1,-1,-1,-1,43,1,221,-1,-1,-1,-1,,,,,
9851,1860809,-1,8,1,-1,-1,-1,-1,-1,-1,43,1,222,-1,-1,-1,-1,,,,,
9852,1860811,-1,5,4,-1,-1,-1,-1,-1,-1,43,1,223,-1,-1,-1,-1,,,,,
9853,1860813,-1,4,1,-1,-1,-1,-1,-1,-1,43,1,224,-1,-1,-1,-1,,,,,
9854,1860905,-1,13,16,-1,-1,-1,-1,-1,-1,43,1,221,-1,-1,-1,-1,,,,,
9855,1860909,-1,10,1,-1,-1,-1,-1,-1,-1,43,1,222,-1,-1,-1,-1,,,,,
9856,1860911,-1,8,4,-1,-1,-1,-1,-1,-1,43,1,223,-1,-1,-1,-1,,,,,
9857,1860912,-1,7,1,-1,-1,-1,-1,-1,-1,43,1,224,-1,-1,-1,-1,,,,,
9859,1860952,-1,291,32,-1,-1,-1,-1,-1,-1,35,1,146,-1,-1,-1,-1,,,,,
9860,1861133,-1,2,32,-1,-1,-1,-1,-1,-1,43,1,221,-1,-1,-1,-1,,,,,
9861,1861146,-1,2,32,-1,-1,-1,-1,-1,-1,43,1,221,-1,-1,-1,-1,,,,,
9862,1861173,-1,2,32,-1,-1,-1,-1,-1,-1,43,1,221,-1,-1,-1,-1,,,,,
9863,1861225,-1,10,16,-1,-1,-1,-1,-1,-1,43,1,221,-1,-1,-1,-1,,,,,
9864,1861227,-1,8,1,-1,-1,-1,-1,-1,-1,43,1,222,-1,-1,-1,-1,,,,,
9865,1861229,-1,5,4,-1,-1,-1,-1,-1,-1,43,1,223,-1,-1,-1,-1,,,,,
9866,1861230,-1,4,1,-1,-1,-1,-1,-1,-1,43,1,224,-1,-1,-1,-1,,,,,
9867,1861256,-1,488,16,-1,-1,-1,-1,-1,-1,35,1,146,-1,-1,-1,-1,,,,,
9868,1861283,-1,5,16,-1,-1,-1,-1,-1,-1,43,1,221,-1,-1,-1,-1,,,,,
9869,1861298,-1,3,32,-1,-1,-1,-1,-1,-1,43,1,221,-1,-1,-1,-1,,,,,
9871,1861647,-1,470,4,-1,-1,-1,-1,-1,-1,5,2,11,-1,-1,-1,-1,,,,,
9872,1861709,-1,384,8,-1,-1,-1,-1,-1,-1,5,2,11,-1,-1,-1,-1,,,,,
9873,1861761,-1,380,16,-1,-1,-1,-1,-1,-1,35,1,146,-1,-1,-1,-1,,,,,
9879,1862256,-1,3,1,-1,-1,-1,-1,-1,-1,5,2,12,-1,-1,-1,-1,,,,,
9880,1862322,-1,12,1,-1,-1,-1,-1,-1,-1,4,1,4,-1,-1,-1,-1,,,,,
9881,1862609,-1,56,1,-1,-1,-1,-1,-1,-1,5,2,12,-1,-1,-1,-1,,,,,
9883,1862713,-1,2646,32,-1,-1,-1,-1,-1,-1,4,1,-1,-1,-1,-1,-1,,,,,
9884,1863152,-1,161,64,-1,-1,-1,-1,-1,-1,12,2,14,-1,-1,-1,-1,,,,,
9886,1863331,-1,218,32,-1,-1,-1,-1,-1,-1,12,2,14,-1,-1,-1,-1,,,,,
9887,1863429,-1,84,4,-1,-1,-1,-1,-1,-1,7,1,71,-1,-1,-1,-1,,,,,
9888,1863483,-1,1034,4,-1,-1,-1,-1,-1,-1,5,2,11,-1,-1,-1,-1,,,,,
9889,1863495,-1,930,4,-1,-1,-1,-1,-1,-1,5,2,276,-1,-1,-1,-1,,,,,
9892,1863596,-1,10,1,-1,-1,-1,-1,-1,-1,5,2,56,-1,-1,-1,-1,,,,,
9895,1863737,-1,19,1,-1,-1,-1,-1,-1,-1,4,1,4,-1,-1,-1,-1,,,,,
9896,1863766,-1,2520,32,-1,-1,-1,-1,-1,-1,1,1,-1,-1,-1,-1,-1,,,,,
9898,1864216,-1,300,4,-1,-1,-1,-1,-1,-1,5,2,277,-1,-1,-1,-1,,,,,
9900,1864508,-1,25,1,-1,-1,-1,-1,-1,-1,4,1,4,-1,-1,-1,-1,,,,,
9901,1864569,-1,98,4,-1,-1,-1,-1,-1,-1,7,1,71,-1,-1,-1,-1,,,,,
9903,1864895,-1,114,4,-1,-1,-1,-1,-1,-1,7,1,71,-1,-1,-1,-1,,,,,
9904,1865036,-1,10,1,-1,-1,-1,-1,-1,-1,5,2,12,-1,-1,-1,-1,,,,,
9907,1865253,-1,51,1,-1,-1,-1,-1,-1,-1,7,1,71,-1,-1,-1,-1,,,,,
9909,1865365,-1,2698,32,-1,-1,-1,-1,-1,-1,4,1,-1,-1,-1,-1,-1,,,,,
9912,1865836,-1,58,1,-1,-1,-1,-1,-1,-1,7,1,71,-1,-1,-1,-1,,,,,
9914,1866150,-1,501,16,-1,-1,-1,-1,-1,-1,43,1,221,-1,-1,-1,-1,,,,,
9915,1866152,-1,499,1,-1,-1,-1,-1,-1,-1,43,1,222,-1,-1,-1,-1,,,,,
9916,1866153,-1,498,4,-1,-1,-1,-1,-1,-1,43,1,223,-1,-1,-1,-1,,,,,
9917,1866155,-1,497,1,-1,-1,-1,-1,-1,-1,43,1,224,-1,-1,-1,-1,,,,,
9918,1866249,-1,20,1,-1,-1,-1,-1,-1,-1,44,1,254,-1,-1,-1,-1,,,,,
9919,1866291,-1,2513,32,-1,-1,-1,-1,-1,-1,1,1,-1,-1,-1,-1,-1,,,,,
9920,1866386,-1,19,1,-1,-1,-1,-1,-1,-1,4,1,4,-1,-1,-1,-1,,,,,
9922,1866669,-1,79,16,-1,-1,-1,-1,-1,-1,43,1,221,-1,-1,-1,-1,,,,,
9923,1866672,-1,77,1,-1,-1,-1,-1,-1,-1,43,1,222,-1,-1,-1,-1,,,,,
9924,1866674,-1,75,4,-1,-1,-1,-1,-1,-1,43,1,223,-1,-1,-1,-1,,,,,
9925,1866677,-1,73,1,-1,-1,-1,-1,-1,-1,43,1,224,-1,-1,-1,-1,,,,,
9926,1866743,-1,1587,1,-1,-1,-1,-1,-1,-1,44,1,254,-1,-1,-1,-1,,,,,
9927,1866785,-1,106,32,-1,-1,-1,-1,-1,-1,43,1,221,-1,-1,-1,-1,,,,,
9928,1866788,-1,103,1,-1,-1,-1,-1,-1,-1,43,1,222,-1,-1,-1,-1,,,,,
9929,1866790,-1,102,4,-1,-1,-1,-1,-1,-1,43,1,223,-1,-1,-1,-1,,,,,
9930,1866792,-1,101,1,-1,-1,-1,-1,-1,-1,43,1,224,-1,-1,-1,-1,,,,,
9936,1867185,-1,16,1,-1,-1,-1,-1,-1,-1,4,1,4,-1,-1,-1,-1,,,,,
9938,1868074,-1,2720,32,-1,-1,-1,-1,-1,-1,4,1,-1,-1,-1,-1,-1,,,,,
9939,1868132,-1,453,32,-1,-1,-1,-1,-1,-1,35,1,278,-1,-1,-1,-1,,,,,
9941,1868350,-1,4,32,-1,-1,-1,-1,-1,-1,43,1,221,-1,-1,-1,-1,,,,,
9942,1868377,-1,2,32,-1,-1,-1,-1,-1,-1,43,1,221,-1,-1,-1,-1,,,,,
9944,1868685,-1,16,1,-1,-1,-1,-1,-1,-1,44,1,254,-1,-1,-1,-1,,,,,
9945,1868740,-1,161,1,-1,-1,-1,-1,-1,-1,44,1,254,-1,-1,-1,-1,,,,,
9947,1868810,-1,2344,32,-1,-1,-1,-1,-1,-1,1,1,-1,-1,-1,-1,-1,,,,,
9951,1869136,-1,91,1,-1,-1,-1,-1,-1,-1,44,1,254,-1,-1,-1,-1,,,,,
9952,1869537,-1,28,4,-1,-1,-1,-1,-1,-1,32,1,11,-1,-1,-1,-1,,,,,
9953,1869569,-1,6,4,-1,-1,-1,-1,-1,-1,32,1,11,-1,-1,-1,-1,,,,,
9954,1869615,-1,103,4,-1,-1,-1,-1,-1,-1,32,1,279,-1,-1,-1,-1,,,,,
9955,1869734,-1,58,4,-1,-1,-1,-1,-1,-1,32,1,279,-1,-1,-1,-1,,,,,
9956,1869803,-1,122,4,-1,-1,-1,-1,-1,-1,7,1,71,-1,-1,-1,-1,,,,,
9957,1869830,-1,120,32,-1,-1,-1,-1,-1,-1,32,1,279,-1,-1,-1,-1,,,,,
9958,1869985,-1,264,64,-1,-1,-1,-1,-1,-1,32,1,279,-1,-1,-1,-1,,,,,
9959,1870281,-1,56,4,-1,-1,-1,-1,-1,-1,32,1,280,-1,-1,-1,-1,,,,,
9960,1870316,-1,51,4,-1,-1,-1,-1,-1,-1,32,1,281,-1,-1,-1,-1,,,,,
9961,1870433,-1,14,4,-1,-1,-1,-1,-1,-1,7,1,71,-1,-1,-1,-1,,,,,
9962,1870508,-1,83,1,-1,-1,-1,-1,-1,-1,44,1,254,-1,-1,-1,-1,,,,,
9963,1870582,-1,8,1,-1,-1,-1,-1,-1,-1,4,1,2,-1,-1,-1,-1,,,,,
9964,1870627,-1,8,4,-1,-1,-1,-1,-1,-1,7,1,71,-1,-1,-1,-1,,,,,
9965,1870806,-1,2647,32,-1,-1,-1,-1,-1,-1,4,1,-1,-1,-1,-1,-1,,,,,
9966,1871028,-1,84,1,-1,-1,-1,-1,-1,-1,44,1,254,-1,-1,-1,-1,,,,,
9967,1871164,-1,2326,32,-1,-1,-1,-1,-1,-1,1,1,-1,-1,-1,-1,-1,,,,,
9968,1871445,-1,644,1,-1,-1,-1,-1,-1,-1,22,1,261,-1,-1,-1,-1,,,,,
9969,1872172,-1,77,1,-1,-1,-1,-1,-1,-1,44,1,254,-1,-1,-1,-1,,,,,
9970,1872678,-1,172,1,-1,-1,-1,-1,-1,-1,44,1,254,-1,-1,-1,-1,,,,,
9971,1872938,-1,64,1,-1,-1,-1,-1,-1,-1,44,1,254,-1,-1,-1,-1,,,,,
9972,1873458,-1,2643,32,-1,-1,-1,-1,-1,-1,4,1,-1,-1,-1,-1,-1,,,,,
9973,1873630,-1,1085,1,-1,-1,-1,-1,-1,-1,44,1,254,-1,-1,-1,-1,,,,,
9974,1873705,-1,4,1,-1,-1,-1,-1,-1,-1,2,1,9,-1,-1,-1,-1,,,,,
9975,1874738,-1,63,1,-1,-1,-1,-1,-1,-1,44,1,254,-1,-1,-1,-1,,,,,
9976,1874962,-1,62,1,-1,-1,-1,-1,-1,-1,44,1,254,-1,-1,-1,-1,,,,,
9977,1875504,-1,148,1,-1,-1,-1,-1,-1,-1,44,1,254,-1,-1,-1,-1,,,,,
9978,1876101,-1,1804,32,-1,-1,-1,-1,-1,-1,4,1,-1,-1,-1,-1,-1,,,,,
9979,1876190,-1,1118,1,-1,-1,-1,-1,-1,-1,44,1,254,-1,-1,-1,-1,,,,,
9980,1876866,-1,721,32,-1,-1,-1,-1,-1,-1,43,1,221,-1,-1,-1,-1,,,,,
9981,1876868,-1,720,1,-1,-1,-1,-1,-1,-1,43,1,222,-1,-1,-1,-1,,,,,
9982,1876871,-1,717,4,-1,-1,-1,-1,-1,-1,43,1,223,-1,-1,-1,-1,,,,,
9983,1876873,-1,716,1,-1,-1,-1,-1,-1,-1,43,1,224,-1,-1,-1,-1,,,,,
9984,1877923,-1,11,1,-1,-1,-1,-1,-1,-1,4,1,4,-1,-1,-1,-1,,,,,
9985,1878092,-1,1971,64,-1,-1,-1,-1,-1,-1,4,1,3,-1,-1,-1,-1,,,,,
9986,1879239,-1,2499,32,-1,-1,-1,-1,-1,-1,1,1,-1,-1,-1,-1,-1,,,,,
9987,1879371,-1,4,1,-1,-1,-1,-1,-1,-1,43,1,107,-1,-1,-1,-1,,,,,
9988,1879409,-1,2,32,-1,-1,-1,-1,-1,-1,43,1,221,-1,-1,-1,-1,,,,,
9989,1879442,-1,3,32,-1,-1,-1,-1,-1,-1,43,1,221,-1,-1,-1,-1,,,,,
9990,1879499,-1,12,1,-1,-1,-1,-1,-1,-1,9,2,9,-1,-1,-1,-1,,,,,
9991,1880067,-1,9,1,-1,-1,-1,-1,-1,-1,4,1,4,-1,-1,-1,-1,,,,,
9992,1880441,-1,15,32,-1,-1,-1,-1,-1,-1,43,1,221,-1,-1,-1,-1,,,,,
9993,1880443,-1,13,1,-1,-1,-1,-1,-1,-1,43,1,222,-1,-1,-1,-1,,,,,
9994,1880444,-1,13,4,-1,-1,-1,-1,-1,-1,43,1,223,-1,-1,-1,-1,,,,,
9995,1880446,-1,9,1,-1,-1,-1,-1,-1,-1,43,1,224,-1,-1,-1,-1,,,,,
9996,1880448,-1,7,1,-1,-1,-1,-1,-1,-1,43,1,225,-1,-1,-1,-1,,,,,
9997,1880450,-1,5,1,-1,-1,-1,-1,-1,-1,43,1,226,-1,-1,-1,-1,,,,,
9998,1880452,-1,4,4,-1,-1,-1,-1,-1,-1,43,1,266,-1,-1,-1,-1,,,,,
9999,1881739,-1,2495,32,-1,-1,-1,-1,-1,-1,1,1,-1,-1,-1,-1,-1,,,,,
10000,1884392,-1,160,128,-1,-1,-1,-1,-1,-1,35,1,146,-1,-1,-1,-1,,,,,
10001,1884554,-1,119,128,-1,-1,-1,-1,-1,-1,35,1,146,-1,-1,-1,-1,,,,,
10002,1884690,-1,299,32,-1,-1,-1,-1,-1,-1,43,1,221,-1,-1,-1,-1,,,,,
10003,1884693,-1,296,1,-1,-1,-1,-1,-1,-1,43,1,222,-1,-1,-1,-1,,,,,
10004,1884695,-1,295,4,-1,-1,-1,-1,-1,-1,43,1,223,-1,-1,-1,-1,,,,,
10005,1884698,-1,292,1,-1,-1,-1,-1,-1,-1,43,1,224,-1,-1,-1,-1,,,,,
10006,1884700,-1,290,1,-1,-1,-1,-1,-1,-1,43,1,225,-1,-1,-1,-1,,,,,
10007,1884703,-1,287,1,-1,-1,-1,-1,-1,-1,43,1,226,-1,-1,-1,-1,,,,,
10008,1884706,-1,284,4,-1,-1,-1,-1,-1,-1,43,1,266,-1,-1,-1,-1,,,,,
10009,1884712,-1,277,64,-1,-1,-1,-1,-1,-1,43,1,267,-1,-1,-1,-1,,,,,
10010,1884723,-1,268,8,-1,-1,-1,-1,-1,-1,43,1,268,-1,-1,-1,-1,,,,,
10011,1885024,-1,461,32,-1,-1,-1,-1,-1,-1,43,1,221,-1,-1,-1,-1,,,,,
10012,1885026,-1,456,1,-1,-1,-1,-1,-1,-1,43,1,222,-1,-1,-1,-1,,,,,
10013,1885028,-1,455,4,-1,-1,-1,-1,-1,-1,43,1,223,-1,-1,-1,-1,,,,,
10014,1885030,-1,453,1,-1,-1,-1,-1,-1,-1,43,1,224,-1,-1,-1,-1,,,,,
10015,1885032,-1,451,1,-1,-1,-1,-1,-1,-1,43,1,225,-1,-1,-1,-1,,,,,
10016,1885034,-1,450,1,-1,-1,-1,-1,-1,-1,43,1,226,-1,-1,-1,-1,,,,,
10017,1885036,-1,448,4,-1,-1,-1,-1,-1,-1,43,1,266,-1,-1,-1,-1,,,,,
10018,1885037,-1,448,64,-1,-1,-1,-1,-1,-1,43,1,267,-1,-1,-1,-1,,,,,
10019,1885040,-1,445,8,-1,-1,-1,-1,-1,-1,43,1,268,-1,-1,-1,-1,,,,,
10020,1885512,-1,232,32,-1,-1,-1,-1,-1,-1,43,1,221,-1,-1,-1,-1,,,,,
10021,1885514,-1,226,1,-1,-1,-1,-1,-1,-1,43,1,222,-1,-1,-1,-1,,,,,
10022,1885516,-1,225,4,-1,-1,-1,-1,-1,-1,43,1,223,-1,-1,-1,-1,,,,,
10023,1885518,-1,223,1,-1,-1,-1,-1,-1,-1,43,1,224,-1,-1,-1,-1,,,,,
10024,1885520,-1,221,1,-1,-1,-1,-1,-1,-1,43,1,225,-1,-1,-1,-1,,,,,
10025,1885521,-1,221,1,-1,-1,-1,-1,-1,-1,43,1,226,-1,-1,-1,-1,,,,,
10026,1885524,-1,218,4,-1,-1,-1,-1,-1,-1,43,1,266,-1,-1,-1,-1,,,,,
10027,1885526,-1,217,64,-1,-1,-1,-1,-1,-1,43,1,267,-1,-1,-1,-1,,,,,
10028,1885528,-1,215,8,-1,-1,-1,-1,-1,-1,43,1,268,-1,-1,-1,-1,,,,,
10029,1885744,-1,128,32,-1,-1,-1,-1,-1,-1,43,1,221,-1,-1,-1,-1,,,,,
10030,1885746,-1,122,1,-1,-1,-1,-1,-1,-1,43,1,222,-1,-1,-1,-1,,,,,
10031,1885748,-1,121,4,-1,-1,-1,-1,-1,-1,43,1,223,-1,-1,-1,-1,,,,,
10032,1885750,-1,119,1,-1,-1,-1,-1,-1,-1,43,1,224,-1,-1,-1,-1,,,,,
10033,1885752,-1,118,1,-1,-1,-1,-1,-1,-1,43,1,225,-1,-1,-1,-1,,,,,
10034,1885754,-1,116,1,-1,-1,-1,-1,-1,-1,43,1,226,-1,-1,-1,-1,,,,,
10035,1885755,-1,115,4,-1,-1,-1,-1,-1,-1,43,1,266,-1,-1,-1,-1,,,,,
10036,1885758,-1,113,64,-1,-1,-1,-1,-1,-1,43,1,267,-1,-1,-1,-1,,,,,
10037,1885761,-1,110,8,-1,-1,-1,-1,-1,-1,43,1,268,-1,-1,-1,-1,,,,,
10038,1886096,-1,640,32,-1,-1,-1,-1,-1,-1,43,1,221,-1,-1,-1,-1,,,,,
10039,1886101,-1,631,1,-1,-1,-1,-1,-1,-1,43,1,222,-1,-1,-1,-1,,,,,
10040,1886103,-1,629,4,-1,-1,-1,-1,-1,-1,43,1,223,-1,-1,-1,-1,,,,,
10041,1886105,-1,628,1,-1,-1,-1,-1,-1,-1,43,1,224,-1,-1,-1,-1,,,,,
10042,1886107,-1,626,1,-1,-1,-1,-1,-1,-1,43,1,225,-1,-1,-1,-1,,,,,
10043,1886110,-1,624,1,-1,-1,-1,-1,-1,-1,43,1,226,-1,-1,-1,-1,,,,,
10044,1886112,-1,622,4,-1,-1,-1,-1,-1,-1,43,1,266,-1,-1,-1,-1,,,,,
10045,1886114,-1,621,64,-1,-1,-1,-1,-1,-1,43,1,267,-1,-1,-1,-1,,,,,
10046,1886116,-1,619,8,-1,-1,-1,-1,-1,-1,43,1,268,-1,-1,-1,-1,,,,,
10047,1886736,-1,209,32,-1,-1,-1,-1,-1,-1,43,1,221,-1,-1,-1,-1,,,,,
10048,1886744,-1,198,1,-1,-1,-1,-1,-1,-1,43,1,222,-1,-1,-1,-1,,,,,
10049,1886746,-1,196,4,-1,-1,-1,-1,-1,-1,43,1,223,-1,-1,-1,-1,,,,,
10050,1886748,-1,195,1,-1,-1,-1,-1,-1,-1,43,1,224,-1,-1,-1,-1,,,,,
10051,1886749,-1,194,1,-1,-1,-1,-1,-1,-1,43,1,225,-1,-1,-1,-1,,,,,
10052,1886751,-1,192,1,-1,-1,-1,-1,-1,-1,43,1,226,-1,-1,-1,-1,,,,,
10053,1886753,-1,191,4,-1,-1,-1,-1,-1,-1,43,1,266,-1,-1,-1,-1,,,,,
10054,1886755,-1,189,64,-1,-1,-1,-1,-1,-1,43,1,267,-1,-1,-1,-1,,,,,
10055,1886760,-1,185,8,-1,-1,-1,-1,-1,-1,43,1,268,-1,-1,-1,-1,,,,,
10056,1886950,-1,272,32,-1,-1,-1,-1,-1,-1,43,1,221,-1,-1,-1,-1,,,,,
10057,1886952,-1,267,1,-1,-1,-1,-1,-1,-1,43,1,222,-1,-1,-1,-1,,,,,
10058,1886954,-1,265,4,-1,-1,-1,-1,-1,-1,43,1,223,-1,-1,-1,-1,,,,,
10059,1886955,-1,264,1,-1,-1,-1,-1,-1,-1,43,1,224,-1,-1,-1,-1,,,,,
10060,1886957,-1,263,1,-1,-1,-1,-1,-1,-1,43,1,225,-1,-1,-1,-1,,,,,
10061,1886959,-1,261,1,-1,-1,-1,-1,-1,-1,43,1,226,-1,-1,-1,-1,,,,,
10062,1886965,-1,256,4,-1,-1,-1,-1,-1,-1,43,1,266,-1,-1,-1,-1,,,,,
10063,1886966,-1,255,64,-1,-1,-1,-1,-1,-1,43,1,267,-1,-1,-1,-1,,,,,
10064,1886969,-1,252,8,-1,-1,-1,-1,-1,-1,43,1,268,-1,-1,-1,-1,,,,,
10065,1887530,-1,4,1,-1,-1,-1,-1,-1,-1,43,1,9,-1,-1,-1,-1,,,,,
10066,1887540,-1,507,32,-1,-1,-1,-1,-1,-1,43,1,221,-1,-1,-1,-1,,,,,
10067,1887542,-1,506,1,-1,-1,-1,-1,-1,-1,43,1,222,-1,-1,-1,-1,,,,,
10068,1887544,-1,504,4,-1,-1,-1,-1,-1,-1,43,1,223,-1,-1,-1,-1,,,,,
10069,1887545,-1,503,1,-1,-1,-1,-1,-1,-1,43,1,224,-1,-1,-1,-1,,,,,
10070,1887547,-1,502,1,-1,-1,-1,-1,-1,-1,43,1,225,-1,-1,-1,-1,,,,,
10071,1887550,-1,499,1,-1,-1,-1,-1,-1,-1,43,1,226,-1,-1,-1,-1,,,,,
10072,1887552,-1,498,4,-1,-1,-1,-1,-1,-1,43,1,266,-1,-1,-1,-1,,,,,
10073,1887553,-1,497,64,-1,-1,-1,-1,-1,-1,43,1,267,-1,-1,-1,-1,,,,,
10074,1887556,-1,494,8,-1,-1,-1,-1,-1,-1,43,1,268,-1,-1,-1,-1,,,,,
10075,1888778,-1,208,32,-1,-1,-1,-1,-1,-1,43,1,221,-1,-1,-1,-1,,,,,
10076,1888780,-1,207,1,-1,-1,-1,-1,-1,-1,43,1,222,-1,-1,-1,-1,,,,,
10077,1888782,-1,205,4,-1,-1,-1,-1,-1,-1,43,1,223,-1,-1,-1,-1,,,,,
10078,1888783,-1,204,1,-1,-1,-1,-1,-1,-1,43,1,224,-1,-1,-1,-1,,,,,
10079,1888786,-1,202,1,-1,-1,-1,-1,-1,-1,43,1,225,-1,-1,-1,-1,,,,,
10080,1888787,-1,201,1,-1,-1,-1,-1,-1,-1,43,1,226,-1,-1,-1,-1,,,,,
10081,1888790,-1,199,4,-1,-1,-1,-1,-1,-1,43,1,266,-1,-1,-1,-1,,,,,
10082,1888791,-1,198,64,-1,-1,-1,-1,-1,-1,43,1,267,-1,-1,-1,-1,,,,,
10083,1888794,-1,195,8,-1,-1,-1,-1,-1,-1,43,1,268,-1,-1,-1,-1,,,,,
10084,1889009,-1,732,32,-1,-1,-1,-1,-1,-1,43,1,221,-1,-1,-1,-1,,,,,
10085,1889011,-1,730,1,-1,-1,-1,-1,-1,-1,43,1,222,-1,-1,-1,-1,,,,,
10086,1889012,-1,730,4,-1,-1,-1,-1,-1,-1,43,1,223,-1,-1,-1,-1,,,,,
10087,1889014,-1,728,1,-1,-1,-1,-1,-1,-1,43,1,224,-1,-1,-1,-1,,,,,
10088,1889016,-1,726,1,-1,-1,-1,-1,-1,-1,43,1,225,-1,-1,-1,-1,,,,,
10089,1889018,-1,725,1,-1,-1,-1,-1,-1,-1,43,1,226,-1,-1,-1,-1,,,,,
10090,1889021,-1,722,4,-1,-1,-1,-1,-1,-1,43,1,266,-1,-1,-1,-1,,,,,
10091,1889022,-1,722,64,-1,-1,-1,-1,-1,-1,43,1,267,-1,-1,-1,-1,,,,,
10092,1889025,-1,719,8,-1,-1,-1,-1,-1,-1,43,1,268,-1,-1,-1,-1,,,,,
10093,1889792,-1,225,32,-1,-1,-1,-1,-1,-1,43,1,221,-1,-1,-1,-1,,,,,
10094,1889794,-1,223,1,-1,-1,-1,-1,-1,-1,43,1,222,-1,-1,-1,-1,,,,,
10095,1889795,-1,222,4,-1,-1,-1,-1,-1,-1,43,1,223,-1,-1,-1,-1,,,,,
10096,1889797,-1,221,1,-1,-1,-1,-1,-1,-1,43,1,224,-1,-1,-1,-1,,,,,
10097,1889799,-1,219,1,-1,-1,-1,-1,-1,-1,43,1,225,-1,-1,-1,-1,,,,,
10098,1889801,-1,218,1,-1,-1,-1,-1,-1,-1,43,1,226,-1,-1,-1,-1,,,,,
10099,1889803,-1,216,4,-1,-1,-1,-1,-1,-1,43,1,266,-1,-1,-1,-1,,,,,
10100,1889805,-1,215,64,-1,-1,-1,-1,-1,-1,43,1,267,-1,-1,-1,-1,,,,,
10101,1889808,-1,213,8,-1,-1,-1,-1,-1,-1,43,1,268,-1,-1,-1,-1,,,,,
10102,1890033,-1,85,32,-1,-1,-1,-1,-1,-1,43,1,221,-1,-1,-1,-1,,,,,
10103,1890035,-1,84,1,-1,-1,-1,-1,-1,-1,43,1,222,-1,-1,-1,-1,,,,,
10104,1890037,-1,82,4,-1,-1,-1,-1,-1,-1,43,1,223,-1,-1,-1,-1,,,,,
10105,1890039,-1,81,1,-1,-1,-1,-1,-1,-1,43,1,224,-1,-1,-1,-1,,,,,
10106,1890041,-1,80,1,-1,-1,-1,-1,-1,-1,43,1,225,-1,-1,-1,-1,,,,,
10107,1890043,-1,79,1,-1,-1,-1,-1,-1,-1,43,1,226,-1,-1,-1,-1,,,,,
10108,1890045,-1,77,4,-1,-1,-1,-1,-1,-1,43,1,266,-1,-1,-1,-1,,,,,
10109,1890047,-1,75,64,-1,-1,-1,-1,-1,-1,43,1,267,-1,-1,-1,-1,,,,,
10110,1890049,-1,74,8,-1,-1,-1,-1,-1,-1,43,1,268,-1,-1,-1,-1,,,,,
10111,1890342,-1,547,32,-1,-1,-1,-1,-1,-1,43,1,221,-1,-1,-1,-1,,,,,
10112,1890345,-1,544,1,-1,-1,-1,-1,-1,-1,43,1,222,-1,-1,-1,-1,,,,,
10113,1890347,-1,543,8,-1,-1,-1,-1,-1,-1,43,1,223,-1,-1,-1,-1,,,,,
10114,1890349,-1,541,1,-1,-1,-1,-1,-1,-1,43,1,224,-1,-1,-1,-1,,,,,
10115,1890351,-1,540,1,-1,-1,-1,-1,-1,-1,43,1,225,-1,-1,-1,-1,,,,,
10116,1890353,-1,538,2,-1,-1,-1,-1,-1,-1,43,1,226,-1,-1,-1,-1,,,,,
10117,1890354,-1,537,8,-1,-1,-1,-1,-1,-1,43,1,266,-1,-1,-1,-1,,,,,
10118,1890356,-1,536,32,-1,-1,-1,-1,-1,-1,43,1,267,-1,-1,-1,-1,,,,,
10119,1890359,-1,533,16,-1,-1,-1,-1,-1,-1,43,1,268,-1,-1,-1,-1,,,,,
10120,1890913,-1,398,32,-1,-1,-1,-1,-1,-1,43,1,221,-1,-1,-1,-1,,,,,
10121,1890915,-1,396,1,-1,-1,-1,-1,-1,-1,43,1,222,-1,-1,-1,-1,,,,,
10122,1890917,-1,395,8,-1,-1,-1,-1,-1,-1,43,1,223,-1,-1,-1,-1,,,,,
10123,1890918,-1,395,1,-1,-1,-1,-1,-1,-1,43,1,224,-1,-1,-1,-1,,,,,
10124,1890920,-1,393,1,-1,-1,-1,-1,-1,-1,43,1,225,-1,-1,-1,-1,,,,,
10125,1890922,-1,391,2,-1,-1,-1,-1,-1,-1,43,1,226,-1,-1,-1,-1,,,,,
10126,1890924,-1,390,8,-1,-1,-1,-1,-1,-1,43,1,266,-1,-1,-1,-1,,,,,
10127,1890926,-1,388,32,-1,-1,-1,-1,-1,-1,43,1,267,-1,-1,-1,-1,,,,,
10128,1890928,-1,387,16,-1,-1,-1,-1,-1,-1,43,1,268,-1,-1,-1,-1,,,,,
10129,1891319,-1,228,32,-1,-1,-1,-1,-1,-1,43,1,221,-1,-1,-1,-1,,,,,
10130,1891323,-1,225,1,-1,-1,-1,-1,-1,-1,43,1,222,-1,-1,-1,-1,,,,,
10131,1891327,-1,221,8,-1,-1,-1,-1,-1,-1,43,1,223,-1,-1,-1,-1,,,,,
10132,1891330,-1,219,1,-1,-1,-1,-1,-1,-1,43,1,224,-1,-1,-1,-1,,,,,
10133,1891332,-1,217,1,-1,-1,-1,-1,-1,-1,43,1,225,-1,-1,-1,-1,,,,,
10134,1891335,-1,214,2,-1,-1,-1,-1,-1,-1,43,1,226,-1,-1,-1,-1,,,,,
10135,1891338,-1,212,8,-1,-1,-1,-1,-1,-1,43,1,266,-1,-1,-1,-1,,,,,
10136,1891341,-1,209,32,-1,-1,-1,-1,-1,-1,43,1,267,-1,-1,-1,-1,,,,,
10137,1891343,-1,208,16,-1,-1,-1,-1,-1,-1,43,1,268,-1,-1,-1,-1,,,,,
10138,1891607,-1,28,32,-1,-1,-1,-1,-1,-1,43,1,221,-1,-1,-1,-1,,,,,
10139,1891609,-1,26,1,-1,-1,-1,-1,-1,-1,43,1,222,-1,-1,-1,-1,,,,,
10140,1891610,-1,26,8,-1,-1,-1,-1,-1,-1,43,1,223,-1,-1,-1,-1,,,,,
10141,1891612,-1,24,1,-1,-1,-1,-1,-1,-1,43,1,224,-1,-1,-1,-1,,,,,
10142,1891613,-1,24,1,-1,-1,-1,-1,-1,-1,43,1,225,-1,-1,-1,-1,,,,,
10143,1891615,-1,22,2,-1,-1,-1,-1,-1,-1,43,1,226,-1,-1,-1,-1,,,,,
10144,1891617,-1,20,8,-1,-1,-1,-1,-1,-1,43,1,266,-1,-1,-1,-1,,,,,
10145,1891620,-1,18,32,-1,-1,-1,-1,-1,-1,43,1,267,-1,-1,-1,-1,,,,,
10146,1891623,-1,15,16,-1,-1,-1,-1,-1,-1,43,1,268,-1,-1,-1,-1,,,,,
10147,1891649,-1,193,32,-1,-1,-1,-1,-1,-1,43,1,221,-1,-1,-1,-1,,,,,
10148,1891655,-1,187,1,-1,-1,-1,-1,-1,-1,43,1,222,-1,-1,-1,-1,,,,,
10149,1891656,-1,187,8,-1,-1,-1,-1,-1,-1,43,1,223,-1,-1,-1,-1,,,,,
10150,1891658,-1,185,1,-1,-1,-1,-1,-1,-1,43,1,224,-1,-1,-1,-1,,,,,
10151,1891660,-1,184,1,-1,-1,-1,-1,-1,-1,43,1,225,-1,-1,-1,-1,,,,,
10152,1891662,-1,183,2,-1,-1,-1,-1,-1,-1,43,1,226,-1,-1,-1,-1,,,,,
10153,1891667,-1,178,8,-1,-1,-1,-1,-1,-1,43,1,266,-1,-1,-1,-1,,,,,
10154,1891669,-1,177,32,-1,-1,-1,-1,-1,-1,43,1,267,-1,-1,-1,-1,,,,,
10155,1891670,-1,177,16,-1,-1,-1,-1,-1,-1,43,1,268,-1,-1,-1,-1,,,,,
10156,1891916,-1,9391,64,-1,-1,-1,-1,-1,-1,4,1,-1,-1,-1,-1,-1,,,,,
10157,1891918,-1,10928,16,-1,-1,-1,-1,-1,-1,28,1,-1,-1,-1,-1,-1,,,,,
10158,1898261,-1,4,1,-1,-1,-1,-1,-1,-1,43,1,107,-1,-1,-1,-1,,,,,
10159,1898278,-1,6,1,-1,-1,-1,-1,-1,-1,43,1,282,-1,-1,-1,-1,,,,,
10160,1898294,-1,3,1,-1,-1,-1,-1,-1,-1,43,1,282,-1,-1,-1,-1,,,,,
10161,1898304,-1,2,1,-1,-1,-1,-1,-1,-1,43,1,107,-1,-1,-1,-1,,,,,
10162,1898472,-1,3,1,-1,-1,-1,-1,-1,-1,43,1,283,-1,-1,-1,-1,,,,,
10163,1898834,-1,1,8,-1,-1,-1,-1,-1,-1,43,1,221,-1,-1,-1,-1,,,,,
10164,1898843,-1,4,8,-1,-1,-1,-1,-1,-1,43,1,221,-1,-1,-1,-1,,,,,
10165,1898845,-1,2,16,-1,-1,-1,-1,-1,-1,43,1,222,-1,-1,-1,-1,,,,,
10166,1898867,-1,4,8,-1,-1,-1,-1,-1,-1,43,1,221,-1,-1,-1,-1,,,,,
10167,1898869,-1,2,16,-1,-1,-1,-1,-1,-1,43,1,222,-1,-1,-1,-1,,,,,
10172,1899484,-1,8,8,-1,-1,-1,-1,-1,-1,43,1,221,-1,-1,-1,-1,,,,,
10173,1899487,-1,5,16,-1,-1,-1,-1,-1,-1,43,1,222,-1,-1,-1,-1,,,,,
10174,1899488,-1,4,16,-1,-1,-1,-1,-1,-1,43,1,223,-1,-1,-1,-1,,,,,
10175,1899519,-1,539,8,-1,-1,-1,-1,-1,-1,43,1,221,-1,-1,-1,-1,,,,,
10176,1899521,-1,535,16,-1,-1,-1,-1,-1,-1,43,1,222,-1,-1,-1,-1,,,,,
10177,1899522,-1,535,16,-1,-1,-1,-1,-1,-1,43,1,223,-1,-1,-1,-1,,,,,
10178,1900526,-1,843,8,-1,-1,-1,-1,-1,-1,43,1,221,-1,-1,-1,-1,,,,,
10179,1900528,-1,841,16,-1,-1,-1,-1,-1,-1,43,1,222,-1,-1,-1,-1,,,,,
10180,1900529,-1,841,16,-1,-1,-1,-1,-1,-1,43,1,223,-1,-1,-1,-1,,,,,
10183,1901967,-1,163,8,-1,-1,-1,-1,-1,-1,43,1,221,-1,-1,-1,-1,,,,,
10184,1901969,-1,161,16,-1,-1,-1,-1,-1,-1,43,1,222,-1,-1,-1,-1,,,,,
10185,1901971,-1,160,16,-1,-1,-1,-1,-1,-1,43,1,223,-1,-1,-1,-1,,,,,
10187,1902411,-1,28,8,-1,-1,-1,-1,-1,-1,43,1,221,-1,-1,-1,-1,,,,,
10188,1902413,-1,26,16,-1,-1,-1,-1,-1,-1,43,1,222,-1,-1,-1,-1,,,,,
10189,1902415,-1,25,16,-1,-1,-1,-1,-1,-1,43,1,223,-1,-1,-1,-1,,,,,
10190,1902449,-1,325,8,-1,-1,-1,-1,-1,-1,43,1,221,-1,-1,-1,-1,,,,,
10191,1902451,-1,323,16,-1,-1,-1,-1,-1,-1,43,1,222,-1,-1,-1,-1,,,,,
10192,1902453,-1,322,16,-1,-1,-1,-1,-1,-1,43,1,223,-1,-1,-1,-1,,,,,
10198,1902780,-1,75,8,-1,-1,-1,-1,-1,-1,43,1,221,-1,-1,-1,-1,,,,,
10199,1902783,-1,72,16,-1,-1,-1,-1,-1,-1,43,1,222,-1,-1,-1,-1,,,,,
10200,1902785,-1,67,16,-1,-1,-1,-1,-1,-1,43,1,223,-1,-1,-1,-1,,,,,
10201,1902862,-1,8808,128,-1,-1,-1,-1,-1,-1,1,1,-1,-1,-1,-1,-1,,,,,
10312,1930463,-1,180,128,-1,-1,-1,-1,-1,-1,35,1,146,-1,-1,-1,-1,,,,,
10313,1930645,-1,107,128,-1,-1,-1,-1,-1,-1,35,1,146,-1,-1,-1,-1,,,,,
10314,1930754,-1,109,128,-1,-1,-1,-1,-1,-1,35,1,146,-1,-1,-1,-1,,,,,
10315,1930865,-1,83,128,-1,-1,-1,-1,-1,-1,35,1,146,-1,-1,-1,-1,,,,,
10316,1930951,-1,513,128,-1,-1,-1,-1,-1,-1,35,1,146,-1,-1,-1,-1,,,,,
10317,1931492,-1,386,128,-1,-1,-1,-1,-1,-1,35,1,146,-1,-1,-1,-1,,,,,
10318,1931882,-1,233,128,-1,-1,-1,-1,-1,-1,35,1,146,-1,-1,-1,-1,,,,,
10319,1932122,-1,284,128,-1,-1,-1,-1,-1,-1,35,1,146,-1,-1,-1,-1,,,,,
10320,1932414,-1,192,128,-1,-1,-1,-1,-1,-1,35,1,146,-1,-1,-1,-1,,,,,
10321,1932614,-1,11,128,-1,-1,-1,-1,-1,-1,35,1,146,-1,-1,-1,-1,,,,,
10322,1932631,-1,31,128,-1,-1,-1,-1,-1,-1,35,1,146,-1,-1,-1,-1,,,,,
10323,1932663,-1,444,128,-1,-1,-1,-1,-1,-1,35,1,146,-1,-1,-1,-1,,,,,
10324,1933186,-1,203,128,-1,-1,-1,-1,-1,-1,35,1,146,-1,-1,-1,-1,,,,,
10325,1933402,-1,173,128,-1,-1,-1,-1,-1,-1,35,1,146,-1,-1,-1,-1,,,,,
10326,1933577,-1,234,128,-1,-1,-1,-1,-1,-1,35,1,146,-1,-1,-1,-1,,,,,
10327,1933842,-1,179,128,-1,-1,-1,-1,-1,-1,35,1,146,-1,-1,-1,-1,,,,,
10328,1934023,-1,193,128,-1,-1,-1,-1,-1,-1,35,1,146,-1,-1,-1,-1,,,,,
10329,1934220,-1,176,128,-1,-1,-1,-1,-1,-1,35,1,146,-1,-1,-1,-1,,,,,
10330,1934399,-1,166,128,-1,-1,-1,-1,-1,-1,35,1,146,-1,-1,-1,-1,,,,,
10331,1934567,-1,161,128,-1,-1,-1,-1,-1,-1,35,1,146,-1,-1,-1,-1,,,,,
10332,1934730,-1,158,128,-1,-1,-1,-1,-1,-1,35,1,146,-1,-1,-1,-1,,,,,
10333,1934890,-1,153,128,-1,-1,-1,-1,-1,-1,35,1,146,-1,-1,-1,-1,,,,,
10334,1935046,-1,164,128,-1,-1,-1,-1,-1,-1,35,1,146,-1,-1,-1,-1,,,,,
10335,1935212,-1,161,128,-1,-1,-1,-1,-1,-1,35,1,146,-1,-1,-1,-1,,,,,
10336,1935375,-1,163,128,-1,-1,-1,-1,-1,-1,35,1,146,-1,-1,-1,-1,,,,,
10337,1935541,-1,163,128,-1,-1,-1,-1,-1,-1,35,1,146,-1,-1,-1,-1,,,,,
10338,1935706,-1,170,128,-1,-1,-1,-1,-1,-1,35,1,146,-1,-1,-1,-1,,,,,
10339,1935878,-1,180,128,-1,-1,-1,-1,-1,-1,35,1,146,-1,-1,-1,-1,,,,,
10340,1936219,-1,147,8,-1,-1,-1,-1,-1,-1,43,1,221,-1,-1,-1,-1,,,,,
10341,1936221,-1,145,16,-1,-1,-1,-1,-1,-1,43,1,222,-1,-1,-1,-1,,,,,
10342,1936223,-1,143,16,-1,-1,-1,-1,-1,-1,43,1,223,-1,-1,-1,-1,,,,,
10344,1936523,-1,50,8,-1,-1,-1,-1,-1,-1,43,1,221,-1,-1,-1,-1,,,,,
10345,1936525,-1,49,16,-1,-1,-1,-1,-1,-1,43,1,222,-1,-1,-1,-1,,,,,
10346,1936527,-1,47,16,-1,-1,-1,-1,-1,-1,43,1,223,-1,-1,-1,-1,,,,,
10347,1936582,-1,160,32,-1,-1,-1,-1,-1,-1,43,1,221,-1,-1,-1,-1,,,,,
10348,1936584,-1,159,1,-1,-1,-1,-1,-1,-1,43,1,222,-1,-1,-1,-1,,,,,
10349,1936586,-1,157,8,-1,-1,-1,-1,-1,-1,43,1,223,-1,-1,-1,-1,,,,,
10350,1936588,-1,156,1,-1,-1,-1,-1,-1,-1,43,1,224,-1,-1,-1,-1,,,,,
10351,1936591,-1,153,1,-1,-1,-1,-1,-1,-1,43,1,225,-1,-1,-1,-1,,,,,
10352,1936593,-1,151,2,-1,-1,-1,-1,-1,-1,43,1,226,-1,-1,-1,-1,,,,,
10353,1936594,-1,151,8,-1,-1,-1,-1,-1,-1,43,1,266,-1,-1,-1,-1,,,,,
10354,1936596,-1,149,32,-1,-1,-1,-1,-1,-1,43,1,267,-1,-1,-1,-1,,,,,
10355,1936599,-1,147,16,-1,-1,-1,-1,-1,-1,43,1,268,-1,-1,-1,-1,,,,,
10356,1936775,-1,19,32,-1,-1,-1,-1,-1,-1,43,1,221,-1,-1,-1,-1,,,,,
10357,1936777,-1,17,1,-1,-1,-1,-1,-1,-1,43,1,222,-1,-1,-1,-1,,,,,
10358,1936779,-1,16,8,-1,-1,-1,-1,-1,-1,43,1,223,-1,-1,-1,-1,,,,,
10359,1936781,-1,14,1,-1,-1,-1,-1,-1,-1,43,1,224,-1,-1,-1,-1,,,,,
10360,1936783,-1,13,1,-1,-1,-1,-1,-1,-1,43,1,225,-1,-1,-1,-1,,,,,
10361,1936785,-1,11,2,-1,-1,-1,-1,-1,-1,43,1,226,-1,-1,-1,-1,,,,,
10362,1936787,-1,9,8,-1,-1,-1,-1,-1,-1,43,1,266,-1,-1,-1,-1,,,,,
10363,1936789,-1,8,32,-1,-1,-1,-1,-1,-1,43,1,267,-1,-1,-1,-1,,,,,
10364,1936791,-1,7,16,-1,-1,-1,-1,-1,-1,43,1,268,-1,-1,-1,-1,,,,,
10366,1937576,-1,27,32,-1,-1,-1,-1,-1,-1,43,1,221,-1,-1,-1,-1,,,,,
10367,1937579,-1,24,1,-1,-1,-1,-1,-1,-1,43,1,222,-1,-1,-1,-1,,,,,
10368,1937583,-1,21,8,-1,-1,-1,-1,-1,-1,43,1,223,-1,-1,-1,-1,,,,,
10369,1937590,-1,14,1,-1,-1,-1,-1,-1,-1,43,1,224,-1,-1,-1,-1,,,,,
10370,1937592,-1,13,1,-1,-1,-1,-1,-1,-1,43,1,225,-1,-1,-1,-1,,,,,
10371,1937594,-1,11,2,-1,-1,-1,-1,-1,-1,43,1,226,-1,-1,-1,-1,,,,,
10372,1937596,-1,9,8,-1,-1,-1,-1,-1,-1,43,1,266,-1,-1,-1,-1,,,,,
10373,1937597,-1,9,32,-1,-1,-1,-1,-1,-1,43,1,267,-1,-1,-1,-1,,,,,
10374,1937599,-1,4,16,-1,-1,-1,-1,-1,-1,43,1,268,-1,-1,-1,-1,,,,,
10375,1937976,-1,941,32,-1,-1,-1,-1,-1,-1,43,1,221,-1,-1,-1,-1,,,,,
10376,1937977,-1,940,1,-1,-1,-1,-1,-1,-1,43,1,222,-1,-1,-1,-1,,,,,
10377,1937980,-1,937,8,-1,-1,-1,-1,-1,-1,43,1,223,-1,-1,-1,-1,,,,,
10378,1937982,-1,936,1,-1,-1,-1,-1,-1,-1,43,1,224,-1,-1,-1,-1,,,,,
10379,1937984,-1,934,1,-1,-1,-1,-1,-1,-1,43,1,225,-1,-1,-1,-1,,,,,
10380,1937985,-1,934,2,-1,-1,-1,-1,-1,-1,43,1,226,-1,-1,-1,-1,,,,,
10381,1937988,-1,931,8,-1,-1,-1,-1,-1,-1,43,1,266,-1,-1,-1,-1,,,,,
10382,1937989,-1,930,32,-1,-1,-1,-1,-1,-1,43,1,267,-1,-1,-1,-1,,,,,
10383,1937991,-1,925,16,-1,-1,-1,-1,-1,-1,43,1,268,-1,-1,-1,-1,,,,,
10384,1938981,-1,19,32,-1,-1,-1,-1,-1,-1,43,1,221,-1,-1,-1,-1,,,,,
10385,1938983,-1,17,1,-1,-1,-1,-1,-1,-1,43,1,222,-1,-1,-1,-1,,,,,
10386,1938984,-1,17,8,-1,-1,-1,-1,-1,-1,43,1,223,-1,-1,-1,-1,,,,,
10387,1938986,-1,15,1,-1,-1,-1,-1,-1,-1,43,1,224,-1,-1,-1,-1,,,,,
10388,1938988,-1,14,1,-1,-1,-1,-1,-1,-1,43,1,225,-1,-1,-1,-1,,,,,
10389,1938990,-1,12,2,-1,-1,-1,-1,-1,-1,43,1,226,-1,-1,-1,-1,,,,,
10390,1938992,-1,10,8,-1,-1,-1,-1,-1,-1,43,1,266,-1,-1,-1,-1,,,,,
10391,1938994,-1,9,32,-1,-1,-1,-1,-1,-1,43,1,267,-1,-1,-1,-1,,,,,
10392,1938996,-1,3,16,-1,-1,-1,-1,-1,-1,43,1,268,-1,-1,-1,-1,,,,,
10393,1939089,-1,523,32,-1,-1,-1,-1,-1,-1,43,1,221,-1,-1,-1,-1,,,,,
10394,1939091,-1,521,1,-1,-1,-1,-1,-1,-1,43,1,222,-1,-1,-1,-1,,,,,
10395,1939092,-1,521,8,-1,-1,-1,-1,-1,-1,43,1,223,-1,-1,-1,-1,,,,,
10396,1939094,-1,519,1,-1,-1,-1,-1,-1,-1,43,1,224,-1,-1,-1,-1,,,,,
10397,1939096,-1,518,1,-1,-1,-1,-1,-1,-1,43,1,225,-1,-1,-1,-1,,,,,
10398,1939102,-1,512,2,-1,-1,-1,-1,-1,-1,43,1,226,-1,-1,-1,-1,,,,,
10399,1939103,-1,511,8,-1,-1,-1,-1,-1,-1,43,1,266,-1,-1,-1,-1,,,,,
10400,1939105,-1,506,32,-1,-1,-1,-1,-1,-1,43,1,267,-1,-1,-1,-1,,,,,
10401,1939107,-1,504,16,-1,-1,-1,-1,-1,-1,43,1,268,-1,-1,-1,-1,,,,,
10402,1939615,-1,334,32,-1,-1,-1,-1,-1,-1,43,1,221,-1,-1,-1,-1,,,,,
10403,1939617,-1,333,1,-1,-1,-1,-1,-1,-1,43,1,222,-1,-1,-1,-1,,,,,
10404,1939625,-1,325,8,-1,-1,-1,-1,-1,-1,43,1,223,-1,-1,-1,-1,,,,,
10405,1939626,-1,325,1,-1,-1,-1,-1,-1,-1,43,1,224,-1,-1,-1,-1,,,,,
10406,1939628,-1,323,1,-1,-1,-1,-1,-1,-1,43,1,225,-1,-1,-1,-1,,,,,
10407,1939634,-1,317,2,-1,-1,-1,-1,-1,-1,43,1,226,-1,-1,-1,-1,,,,,
10408,1939635,-1,317,8,-1,-1,-1,-1,-1,-1,43,1,266,-1,-1,-1,-1,,,,,
10409,1939637,-1,312,32,-1,-1,-1,-1,-1,-1,43,1,267,-1,-1,-1,-1,,,,,
10410,1939639,-1,310,16,-1,-1,-1,-1,-1,-1,43,1,268,-1,-1,-1,-1,,,,,
10411,1939975,-1,651,32,-1,-1,-1,-1,-1,-1,43,1,221,-1,-1,-1,-1,,,,,
10412,1939977,-1,649,1,-1,-1,-1,-1,-1,-1,43,1,222,-1,-1,-1,-1,,,,,
10413,1939980,-1,647,8,-1,-1,-1,-1,-1,-1,43,1,223,-1,-1,-1,-1,,,,,
10414,1939982,-1,645,1,-1,-1,-1,-1,-1,-1,43,1,224,-1,-1,-1,-1,,,,,
10415,1939984,-1,644,1,-1,-1,-1,-1,-1,-1,43,1,225,-1,-1,-1,-1,,,,,
10416,1939985,-1,643,2,-1,-1,-1,-1,-1,-1,43,1,226,-1,-1,-1,-1,,,,,
10417,1939987,-1,642,8,-1,-1,-1,-1,-1,-1,43,1,266,-1,-1,-1,-1,,,,,
10418,1939989,-1,636,32,-1,-1,-1,-1,-1,-1,43,1,267,-1,-1,-1,-1,,,,,
10419,1939990,-1,635,16,-1,-1,-1,-1,-1,-1,43,1,268,-1,-1,-1,-1,,,,,
10420,1940691,-1,927,32,-1,-1,-1,-1,-1,-1,43,1,221,-1,-1,-1,-1,,,,,
10421,1940693,-1,926,1,-1,-1,-1,-1,-1,-1,43,1,222,-1,-1,-1,-1,,,,,
10422,1940695,-1,924,8,-1,-1,-1,-1,-1,-1,43,1,223,-1,-1,-1,-1,,,,,
10423,1940697,-1,923,1,-1,-1,-1,-1,-1,-1,43,1,224,-1,-1,-1,-1,,,,,
10424,1940700,-1,920,1,-1,-1,-1,-1,-1,-1,43,1,225,-1,-1,-1,-1,,,,,
10425,1940703,-1,917,2,-1,-1,-1,-1,-1,-1,43,1,226,-1,-1,-1,-1,,,,,
10426,1940704,-1,913,8,-1,-1,-1,-1,-1,-1,43,1,266,-1,-1,-1,-1,,,,,
10427,1940706,-1,911,32,-1,-1,-1,-1,-1,-1,43,1,267,-1,-1,-1,-1,,,,,
10428,1940707,-1,911,16,-1,-1,-1,-1,-1,-1,43,1,268,-1,-1,-1,-1,,,,,
10429,1941639,-1,560,32,-1,-1,-1,-1,-1,-1,43,1,221,-1,-1,-1,-1,,,,,
10430,1941641,-1,559,1,-1,-1,-1,-1,-1,-1,43,1,222,-1,-1,-1,-1,,,,,
10431,1941644,-1,556,8,-1,-1,-1,-1,-1,-1,43,1,223,-1,-1,-1,-1,,,,,
10432,1941646,-1,556,1,-1,-1,-1,-1,-1,-1,43,1,224,-1,-1,-1,-1,,,,,
10433,1941648,-1,554,1,-1,-1,-1,-1,-1,-1,43,1,225,-1,-1,-1,-1,,,,,
10434,1941650,-1,553,2,-1,-1,-1,-1,-1,-1,43,1,226,-1,-1,-1,-1,,,,,
10435,1941652,-1,545,8,-1,-1,-1,-1,-1,-1,43,1,266,-1,-1,-1,-1,,,,,
10436,1941653,-1,545,32,-1,-1,-1,-1,-1,-1,43,1,267,-1,-1,-1,-1,,,,,
10437,1941655,-1,543,16,-1,-1,-1,-1,-1,-1,43,1,268,-1,-1,-1,-1,,,,,
10438,1942211,-1,633,32,-1,-1,-1,-1,-1,-1,43,1,221,-1,-1,-1,-1,,,,,
10439,1942217,-1,627,1,-1,-1,-1,-1,-1,-1,43,1,222,-1,-1,-1,-1,,,,,
10440,1942219,-1,626,8,-1,-1,-1,-1,-1,-1,43,1,223,-1,-1,-1,-1,,,,,
10441,1942220,-1,625,1,-1,-1,-1,-1,-1,-1,43,1,224,-1,-1,-1,-1,,,,,
10442,1942222,-1,624,1,-1,-1,-1,-1,-1,-1,43,1,225,-1,-1,-1,-1,,,,,
10443,1942225,-1,621,2,-1,-1,-1,-1,-1,-1,43,1,226,-1,-1,-1,-1,,,,,
10444,1942227,-1,616,8,-1,-1,-1,-1,-1,-1,43,1,266,-1,-1,-1,-1,,,,,
10445,1942228,-1,615,32,-1,-1,-1,-1,-1,-1,43,1,267,-1,-1,-1,-1,,,,,
10446,1942230,-1,614,16,-1,-1,-1,-1,-1,-1,43,1,268,-1,-1,-1,-1,,,,,
10447,1942921,-1,697,32,-1,-1,-1,-1,-1,-1,43,1,221,-1,-1,-1,-1,,,,,
10448,1942923,-1,696,1,-1,-1,-1,-1,-1,-1,43,1,222,-1,-1,-1,-1,,,,,
10449,1942924,-1,696,8,-1,-1,-1,-1,-1,-1,43,1,223,-1,-1,-1,-1,,,,,
10450,1942926,-1,695,1,-1,-1,-1,-1,-1,-1,43,1,224,-1,-1,-1,-1,,,,,
10451,1942928,-1,694,1,-1,-1,-1,-1,-1,-1,43,1,225,-1,-1,-1,-1,,,,,
10452,1942930,-1,693,2,-1,-1,-1,-1,-1,-1,43,1,226,-1,-1,-1,-1,,,,,
10453,1942936,-1,688,8,-1,-1,-1,-1,-1,-1,43,1,266,-1,-1,-1,-1,,,,,
10454,1942937,-1,690,32,-1,-1,-1,-1,-1,-1,43,1,267,-1,-1,-1,-1,,,,,
10455,1942939,-1,689,16,-1,-1,-1,-1,-1,-1,43,1,268,-1,-1,-1,-1,,,,,
10456,1943640,-1,19,32,-1,-1,-1,-1,-1,-1,43,1,221,-1,-1,-1,-1,,,,,
10457,1943643,-1,17,1,-1,-1,-1,-1,-1,-1,43,1,222,-1,-1,-1,-1,,,,,
10458,1943645,-1,15,8,-1,-1,-1,-1,-1,-1,43,1,223,-1,-1,-1,-1,,,,,
10459,1943647,-1,13,1,-1,-1,-1,-1,-1,-1,43,1,224,-1,-1,-1,-1,,,,,
10460,1943648,-1,13,1,-1,-1,-1,-1,-1,-1,43,1,225,-1,-1,-1,-1,,,,,
10461,1943650,-1,11,2,-1,-1,-1,-1,-1,-1,43,1,226,-1,-1,-1,-1,,,,,
10462,1943652,-1,6,8,-1,-1,-1,-1,-1,-1,43,1,266,-1,-1,-1,-1,,,,,
10463,1943654,-1,4,32,-1,-1,-1,-1,-1,-1,43,1,267,-1,-1,-1,-1,,,,,
10464,1943655,-1,4,16,-1,-1,-1,-1,-1,-1,43,1,268,-1,-1,-1,-1,,,,,
10465,1943733,-1,339,32,-1,-1,-1,-1,-1,-1,43,1,221,-1,-1,-1,-1,,,,,
10466,1943735,-1,338,1,-1,-1,-1,-1,-1,-1,43,1,222,-1,-1,-1,-1,,,,,
10467,1943737,-1,336,8,-1,-1,-1,-1,-1,-1,43,1,223,-1,-1,-1,-1,,,,,
10468,1943739,-1,335,1,-1,-1,-1,-1,-1,-1,43,1,224,-1,-1,-1,-1,,,,,
10469,1943741,-1,333,1,-1,-1,-1,-1,-1,-1,43,1,225,-1,-1,-1,-1,,,,,
10470,1943742,-1,333,2,-1,-1,-1,-1,-1,-1,43,1,226,-1,-1,-1,-1,,,,,
10471,1943744,-1,326,8,-1,-1,-1,-1,-1,-1,43,1,266,-1,-1,-1,-1,,,,,
10472,1943746,-1,325,32,-1,-1,-1,-1,-1,-1,43,1,267,-1,-1,-1,-1,,,,,
10473,1943748,-1,323,16,-1,-1,-1,-1,-1,-1,43,1,268,-1,-1,-1,-1,,,,,
10474,1944103,-1,758,32,-1,-1,-1,-1,-1,-1,43,1,221,-1,-1,-1,-1,,,,,
10475,1944106,-1,757,1,-1,-1,-1,-1,-1,-1,43,1,222,-1,-1,-1,-1,,,,,
10476,1944110,-1,754,8,-1,-1,-1,-1,-1,-1,43,1,223,-1,-1,-1,-1,,,,,
10477,1944113,-1,752,1,-1,-1,-1,-1,-1,-1,43,1,224,-1,-1,-1,-1,,,,,
10478,1944115,-1,752,1,-1,-1,-1,-1,-1,-1,43,1,225,-1,-1,-1,-1,,,,,
10479,1944118,-1,750,2,-1,-1,-1,-1,-1,-1,43,1,226,-1,-1,-1,-1,,,,,
10480,1944122,-1,747,8,-1,-1,-1,-1,-1,-1,43,1,266,-1,-1,-1,-1,,,,,
10481,1944126,-1,747,32,-1,-1,-1,-1,-1,-1,43,1,267,-1,-1,-1,-1,,,,,
10482,1944130,-1,745,16,-1,-1,-1,-1,-1,-1,43,1,268,-1,-1,-1,-1,,,,,
10484,1944989,-1,736,32,-1,-1,-1,-1,-1,-1,43,1,221,-1,-1,-1,-1,,,,,
10485,1944991,-1,735,1,-1,-1,-1,-1,-1,-1,43,1,222,-1,-1,-1,-1,,,,,
10486,1944993,-1,734,8,-1,-1,-1,-1,-1,-1,43,1,223,-1,-1,-1,-1,,,,,
10487,1944994,-1,734,1,-1,-1,-1,-1,-1,-1,43,1,224,-1,-1,-1,-1,,,,,
10488,1944997,-1,732,1,-1,-1,-1,-1,-1,-1,43,1,225,-1,-1,-1,-1,,,,,
10489,1944999,-1,731,2,-1,-1,-1,-1,-1,-1,43,1,226,-1,-1,-1,-1,,,,,
10490,1945006,-1,725,8,-1,-1,-1,-1,-1,-1,43,1,266,-1,-1,-1,-1,,,,,
10491,1945008,-1,726,32,-1,-1,-1,-1,-1,-1,43,1,267,-1,-1,-1,-1,,,,,
10492,1945010,-1,725,16,-1,-1,-1,-1,-1,-1,43,1,268,-1,-1,-1,-1,,,,,
10493,1945762,-1,3047,32,-1,-1,-1,-1,-1,-1,43,1,221,-1,-1,-1,-1,,,,,
10494,1945764,-1,3046,1,-1,-1,-1,-1,-1,-1,43,1,222,-1,-1,-1,-1,,,,,
10495,1945766,-1,3046,8,-1,-1,-1,-1,-1,-1,43,1,223,-1,-1,-1,-1,,,,,
10496,1945768,-1,3045,1,-1,-1,-1,-1,-1,-1,43,1,224,-1,-1,-1,-1,,,,,
10497,1945770,-1,3044,1,-1,-1,-1,-1,-1,-1,43,1,225,-1,-1,-1,-1,,,,,
10498,1945772,-1,3043,2,-1,-1,-1,-1,-1,-1,43,1,226,-1,-1,-1,-1,,,,,
10499,1945774,-1,3042,8,-1,-1,-1,-1,-1,-1,43,1,266,-1,-1,-1,-1,,,,,
10500,1945776,-1,3042,32,-1,-1,-1,-1,-1,-1,43,1,267,-1,-1,-1,-1,,,,,
10501,1945778,-1,3042,16,-1,-1,-1,-1,-1,-1,43,1,268,-1,-1,-1,-1,,,,,
10506,1949394,-1,493,32,-1,-1,-1,-1,-1,-1,43,1,221,-1,-1,-1,-1,,,,,
10507,1949395,-1,489,1,-1,-1,-1,-1,-1,-1,43,1,222,-1,-1,-1,-1,,,,,
10508,1949401,-1,483,8,-1,-1,-1,-1,-1,-1,43,1,223,-1,-1,-1,-1,,,,,
10509,1949404,-1,480,1,-1,-1,-1,-1,-1,-1,43,1,224,-1,-1,-1,-1,,,,,
10510,1949406,-1,479,1,-1,-1,-1,-1,-1,-1,43,1,225,-1,-1,-1,-1,,,,,
10511,1949407,-1,478,2,-1,-1,-1,-1,-1,-1,43,1,226,-1,-1,-1,-1,,,,,
10512,1949409,-1,477,8,-1,-1,-1,-1,-1,-1,43,1,266,-1,-1,-1,-1,,,,,
10513,1949411,-1,475,32,-1,-1,-1,-1,-1,-1,43,1,267,-1,-1,-1,-1,,,,,
10514,1949413,-1,473,16,-1,-1,-1,-1,-1,-1,43,1,268,-1,-1,-1,-1,,,,,
10515,1949889,-1,371,32,-1,-1,-1,-1,-1,-1,43,1,221,-1,-1,-1,-1,,,,,
10516,1949891,-1,365,1,-1,-1,-1,-1,-1,-1,43,1,222,-1,-1,-1,-1,,,,,
10517,1949893,-1,364,8,-1,-1,-1,-1,-1,-1,43,1,223,-1,-1,-1,-1,,,,,
10518,1949894,-1,363,1,-1,-1,-1,-1,-1,-1,43,1,224,-1,-1,-1,-1,,,,,
10519,1949896,-1,362,1,-1,-1,-1,-1,-1,-1,43,1,225,-1,-1,-1,-1,,,,,
10520,1949899,-1,359,2,-1,-1,-1,-1,-1,-1,43,1,226,-1,-1,-1,-1,,,,,
10521,1949900,-1,359,8,-1,-1,-1,-1,-1,-1,43,1,266,-1,-1,-1,-1,,,,,
10522,1949902,-1,357,32,-1,-1,-1,-1,-1,-1,43,1,267,-1,-1,-1,-1,,,,,
10523,1949904,-1,356,16,-1,-1,-1,-1,-1,-1,43,1,268,-1,-1,-1,-1,,,,,
10525,1950315,-1,5,1,-1,-1,-1,-1,-1,-1,43,1,9,-1,-1,-1,-1,,,,,
10526,1950424,-1,19,32,-1,-1,-1,-1,-1,-1,43,1,221,-1,-1,-1,-1,,,,,
10527,1950426,-1,18,1,-1,-1,-1,-1,-1,-1,43,1,222,-1,-1,-1,-1,,,,,
10528,1950428,-1,16,8,-1,-1,-1,-1,-1,-1,43,1,223,-1,-1,-1,-1,,,,,
10529,1950430,-1,15,1,-1,-1,-1,-1,-1,-1,43,1,224,-1,-1,-1,-1,,,,,
10530,1950433,-1,12,1,-1,-1,-1,-1,-1,-1,43,1,225,-1,-1,-1,-1,,,,,
10531,1950435,-1,10,2,-1,-1,-1,-1,-1,-1,43,1,226,-1,-1,-1,-1,,,,,
10532,1950437,-1,9,8,-1,-1,-1,-1,-1,-1,43,1,266,-1,-1,-1,-1,,,,,
10533,1950440,-1,3,32,-1,-1,-1,-1,-1,-1,43,1,267,-1,-1,-1,-1,,,,,
10534,1950458,-1,17152,64,-1,-1,-1,-1,-1,-1,4,1,3,-1,-1,-1,-1,,,,,
10541,1951675,-1,18,32,-1,-1,-1,-1,-1,-1,43,1,221,-1,-1,-1,-1,,,,,
10542,1951678,-1,16,1,-1,-1,-1,-1,-1,-1,43,1,222,-1,-1,-1,-1,,,,,
10543,1951682,-1,12,8,-1,-1,-1,-1,-1,-1,43,1,223,-1,-1,-1,-1,,,,,
10544,1951685,-1,10,1,-1,-1,-1,-1,-1,-1,43,1,224,-1,-1,-1,-1,,,,,
10545,1951687,-1,8,1,-1,-1,-1,-1,-1,-1,43,1,225,-1,-1,-1,-1,,,,,
10546,1951688,-1,7,2,-1,-1,-1,-1,-1,-1,43,1,226,-1,-1,-1,-1,,,,,
10547,1951690,-1,6,8,-1,-1,-1,-1,-1,-1,43,1,266,-1,-1,-1,-1,,,,,
10600,1963300,-1,159,64,-1,-1,-1,-1,-1,-1,12,2,14,-1,-1,-1,-1,,,,,
10614,1965899,-1,11,1,-1,-1,-1,-1,-1,-1,9,2,9,-1,-1,-1,-1,,,,,
10617,1967686,-1,12,1,-1,-1,-1,-1,-1,-1,4,1,4,-1,-1,-1,-1,,,,,
10618,1967907,-1,8,1,-1,-1,-1,-1,-1,-1,4,1,2,-1,-1,-1,-1,,,,,
10619,1968844,-1,850,64,-1,-1,-1,-1,-1,-1,4,1,3,-1,-1,-1,-1,,,,,
10620,1969696,-1,8,1,-1,-1,-1,-1,-1,-1,4,1,4,-1,-1,-1,-1,,,,,
10621,1970085,-1,860,64,-1,-1,-1,-1,-1,-1,4,1,3,-1,-1,-1,-1,,,,,
10622,1970948,-1,9,1,-1,-1,-1,-1,-1,-1,4,1,4,-1,-1,-1,-1,,,,,
10628,1972384,-1,1324,16,-1,-1,-1,-1,-1,-1,28,1,-1,-1,-1,-1,-1,,,,,
10632,1972809,-1,10927,16,-1,-1,-1,-1,-1,-1,28,1,-1,-1,-1,-1,-1,,,,,
10633,1972810,-1,3726,16,-1,-1,-1,-1,-1,-1,28,1,-1,-1,-1,-1,-1,,,,,
10642,1974893,-1,2522,32,-1,-1,-1,-1,-1,-1,1,1,-1,-1,-1,-1,-1,,,,,
10656,1977416,-1,2520,32,-1,-1,-1,-1,-1,-1,1,1,-1,-1,-1,-1,-1,,,,,
10665,1979939,-1,2514,32,-1,-1,-1,-1,-1,-1,1,1,-1,-1,-1,-1,-1,,,,,
10686,1983741,-1,10925,128,-1,-1,-1,-1,-1,-1,2,1,-1,-1,-1,-1,-1,,,,,
10687,1994670,-1,1323,16,-1,-1,-1,-1,-1,-1,28,1,-1,-1,-1,-1,-1,,,,,
10693,1996001,-1,10926,128,-1,-1,-1,-1,-1,-1,17,1,-1,-1,-1,-1,-1,,,,,
10694,2006950,-1,3723,16,-1,-1,-1,-1,-1,-1,28,1,-1,-1,-1,-1,-1,,,,,
10710,2010677,-1,1094,128,-1,-1,-1,-1,-1,-1,1,1,-1,-1,-1,-1,-1,,,,,
10727,2017499,-1,716,32,-1,-1,-1,-1,-1,-1,43,1,221,-1,-1,-1,-1,,,,,
10728,2017502,-1,714,1,-1,-1,-1,-1,-1,-1,43,1,222,-1,-1,-1,-1,,,,,
10729,2017504,-1,716,8,-1,-1,-1,-1,-1,-1,43,1,223,-1,-1,-1,-1,,,,,
10730,2017505,-1,717,1,-1,-1,-1,-1,-1,-1,43,1,224,-1,-1,-1,-1,,,,,
10731,2017507,-1,716,1,-1,-1,-1,-1,-1,-1,43,1,225,-1,-1,-1,-1,,,,,
10732,2017509,-1,715,2,-1,-1,-1,-1,-1,-1,43,1,226,-1,-1,-1,-1,,,,,
10733,2017511,-1,714,8,-1,-1,-1,-1,-1,-1,43,1,266,-1,-1,-1,-1,,,,,
10734,2017513,-1,714,32,-1,-1,-1,-1,-1,-1,43,1,267,-1,-1,-1,-1,,,,,
10735,2017515,-1,714,16,-1,-1,-1,-1,-1,-1,43,1,268,-1,-1,-1,-1,,,,,
10736,2018274,-1,861,32,-1,-1,-1,-1,-1,-1,43,1,221,-1,-1,-1,-1,,,,,
10737,2018281,-1,855,1,-1,-1,-1,-1,-1,-1,43,1,222,-1,-1,-1,-1,,,,,
10738,2018283,-1,849,8,-1,-1,-1,-1,-1,-1,43,1,223,-1,-1,-1,-1,,,,,
10739,2018285,-1,848,1,-1,-1,-1,-1,-1,-1,43,1,224,-1,-1,-1,-1,,,,,
10740,2018287,-1,846,1,-1,-1,-1,-1,-1,-1,43,1,225,-1,-1,-1,-1,,,,,
10741,2018289,-1,844,2,-1,-1,-1,-1,-1,-1,43,1,226,-1,-1,-1,-1,,,,,
10742,2018292,-1,842,8,-1,-1,-1,-1,-1,-1,43,1,266,-1,-1,-1,-1,,,,,
10743,2018293,-1,841,32,-1,-1,-1,-1,-1,-1,43,1,267,-1,-1,-1,-1,,,,,
10744,2018295,-1,840,16,-1,-1,-1,-1,-1,-1,43,1,268,-1,-1,-1,-1,,,,,
10745,2019136,-1,3613,32,-1,-1,-1,-1,-1,-1,43,1,221,-1,-1,-1,-1,,,,,
10746,2019138,-1,3612,1,-1,-1,-1,-1,-1,-1,43,1,222,-1,-1,-1,-1,,,,,
10747,2019140,-1,3611,8,-1,-1,-1,-1,-1,-1,43,1,223,-1,-1,-1,-1,,,,,
10748,2019142,-1,3610,1,-1,-1,-1,-1,-1,-1,43,1,224,-1,-1,-1,-1,,,,,
10749,2019144,-1,3609,1,-1,-1,-1,-1,-1,-1,43,1,225,-1,-1,-1,-1,,,,,
10750,2019145,-1,3609,2,-1,-1,-1,-1,-1,-1,43,1,226,-1,-1,-1,-1,,,,,
10751,2019147,-1,3608,8,-1,-1,-1,-1,-1,-1,43,1,266,-1,-1,-1,-1,,,,,
10752,2019149,-1,3608,32,-1,-1,-1,-1,-1,-1,43,1,267,-1,-1,-1,-1,,,,,
10753,2019151,-1,3608,16,-1,-1,-1,-1,-1,-1,43,1,268,-1,-1,-1,-1,,,,,
10755,2023201,-1,1329,16,-1,-1,-1,-1,-1,-1,28,1,-1,-1,-1,-1,-1,,,,,
10778,2027922,-1,21,2,-1,-1,-1,-1,-1,-1,38,2,71,-1,-1,-1,-1,,,,,
10779,2027995,-1,21,2,-1,-1,-1,-1,-1,-1,38,2,71,-1,-1,-1,-1,,,,,
10780,2028055,-1,53,2,-1,-1,-1,-1,-1,-1,38,2,71,-1,-1,-1,-1,,,,,
10781,2028097,-1,162,64,-1,-1,-1,-1,-1,-1,12,2,14,-1,-1,-1,-1,,,,,
10783,2028131,-1,2154,2,-1,-1,-1,-1,-1,-1,38,2,71,-1,-1,-1,-1,,,,,
10801,2038954,-1,69,8,-1,-1,-1,-1,-1,-1,5,2,167,-1,-1,-1,-1,,,,,
10802,2039062,-1,20,1,-1,-1,-1,-1,-1,-1,5,2,12,-1,-1,-1,-1,,,,,
10819,2044420,-1,2751,64,-1,-1,-1,-1,-1,-1,4,1,3,-1,-1,-1,-1,,,,,
10821,2046838,-1,15,1,-1,-1,-1,-1,-1,-1,4,1,4,-1,-1,-1,-1,,,,,
10823,2047175,-1,9,1,-1,-1,-1,-1,-1,-1,4,1,4,-1,-1,-1,-1,,,,,
10824,2047257,-1,856,64,-1,-1,-1,-1,-1,-1,4,1,3,-1,-1,-1,-1,,,,,
10829,2048115,-1,15,1,-1,-1,-1,-1,-1,-1,4,1,4,-1,-1,-1,-1,,,,,
10832,2048298,-1,852,64,-1,-1,-1,-1,-1,-1,4,1,3,-1,-1,-1,-1,,,,,
10835,2049152,-1,8,1,-1,-1,-1,-1,-1,-1,4,1,4,-1,-1,-1,-1,,,,,
10836,2049426,-1,627,64,-1,-1,-1,-1,-1,-1,4,1,3,-1,-1,-1,-1,,,,,
10842,2049930,-1,9,1,-1,-1,-1,-1,-1,-1,4,1,4,-1,-1,-1,-1,,,,,
10843,2050056,-1,10,1,-1,-1,-1,-1,-1,-1,4,1,4,-1,-1,-1,-1,,,,,
10844,2050151,-1,388,64,-1,-1,-1,-1,-1,-1,4,1,3,-1,-1,-1,-1,,,,,
10846,2050541,-1,9,1,-1,-1,-1,-1,-1,-1,4,1,4,-1,-1,-1,-1,,,,,
10849,2051110,-1,300,128,-1,-1,-1,-1,-1,-1,4,1,3,-1,-1,-1,-1,,,,,
10850,2051497,-1,4722,64,-1,-1,-1,-1,-1,-1,4,1,3,-1,-1,-1,-1,,,,,
10853,2052227,-1,11,1,-1,-1,-1,-1,-1,-1,4,1,4,-1,-1,-1,-1,,,,,
10854,2052299,-1,16,1,-1,-1,-1,-1,-1,-1,9,2,9,-1,-1,-1,-1,,,,,
10860,2052767,-1,12,1,-1,-1,-1,-1,-1,-1,4,1,4,-1,-1,-1,-1,,,,,
10870,2055268,-1,19,32,-1,-1,-1,-1,-1,-1,43,1,221,-1,-1,-1,-1,,,,,
10871,2055274,-1,14,1,-1,-1,-1,-1,-1,-1,43,1,222,-1,-1,-1,-1,,,,,
10872,2055275,-1,13,8,-1,-1,-1,-1,-1,-1,43,1,223,-1,-1,-1,-1,,,,,
10873,2055277,-1,11,1,-1,-1,-1,-1,-1,-1,43,1,224,-1,-1,-1,-1,,,,,
10874,2055279,-1,10,1,-1,-1,-1,-1,-1,-1,43,1,225,-1,-1,-1,-1,,,,,
10875,2055280,-1,9,2,-1,-1,-1,-1,-1,-1,43,1,226,-1,-1,-1,-1,,,,,
10876,2055282,-1,8,8,-1,-1,-1,-1,-1,-1,43,1,266,-1,-1,-1,-1,,,,,
10882,2056220,-1,10,1,-1,-1,-1,-1,-1,-1,4,1,4,-1,-1,-1,-1,,,,,
10883,2056250,-1,1204,32,-1,-1,-1,-1,-1,-1,43,1,221,-1,-1,-1,-1,,,,,
10884,2056251,-1,1203,1,-1,-1,-1,-1,-1,-1,43,1,222,-1,-1,-1,-1,,,,,
10885,2056253,-1,1202,8,-1,-1,-1,-1,-1,-1,43,1,223,-1,-1,-1,-1,,,,,
10886,2056255,-1,1197,1,-1,-1,-1,-1,-1,-1,43,1,224,-1,-1,-1,-1,,,,,
10887,2056259,-1,1193,1,-1,-1,-1,-1,-1,-1,43,1,225,-1,-1,-1,-1,,,,,
10888,2056261,-1,1191,2,-1,-1,-1,-1,-1,-1,43,1,226,-1,-1,-1,-1,,,,,
10889,2056263,-1,1190,8,-1,-1,-1,-1,-1,-1,43,1,266,-1,-1,-1,-1,,,,,
10890,2056264,-1,1189,32,-1,-1,-1,-1,-1,-1,43,1,267,-1,-1,-1,-1,,,,,
10891,2056266,-1,1188,16,-1,-1,-1,-1,-1,-1,43,1,268,-1,-1,-1,-1,,,,,
10892,2057460,-1,104,32,-1,-1,-1,-1,-1,-1,43,1,221,-1,-1,-1,-1,,,,,
10893,2057463,-1,101,1,-1,-1,-1,-1,-1,-1,43,1,222,-1,-1,-1,-1,,,,,
10894,2057465,-1,100,8,-1,-1,-1,-1,-1,-1,43,1,223,-1,-1,-1,-1,,,,,
10895,2057467,-1,94,1,-1,-1,-1,-1,-1,-1,43,1,224,-1,-1,-1,-1,,,,,
10896,2057468,-1,93,1,-1,-1,-1,-1,-1,-1,43,1,225,-1,-1,-1,-1,,,,,
10897,2057471,-1,91,2,-1,-1,-1,-1,-1,-1,43,1,226,-1,-1,-1,-1,,,,,
10898,2057473,-1,89,8,-1,-1,-1,-1,-1,-1,43,1,266,-1,-1,-1,-1,,,,,
10899,2057474,-1,89,32,-1,-1,-1,-1,-1,-1,43,1,267,-1,-1,-1,-1,,,,,
10900,2057477,-1,86,16,-1,-1,-1,-1,-1,-1,43,1,268,-1,-1,-1,-1,,,,,
10901,2057565,-1,191,32,-1,-1,-1,-1,-1,-1,43,1,221,-1,-1,-1,-1,,,,,
10902,2057567,-1,191,1,-1,-1,-1,-1,-1,-1,43,1,222,-1,-1,-1,-1,,,,,
10903,2057569,-1,190,8,-1,-1,-1,-1,-1,-1,43,1,223,-1,-1,-1,-1,,,,,
10904,2057571,-1,182,1,-1,-1,-1,-1,-1,-1,43,1,224,-1,-1,-1,-1,,,,,
10905,2057573,-1,181,1,-1,-1,-1,-1,-1,-1,43,1,225,-1,-1,-1,-1,,,,,
10906,2057574,-1,180,2,-1,-1,-1,-1,-1,-1,43,1,226,-1,-1,-1,-1,,,,,
10907,2057576,-1,178,8,-1,-1,-1,-1,-1,-1,43,1,266,-1,-1,-1,-1,,,,,
10908,2057579,-1,176,32,-1,-1,-1,-1,-1,-1,43,1,267,-1,-1,-1,-1,,,,,
10909,2057582,-1,173,16,-1,-1,-1,-1,-1,-1,43,1,268,-1,-1,-1,-1,,,,,
10910,2057761,-1,271,32,-1,-1,-1,-1,-1,-1,43,1,221,-1,-1,-1,-1,,,,,
10911,2057766,-1,266,1,-1,-1,-1,-1,-1,-1,43,1,222,-1,-1,-1,-1,,,,,
10912,2057768,-1,264,8,-1,-1,-1,-1,-1,-1,43,1,223,-1,-1,-1,-1,,,,,
10913,2057769,-1,260,1,-1,-1,-1,-1,-1,-1,43,1,224,-1,-1,-1,-1,,,,,
10914,2057772,-1,257,1,-1,-1,-1,-1,-1,-1,43,1,225,-1,-1,-1,-1,,,,,
10915,2057775,-1,254,2,-1,-1,-1,-1,-1,-1,43,1,226,-1,-1,-1,-1,,,,,
10916,2057783,-1,247,8,-1,-1,-1,-1,-1,-1,43,1,266,-1,-1,-1,-1,,,,,
10917,2057785,-1,246,32,-1,-1,-1,-1,-1,-1,43,1,267,-1,-1,-1,-1,,,,,
10918,2057787,-1,244,16,-1,-1,-1,-1,-1,-1,43,1,268,-1,-1,-1,-1,,,,,
10919,2058033,-1,309,32,-1,-1,-1,-1,-1,-1,43,1,221,-1,-1,-1,-1,,,,,
10920,2058035,-1,308,1,-1,-1,-1,-1,-1,-1,43,1,222,-1,-1,-1,-1,,,,,
10921,2058037,-1,306,8,-1,-1,-1,-1,-1,-1,43,1,223,-1,-1,-1,-1,,,,,
10922,2058038,-1,301,1,-1,-1,-1,-1,-1,-1,43,1,224,-1,-1,-1,-1,,,,,
10923,2058041,-1,299,1,-1,-1,-1,-1,-1,-1,43,1,225,-1,-1,-1,-1,,,,,
10924,2058042,-1,298,2,-1,-1,-1,-1,-1,-1,43,1,226,-1,-1,-1,-1,,,,,
10925,2058045,-1,296,8,-1,-1,-1,-1,-1,-1,43,1,266,-1,-1,-1,-1,,,,,
10926,2058047,-1,294,32,-1,-1,-1,-1,-1,-1,43,1,267,-1,-1,-1,-1,,,,,
10927,2058049,-1,293,16,-1,-1,-1,-1,-1,-1,43,1,268,-1,-1,-1,-1,,,,,
10928,2058344,-1,1188,32,-1,-1,-1,-1,-1,-1,43,1,221,-1,-1,-1,-1,,,,,
10929,2058346,-1,1187,1,-1,-1,-1,-1,-1,-1,43,1,222,-1,-1,-1,-1,,,,,
10930,2058348,-1,1185,8,-1,-1,-1,-1,-1,-1,43,1,223,-1,-1,-1,-1,,,,,
10931,2058350,-1,1180,1,-1,-1,-1,-1,-1,-1,43,1,224,-1,-1,-1,-1,,,,,
10932,2058353,-1,1177,1,-1,-1,-1,-1,-1,-1,43,1,225,-1,-1,-1,-1,,,,,
10934,2058355,-1,1176,2,-1,-1,-1,-1,-1,-1,43,1,226,-1,-1,-1,-1,,,,,
10935,2058360,-1,1172,8,-1,-1,-1,-1,-1,-1,43,1,266,-1,-1,-1,-1,,,,,
10936,2058363,-1,1169,32,-1,-1,-1,-1,-1,-1,43,1,267,-1,-1,-1,-1,,,,,
10937,2058365,-1,1166,16,-1,-1,-1,-1,-1,-1,43,1,268,-1,-1,-1,-1,,,,,
10938,2059542,-1,327,32,-1,-1,-1,-1,-1,-1,43,1,221,-1,-1,-1,-1,,,,,
10939,2059544,-1,326,1,-1,-1,-1,-1,-1,-1,43,1,222,-1,-1,-1,-1,,,,,
10940,2059546,-1,324,8,-1,-1,-1,-1,-1,-1,43,1,223,-1,-1,-1,-1,,,,,
10941,2059547,-1,324,1,-1,-1,-1,-1,-1,-1,43,1,224,-1,-1,-1,-1,,,,,
10942,2059549,-1,322,1,-1,-1,-1,-1,-1,-1,43,1,225,-1,-1,-1,-1,,,,,
10943,2059551,-1,320,2,-1,-1,-1,-1,-1,-1,43,1,226,-1,-1,-1,-1,,,,,
10944,2059553,-1,315,8,-1,-1,-1,-1,-1,-1,43,1,266,-1,-1,-1,-1,,,,,
10945,2059555,-1,314,32,-1,-1,-1,-1,-1,-1,43,1,267,-1,-1,-1,-1,,,,,
10946,2059560,-1,309,16,-1,-1,-1,-1,-1,-1,43,1,268,-1,-1,-1,-1,,,,,
10947,2059907,-1,169,32,-1,-1,-1,-1,-1,-1,43,1,221,-1,-1,-1,-1,,,,,
10948,2059909,-1,167,1,-1,-1,-1,-1,-1,-1,43,1,222,-1,-1,-1,-1,,,,,
10949,2059911,-1,166,8,-1,-1,-1,-1,-1,-1,43,1,223,-1,-1,-1,-1,,,,,
10950,2059913,-1,164,1,-1,-1,-1,-1,-1,-1,43,1,224,-1,-1,-1,-1,,,,,
10951,2059915,-1,162,1,-1,-1,-1,-1,-1,-1,43,1,225,-1,-1,-1,-1,,,,,
10952,2059919,-1,155,2,-1,-1,-1,-1,-1,-1,43,1,226,-1,-1,-1,-1,,,,,
10953,2059922,-1,152,8,-1,-1,-1,-1,-1,-1,43,1,266,-1,-1,-1,-1,,,,,
10954,2059924,-1,151,32,-1,-1,-1,-1,-1,-1,43,1,267,-1,-1,-1,-1,,,,,
10955,2059926,-1,149,16,-1,-1,-1,-1,-1,-1,43,1,268,-1,-1,-1,-1,,,,,
10956,2060101,-1,8815,128,-1,-1,-1,-1,-1,-1,1,1,-1,-1,-1,-1,-1,,,,,
10957,2068923,-1,3725,16,-1,-1,-1,-1,-1,-1,28,1,-1,-1,-1,-1,-1,,,,,
10958,2068925,-1,10924,16,-1,-1,-1,-1,-1,-1,28,1,-1,-1,-1,-1,-1,,,,,
10959,2068926,-1,9455,64,-1,-1,-1,-1,-1,-1,4,1,-1,-1,-1,-1,-1,,,,,
10960,2069491,-1,3,32,-1,-1,-1,-1,-1,-1,43,1,221,-1,-1,-1,-1,,,,,
10970,2078386,-1,9369,64,-1,-1,-1,-1,-1,-1,4,1,-1,-1,-1,-1,-1,,,,,
11013,2087950,-1,11303,32,-1,-1,-1,-1,-1,-1,43,1,221,-1,-1,-1,-1,,,,,
11014,2087951,-1,11311,1,-1,-1,-1,-1,-1,-1,43,1,222,-1,-1,-1,-1,,,,,
11015,2087953,-1,11309,8,-1,-1,-1,-1,-1,-1,43,1,223,-1,-1,-1,-1,,,,,
11016,2087955,-1,11302,1,-1,-1,-1,-1,-1,-1,43,1,224,-1,-1,-1,-1,,,,,
11017,2087957,-1,11301,1,-1,-1,-1,-1,-1,-1,43,1,225,-1,-1,-1,-1,,,,,
11018,2087959,-1,11299,2,-1,-1,-1,-1,-1,-1,43,1,226,-1,-1,-1,-1,,,,,
11019,2087961,-1,11298,8,-1,-1,-1,-1,-1,-1,43,1,266,-1,-1,-1,-1,,,,,
11020,2087962,-1,11297,32,-1,-1,-1,-1,-1,-1,43,1,267,-1,-1,-1,-1,,,,,
11021,2087964,-1,11297,16,-1,-1,-1,-1,-1,-1,43,1,268,-1,-1,-1,-1,,,,,
11022,2099472,-1,5544,64,-1,-1,-1,-1,-1,-1,4,1,3,-1,-1,-1,-1,,,,,
11034,2101862,-1,159,64,-1,-1,-1,-1,-1,-1,12,2,14,-1,-1,-1,-1,,,,,
11035,2102971,-1,1404,1,-1,-1,-1,-1,-1,-1,22,1,150,-1,-1,-1,-1,,,,,
11036,2103176,-1,282,2,-1,-1,-1,-1,-1,-1,38,2,71,-1,-1,-1,-1,,,,,
11037,2103491,-1,317,2,-1,-1,-1,-1,-1,-1,38,2,71,-1,-1,-1,-1,,,,,
11038,2103534,-1,11,1,-1,-1,-1,-1,-1,-1,5,2,9,-1,-1,-1,-1,,,,,
11039,2103623,-1,32,1,-1,-1,-1,-1,-1,-1,46,1,284,-1,-1,-1,-1,,,,,
11040,2103699,-1,32,1,-1,-1,-1,-1,-1,-1,46,1,284,-1,-1,-1,-1,,,,,
11041,2103860,-1,373,2,-1,-1,-1,-1,-1,-1,38,2,71,-1,-1,-1,-1,,,,,
11042,2103966,-1,5,1,-1,-1,-1,-1,-1,-1,5,2,9,-1,-1,-1,-1,,,,,
11043,2104263,-1,467,4,-1,-1,-1,-1,-1,-1,38,2,71,-1,-1,-1,-1,,,,,
11045,2104750,-1,1722,8,-1,-1,-1,-1,-1,-1,38,2,71,-1,-1,-1,-1,,,,,
11046,2105077,-1,816,64,-1,-1,-1,-1,-1,-1,4,1,3,-1,-1,-1,-1,,,,,
11051,2106066,-1,1324,16,-1,-1,-1,-1,-1,-1,28,1,-1,-1,-1,-1,-1,,,,,
11052,2106157,-1,15,16,-1,-1,-1,-1,-1,-1,28,1,-1,-1,-1,-1,-1,,,,,
11053,2106225,-1,3723,16,-1,-1,-1,-1,-1,-1,28,1,-1,-1,-1,-1,-1,,,,,
11054,2106303,-1,18,1,-1,-1,-1,-1,-1,-1,9,2,9,-1,-1,-1,-1,,,,,
11055,2106357,-1,1155,64,-1,-1,-1,-1,-1,-1,4,1,3,-1,-1,-1,-1,,,,,
11058,2106511,-1,2118,16,-1,-1,-1,-1,-1,-1,38,2,71,-1,-1,-1,-1,,,,,
11062,2107705,-1,4793,64,-1,-1,-1,-1,-1,-1,4,1,3,-1,-1,-1,-1,,,,,
11068,2108659,-1,269,2,-1,-1,-1,-1,-1,-1,38,2,71,-1,-1,-1,-1,,,,,
11070,2108973,-1,746,2,-1,-1,-1,-1,-1,-1,38,2,71,-1,-1,-1,-1,,,,,
11071,2109025,-1,56,1,-1,-1,-1,-1,-1,-1,46,1,61,-1,-1,-1,-1,,,,,
11072,2109129,-1,37,1,-1,-1,-1,-1,-1,-1,46,1,285,-1,-1,-1,-1,,,,,
11073,2109179,-1,562,1,-1,-1,-1,-1,-1,-1,46,1,61,-1,-1,-1,-1,,,,,
11076,2109711,-1,153,8,-1,-1,-1,-1,-1,-1,5,2,11,-1,-1,-1,-1,,,,,
11077,2109734,-1,5,1,-1,-1,-1,-1,-1,-1,5,2,9,-1,-1,-1,-1,,,,,
11079,2109792,-1,7,1,-1,-1,-1,-1,-1,-1,5,2,9,-1,-1,-1,-1,,,,,
11080,2109838,-1,18,1,-1,-1,-1,-1,-1,-1,5,2,9,-1,-1,-1,-1,,,,,
11082,2109873,-1,279,4,-1,-1,-1,-1,-1,-1,5,2,5,-1,-1,-1,-1,,,,,
11083,2109922,-1,8,1,-1,-1,-1,-1,-1,-1,5,2,9,-1,-1,-1,-1,,,,,
11085,2109963,-1,8,1,-1,-1,-1,-1,-1,-1,5,2,9,-1,-1,-1,-1,,,,,
11087,2110062,-1,1,1,-1,-1,-1,-1,-1,-1,5,2,9,-1,-1,-1,-1,,,,,
11088,2110082,-1,11,1,-1,-1,-1,-1,-1,-1,5,2,9,-1,-1,-1,-1,,,,,
11089,2110120,-1,5,1,-1,-1,-1,-1,-1,-1,5,2,9,-1,-1,-1,-1,,,,,
11090,2110441,-1,79,1,-1,-1,-1,-1,-1,-1,46,1,61,-1,-1,-1,-1,,,,,
11091,2110460,-1,11,1,-1,-1,-1,-1,-1,-1,5,2,12,-1,-1,-1,-1,,,,,
11093,2110516,-1,8,1,-1,-1,-1,-1,-1,-1,5,2,12,-1,-1,-1,-1,,,,,
11094,2110678,-1,1922,1,-1,-1,-1,-1,-1,-1,46,1,61,-1,-1,-1,-1,,,,,
11102,2112365,-1,13,32,-1,-1,-1,-1,-1,-1,43,1,221,-1,-1,-1,-1,,,,,
11103,2112367,-1,12,1,-1,-1,-1,-1,-1,-1,43,1,222,-1,-1,-1,-1,,,,,
11104,2112369,-1,10,8,-1,-1,-1,-1,-1,-1,43,1,223,-1,-1,-1,-1,,,,,
11105,2112370,-1,10,1,-1,-1,-1,-1,-1,-1,43,1,224,-1,-1,-1,-1,,,,,
11106,2112372,-1,8,1,-1,-1,-1,-1,-1,-1,43,1,225,-1,-1,-1,-1,,,,,
11107,2112374,-1,6,2,-1,-1,-1,-1,-1,-1,43,1,226,-1,-1,-1,-1,,,,,
11108,2112376,-1,2,8,-1,-1,-1,-1,-1,-1,43,1,266,-1,-1,-1,-1,,,,,
11109,2112408,-1,24,32,-1,-1,-1,-1,-1,-1,43,1,221,-1,-1,-1,-1,,,,,
11110,2112411,-1,21,1,-1,-1,-1,-1,-1,-1,43,1,222,-1,-1,-1,-1,,,,,
11111,2112413,-1,19,8,-1,-1,-1,-1,-1,-1,43,1,223,-1,-1,-1,-1,,,,,
11112,2112415,-1,18,1,-1,-1,-1,-1,-1,-1,43,1,224,-1,-1,-1,-1,,,,,
11113,2112417,-1,16,1,-1,-1,-1,-1,-1,-1,43,1,225,-1,-1,-1,-1,,,,,
11114,2112422,-1,12,2,-1,-1,-1,-1,-1,-1,43,1,226,-1,-1,-1,-1,,,,,
11115,2112427,-1,4,8,-1,-1,-1,-1,-1,-1,43,1,266,-1,-1,-1,-1,,,,,
11116,2112472,-1,3722,16,-1,-1,-1,-1,-1,-1,28,1,-1,-1,-1,-1,-1,,,,,
11117,2112513,-1,32,1,-1,-1,-1,-1,-1,-1,4,1,4,-1,-1,-1,-1,,,,,
11118,2112521,-1,29,32,-1,-1,-1,-1,-1,-1,43,1,221,-1,-1,-1,-1,,,,,
11119,2112528,-1,23,1,-1,-1,-1,-1,-1,-1,43,1,222,-1,-1,-1,-1,,,,,
11120,2112570,-1,0,16,-1,-1,-1,-1,-1,-1,28,1,77,-1,-1,-1,-1,,,,,
11121,2112587,-1,38,32,-1,-1,-1,-1,-1,-1,43,1,221,-1,-1,-1,-1,,,,,
11122,2112591,-1,31,1,-1,-1,-1,-1,-1,-1,43,1,222,-1,-1,-1,-1,,,,,
11123,2112594,-1,30,8,-1,-1,-1,-1,-1,-1,43,1,223,-1,-1,-1,-1,,,,,
11124,2112604,-1,20,1,-1,-1,-1,-1,-1,-1,43,1,224,-1,-1,-1,-1,,,,,
11125,2112611,-1,14,1,-1,-1,-1,-1,-1,-1,43,1,225,-1,-1,-1,-1,,,,,
11126,2112614,-1,177,1,-1,-1,-1,-1,-1,-1,46,1,61,-1,-1,-1,-1,,,,,
11127,2112618,-1,5,2,-1,-1,-1,-1,-1,-1,43,1,226,-1,-1,-1,-1,,,,,
11129,2112807,-1,195,1,-1,-1,-1,-1,-1,-1,46,1,61,-1,-1,-1,-1,,,,,
11132,2113148,-1,255,1,-1,-1,-1,-1,-1,-1,46,1,61,-1,-1,-1,-1,,,,,
11135,2113493,-1,302,1,-1,-1,-1,-1,-1,-1,46,1,61,-1,-1,-1,-1,,,,,
11137,2113831,-1,30,1,-1,-1,-1,-1,-1,-1,46,1,61,-1,-1,-1,-1,,,,,
11140,2114492,-1,2515,64,-1,-1,-1,-1,-1,-1,4,1,3,-1,-1,-1,-1,,,,,
11147,2116175,-1,101,4,-1,-1,-1,-1,-1,-1,8,1,286,-1,-1,-1,-1,,,,,
11149,2116576,-1,211,4,-1,-1,-1,-1,-1,-1,8,1,286,-1,-1,-1,-1,,,,,
11151,2116909,-1,136,4,-1,-1,-1,-1,-1,-1,8,1,286,-1,-1,-1,-1,,,,,
11152,2116941,-1,0,16,-1,-1,-1,-1,-1,-1,28,1,-1,-1,-1,-1,-1,,,,,
11153,2116967,-1,1325,16,-1,-1,-1,-1,-1,-1,28,1,-1,-1,-1,-1,-1,,,,,
11154,2117021,-1,39,1,-1,-1,-1,-1,-1,-1,4,1,4,-1,-1,-1,-1,,,,,
11155,2117024,-1,0,16,-1,-1,-1,-1,-1,-1,28,1,-1,-1,-1,-1,-1,,,,,
11157,2117130,-1,141,4,-1,-1,-1,-1,-1,-1,8,1,286,-1,-1,-1,-1,,,,,
11161,2117356,-1,311,4,-1,-1,-1,-1,-1,-1,8,1,286,-1,-1,-1,-1,,,,,
11163,2117781,-1,537,4,-1,-1,-1,-1,-1,-1,8,1,286,-1,-1,-1,-1,,,,,
11164,2117860,-1,0,32,-1,-1,-1,-1,-1,-1,4,1,3,-1,-1,-1,-1,,,,,
11165,2118191,-1,61,16,-1,-1,-1,-1,-1,-1,35,1,287,-1,-1,-1,-1,,,,,
11171,2118876,-1,60,16,-1,-1,-1,-1,-1,-1,35,1,287,-1,-1,-1,-1,,,,,
11174,2121009,-1,503,16,-1,-1,-1,-1,-1,-1,28,1,-1,-1,-1,-1,-1,,,,,
11175,2121010,-1,3719,16,-1,-1,-1,-1,-1,-1,28,1,-1,-1,-1,-1,-1,,,,,
11176,2121050,-1,31,32,-1,-1,-1,-1,-1,-1,43,1,221,-1,-1,-1,-1,,,,,
11177,2121053,-1,29,1,-1,-1,-1,-1,-1,-1,43,1,222,-1,-1,-1,-1,,,,,
11178,2121057,-1,25,8,-1,-1,-1,-1,-1,-1,43,1,223,-1,-1,-1,-1,,,,,
11179,2121064,-1,18,1,-1,-1,-1,-1,-1,-1,43,1,224,-1,-1,-1,-1,,,,,
11180,2121070,-1,9,1,-1,-1,-1,-1,-1,-1,43,1,225,-1,-1,-1,-1,,,,,
11181,2121073,-1,7,2,-1,-1,-1,-1,-1,-1,43,1,226,-1,-1,-1,-1,,,,,
11182,2121076,-1,5,8,-1,-1,-1,-1,-1,-1,43,1,266,-1,-1,-1,-1,,,,,
11183,2121119,-1,107,1,-1,-1,-1,-1,-1,-1,22,1,261,-1,-1,-1,-1,,,,,
11184,2121175,-1,1273,64,-1,-1,-1,-1,-1,-1,4,1,3,-1,-1,-1,-1,,,,,
11187,2121388,-1,155,2,-1,-1,-1,-1,-1,-1,22,1,261,-1,-1,-1,-1,,,,,
11190,2121580,-1,312,16,-1,-1,-1,-1,-1,-1,11,1,11,-1,-1,-1,-1,,,,,
11192,2121832,-1,85,4,-1,-1,-1,-1,-1,-1,22,1,261,-1,-1,-1,-1,,,,,
11193,2122030,-1,95,8,-1,-1,-1,-1,-1,-1,22,1,261,-1,-1,-1,-1,,,,,
11195,2122182,-1,130,32,-1,-1,-1,-1,-1,-1,11,1,11,-1,-1,-1,-1,,,,,
11196,2122218,-1,88,16,-1,-1,-1,-1,-1,-1,22,1,261,-1,-1,-1,-1,,,,,
11197,2122335,-1,66,32,-1,-1,-1,-1,-1,-1,11,1,11,-1,-1,-1,-1,,,,,
11198,2122431,-1,386,32,-1,-1,-1,-1,-1,-1,11,1,11,-1,-1,-1,-1,,,,,
11199,2122453,-1,39,1,-1,-1,-1,-1,-1,-1,4,1,4,-1,-1,-1,-1,,,,,
11200,2122560,-1,28,32,-1,-1,-1,-1,-1,-1,22,1,261,-1,-1,-1,-1,,,,,
11201,2122615,-1,122,32,-1,-1,-1,-1,-1,-1,22,1,261,-1,-1,-1,-1,,,,,
11203,2123186,-1,1305,32,-1,-1,-1,-1,-1,-1,11,1,11,-1,-1,-1,-1,,,,,
11204,2123250,-1,86,1,-1,-1,-1,-1,-1,-1,22,1,288,-1,-1,-1,-1,,,,,
11205,2123791,-1,26,1,-1,-1,-1,-1,-1,-1,4,1,4,-1,-1,-1,-1,,,,,
11206,2123876,-1,5931,64,-1,-1,-1,-1,-1,-1,4,1,3,-1,-1,-1,-1,,,,,
11207,2125039,-1,332,64,-1,-1,-1,-1,-1,-1,35,1,146,-1,-1,-1,-1,,,,,
11208,2125779,-1,14,1,-1,-1,-1,-1,-1,-1,4,1,4,-1,-1,-1,-1,,,,,
11209,2126361,-1,3723,16,-1,-1,-1,-1,-1,-1,28,1,-1,-1,-1,-1,-1,,,,,
11210,2126982,-1,20,1,-1,-1,-1,-1,-1,-1,4,1,4,-1,-1,-1,-1,,,,,
11211,2127406,-1,50,1,-1,-1,-1,-1,-1,-1,46,1,61,-1,-1,-1,-1,,,,,
11212,2127625,-1,248,1,-1,-1,-1,-1,-1,-1,46,1,61,-1,-1,-1,-1,,,,,
11213,2128102,-1,16,1,-1,-1,-1,-1,-1,-1,4,1,4,-1,-1,-1,-1,,,,,
11214,2128420,-1,49,1,-1,-1,-1,-1,-1,-1,46,1,61,-1,-1,-1,-1,,,,,
11215,2128553,-1,41,1,-1,-1,-1,-1,-1,-1,46,1,61,-1,-1,-1,-1,,,,,
11216,2128666,-1,38,1,-1,-1,-1,-1,-1,-1,46,1,61,-1,-1,-1,-1,,,,,
11217,2128762,-1,55,1,-1,-1,-1,-1,-1,-1,46,1,61,-1,-1,-1,-1,,,,,
11218,2128889,-1,33,1,-1,-1,-1,-1,-1,-1,46,1,61,-1,-1,-1,-1,,,,,
11219,2129238,-1,48,1,-1,-1,-1,-1,-1,-1,46,1,61,-1,-1,-1,-1,,,,,
11220,2129810,-1,14,1,-1,-1,-1,-1,-1,-1,4,1,4,-1,-1,-1,-1,,,,,
11221,2129814,-1,66,1,-1,-1,-1,-1,-1,-1,46,1,61,-1,-1,-1,-1,,,,,
11222,2130048,-1,50,1,-1,-1,-1,-1,-1,-1,46,1,61,-1,-1,-1,-1,,,,,
11223,2130070,-1,2533,1,-1,-1,-1,-1,-1,-1,22,1,150,-1,-1,-1,-1,,,,,
11224,2130230,-1,31,1,-1,-1,-1,-1,-1,-1,46,1,61,-1,-1,-1,-1,,,,,
11225,2130329,-1,35,1,-1,-1,-1,-1,-1,-1,46,1,61,-1,-1,-1,-1,,,,,
11226,2130447,-1,30,1,-1,-1,-1,-1,-1,-1,46,1,61,-1,-1,-1,-1,,,,,
11227,2130801,-1,55,1,-1,-1,-1,-1,-1,-1,46,1,61,-1,-1,-1,-1,,,,,
11228,2132294,-1,35,1,-1,-1,-1,-1,-1,-1,46,1,284,-1,-1,-1,-1,,,,,
11229,2132403,-1,963,1,-1,-1,-1,-1,-1,-1,22,1,265,-1,-1,-1,-1,,,,,
11230,2132466,-1,2807,64,-1,-1,-1,-1,-1,-1,4,1,3,-1,-1,-1,-1,,,,,
11231,2132479,-1,33,1,-1,-1,-1,-1,-1,-1,12,2,289,-1,-1,-1,-1,,,,,
11232,2132564,-1,62,1,-1,-1,-1,-1,-1,-1,46,1,284,-1,-1,-1,-1,,,,,
11233,2132684,-1,27,1,-1,-1,-1,-1,-1,-1,15,1,12,-1,-1,-1,-1,,,,,
11234,2132735,-1,218,4,-1,-1,-1,-1,-1,-1,15,1,19,-1,-1,-1,-1,,,,,
11235,2132745,-1,7912,2,-1,-1,-1,-1,-1,-1,22,1,150,-1,-1,-1,-1,,,,,
11236,2132772,-1,183,2,-1,-1,-1,-1,-1,-1,15,1,20,-1,-1,-1,-1,,,,,
11237,2132851,-1,62,32,-1,-1,-1,-1,-1,-1,46,1,284,-1,-1,-1,-1,,,,,
11238,2132985,-1,27,1,-1,-1,-1,-1,-1,-1,15,1,9,-1,-1,-1,-1,,,,,
11239,2133055,-1,37,1,-1,-1,-1,-1,-1,-1,15,1,56,-1,-1,-1,-1,,,,,
11240,2133074,-1,71,32,-1,-1,-1,-1,-1,-1,46,1,284,-1,-1,-1,-1,,,,,
11241,2133522,-1,22,1,-1,-1,-1,-1,-1,-1,15,1,12,-1,-1,-1,-1,,,,,
11242,2133609,-1,9,32,-1,-1,-1,-1,-1,-1,1,1,-1,-1,-1,-1,-1,,,,,
11243,2133701,-1,25,1,-1,-1,-1,-1,-1,-1,4,1,4,-1,-1,-1,-1,,,,,
11244,2133773,-1,31,1,-1,-1,-1,-1,-1,-1,15,1,12,-1,-1,-1,-1,,,,,
11245,2133774,-1,382,32,-1,-1,-1,-1,-1,-1,1,1,290,-1,-1,-1,-1,,,,,
11246,2134245,-1,86,8,-1,-1,-1,-1,-1,-1,34,1,108,-1,-1,-1,-1,,,,,
11247,2134460,-1,16,1,-1,-1,-1,-1,-1,-1,4,1,4,-1,-1,-1,-1,,,,,
11248,2135017,-1,14,1,-1,-1,-1,-1,-1,-1,4,1,4,-1,-1,-1,-1,,,,,
11249,2135077,-1,52,8,-1,-1,-1,-1,-1,-1,34,1,108,-1,-1,-1,-1,,,,,
11250,2135177,-1,13,4,-1,-1,-1,-1,-1,-1,8,1,286,-1,-1,-1,-1,,,,,
11251,2135246,-1,205,4,-1,-1,-1,-1,-1,-1,8,1,286,-1,-1,-1,-1,,,,,
11252,2135275,-1,29,1,-1,-1,-1,-1,-1,-1,4,1,4,-1,-1,-1,-1,,,,,
11253,2135427,-1,5946,64,-1,-1,-1,-1,-1,-1,4,1,3,-1,-1,-1,-1,,,,,
11254,2135497,-1,85,4,-1,-1,-1,-1,-1,-1,8,1,286,-1,-1,-1,-1,,,,,
11255,2135675,-1,79,4,-1,-1,-1,-1,-1,-1,8,1,286,-1,-1,-1,-1,,,,,
11256,2135842,-1,358,4,-1,-1,-1,-1,-1,-1,8,1,286,-1,-1,-1,-1,,,,,
11257,2136271,-1,18,1,-1,-1,-1,-1,-1,-1,4,1,4,-1,-1,-1,-1,,,,,
11258,2136729,-1,28,4,-1,-1,-1,-1,-1,-1,8,1,286,-1,-1,-1,-1,,,,,
11259,2136855,-1,198,4,-1,-1,-1,-1,-1,-1,8,1,286,-1,-1,-1,-1,,,,,
11260,2138047,-1,20,1,-1,-1,-1,-1,-1,-1,4,1,4,-1,-1,-1,-1,,,,,
11261,2138699,-1,14,1,-1,-1,-1,-1,-1,-1,9,2,9,-1,-1,-1,-1,,,,,
11262,2139359,-1,294,16,-1,-1,-1,-1,-1,-1,35,1,291,-1,-1,-1,-1,,,,,
11263,2139686,-1,305,16,-1,-1,-1,-1,-1,-1,35,1,291,-1,-1,-1,-1,,,,,
11264,2139791,-1,2340,32,-1,-1,-1,-1,-1,-1,1,1,-1,-1,-1,-1,-1,,,,,
11265,2140101,-1,199,4,-1,-1,-1,-1,-1,-1,8,1,286,-1,-1,-1,-1,,,,,
11266,2140476,-1,205,4,-1,-1,-1,-1,-1,-1,8,1,286,-1,-1,-1,-1,,,,,
11267,2140901,-1,39,4,-1,-1,-1,-1,-1,-1,8,1,286,-1,-1,-1,-1,,,,,
11268,2141025,-1,33,4,-1,-1,-1,-1,-1,-1,8,1,286,-1,-1,-1,-1,,,,,
11269,2141124,-1,31,4,-1,-1,-1,-1,-1,-1,8,1,286,-1,-1,-1,-1,,,,,
11270,2141377,-1,13,1,-1,-1,-1,-1,-1,-1,4,1,4,-1,-1,-1,-1,,,,,
11271,2141542,-1,31,4,-1,-1,-1,-1,-1,-1,8,1,286,-1,-1,-1,-1,,,,,
11272,2141852,-1,285,4,-1,-1,-1,-1,-1,-1,8,1,286,-1,-1,-1,-1,,,,,
11273,2142134,-1,2336,32,-1,-1,-1,-1,-1,-1,1,1,-1,-1,-1,-1,-1,,,,,
11274,2142204,-1,184,4,-1,-1,-1,-1,-1,-1,8,1,286,-1,-1,-1,-1,,,,,
11275,2142496,-1,181,4,-1,-1,-1,-1,-1,-1,8,1,286,-1,-1,-1,-1,,,,,
11276,2142504,-1,3723,16,-1,-1,-1,-1,-1,-1,28,1,-1,-1,-1,-1,-1,,,,,
11277,2142848,-1,78,4,-1,-1,-1,-1,-1,-1,8,1,286,-1,-1,-1,-1,,,,,
11278,2143009,-1,78,4,-1,-1,-1,-1,-1,-1,8,1,286,-1,-1,-1,-1,,,,,
11279,2143145,-1,156,4,-1,-1,-1,-1,-1,-1,8,1,286,-1,-1,-1,-1,,,,,
11280,2143459,-1,111,4,-1,-1,-1,-1,-1,-1,8,1,286,-1,-1,-1,-1,,,,,
11281,2143664,-1,1257,4,-1,-1,-1,-1,-1,-1,8,1,286,-1,-1,-1,-1,,,,,
11282,2145006,-1,873,4,-1,-1,-1,-1,-1,-1,8,1,286,-1,-1,-1,-1,,,,,
11283,2145607,-1,10923,16,-1,-1,-1,-1,-1,-1,28,1,-1,-1,-1,-1,-1,,,,,
11284,2145610,-1,2610,64,-1,-1,-1,-1,-1,-1,1,1,-1,-1,-1,-1,-1,,,,,
11285,2146213,-1,107,4,-1,-1,-1,-1,-1,-1,8,1,286,-1,-1,-1,-1,,,,,
11286,2146391,-1,1065,4,-1,-1,-1,-1,-1,-1,8,1,286,-1,-1,-1,-1,,,,,
11287,2147558,-1,79,4,-1,-1,-1,-1,-1,-1,8,1,286,-1,-1,-1,-1,,,,,
11288,2147707,-1,1520,4,-1,-1,-1,-1,-1,-1,8,1,286,-1,-1,-1,-1,,,,,
11289,2148225,-1,2591,64,-1,-1,-1,-1,-1,-1,1,1,-1,-1,-1,-1,-1,,,,,
11290,2149058,-1,143,1,-1,-1,-1,-1,-1,-1,46,1,292,-1,-1,-1,-1,,,,,
11291,2149434,-1,262,4,-1,-1,-1,-1,-1,-1,8,1,286,-1,-1,-1,-1,,,,,
11292,2149771,-1,45,4,-1,-1,-1,-1,-1,-1,8,1,286,-1,-1,-1,-1,,,,,
11293,2149932,-1,1540,4,-1,-1,-1,-1,-1,-1,8,1,286,-1,-1,-1,-1,,,,,
11294,2150826,-1,9460,64,-1,-1,-1,-1,-1,-1,4,1,-1,-1,-1,-1,-1,,,,,
11295,2152834,-1,3723,16,-1,-1,-1,-1,-1,-1,28,1,-1,-1,-1,-1,-1,,,,,
11299,2159261,-1,393,1,-1,-1,-1,-1,-1,-1,6,1,6,-1,-1,-1,-1,,,,,
11307,2160292,-1,8806,128,-1,-1,-1,-1,-1,-1,1,1,-1,-1,-1,-1,-1,,,,,
11308,2169103,-1,10924,16,-1,-1,-1,-1,-1,-1,28,1,-1,-1,-1,-1,-1,,,,,
11309,2169104,-1,9456,64,-1,-1,-1,-1,-1,-1,4,1,-1,-1,-1,-1,-1,,,,,
11402,2179449,-1,71,4,-1,-1,-1,-1,-1,-1,5,2,11,-1,-1,-1,-1,,,,,
11405,2179509,-1,84,4,-1,-1,-1,-1,-1,-1,5,2,293,-1,-1,-1,-1,,,,,
11406,2179511,-1,84,4,-1,-1,-1,-1,-1,-1,5,2,294,-1,-1,-1,-1,,,,,
11407,2179524,-1,60,4,-1,-1,-1,-1,-1,-1,5,2,5,-1,-1,-1,-1,,,,,
11408,2179531,-1,50,4,-1,-1,-1,-1,-1,-1,5,2,295,-1,-1,-1,-1,,,,,
11411,2179890,-1,462,4,-1,-1,-1,-1,-1,-1,5,2,295,-1,-1,-1,-1,,,,,
11412,2179893,-1,461,4,-1,-1,-1,-1,-1,-1,5,2,5,-1,-1,-1,-1,,,,,
11413,2179896,-1,459,4,-1,-1,-1,-1,-1,-1,5,2,293,-1,-1,-1,-1,,,,,
11414,2179904,-1,439,4,-1,-1,-1,-1,-1,-1,5,2,294,-1,-1,-1,-1,,,,,
11429,2181456,-1,102,128,-1,-1,-1,-1,-1,-1,12,2,14,-1,-1,-1,-1,,,,,
11442,2182550,-1,1325,16,-1,-1,-1,-1,-1,-1,28,1,-1,-1,-1,-1,-1,,,,,
11443,2182582,-1,29,16,-1,-1,-1,-1,-1,-1,28,1,-1,-1,-1,-1,-1,,,,,
11445,2183281,-1,3724,16,-1,-1,-1,-1,-1,-1,28,1,-1,-1,-1,-1,-1,,,,,
11461,2186380,-1,9389,64,-1,-1,-1,-1,-1,-1,4,1,3,-1,-1,-1,-1,,,,,
11468,2187748,-1,17,1,-1,-1,-1,-1,-1,-1,4,1,4,-1,-1,-1,-1,,,,,
11470,2188367,-1,11,1,-1,-1,-1,-1,-1,-1,4,1,2,-1,-1,-1,-1,,,,,
11471,2189537,-1,157,1,-1,-1,-1,-1,-1,-1,46,1,292,-1,-1,-1,-1,,,,,
11472,2189743,-1,170,1,-1,-1,-1,-1,-1,-1,46,1,292,-1,-1,-1,-1,,,,,
11473,2190545,-1,957,1,-1,-1,-1,-1,-1,-1,22,1,296,-1,-1,-1,-1,,,,,
11477,2192700,-1,15,1,-1,-1,-1,-1,-1,-1,9,2,9,-1,-1,-1,-1,,,,,
11483,2193350,-1,18,1,-1,-1,-1,-1,-1,-1,4,1,4,-1,-1,-1,-1,,,,,
11486,2194258,-1,86,1,-1,-1,-1,-1,-1,-1,46,1,284,-1,-1,-1,-1,,,,,
11491,2194521,-1,18,1,-1,-1,-1,-1,-1,-1,4,1,4,-1,-1,-1,-1,,,,,
11493,2194606,-1,94,1,-1,-1,-1,-1,-1,-1,46,1,61,-1,-1,-1,-1,,,,,
11496,2195771,-1,14,1,-1,-1,-1,-1,-1,-1,4,1,4,-1,-1,-1,-1,,,,,
11502,2196484,-1,387,1,-1,-1,-1,-1,-1,-1,6,1,6,-1,-1,-1,-1,,,,,
11506,2197475,-1,68,8,-1,-1,-1,-1,-1,-1,37,1,297,-1,-1,-1,-1,,,,,
11511,2197825,-1,16,1,-1,-1,-1,-1,-1,-1,6,1,6,-1,-1,-1,-1,,,,,
11513,2198355,-1,17,32,-1,-1,-1,-1,-1,-1,12,2,-1,-1,-1,-1,-1,,,,,
11514,2198361,-1,8,32,-1,-1,-1,-1,-1,-1,12,2,11,-1,-1,-1,-1,,,,,
11515,2198559,-1,102,128,-1,-1,-1,-1,-1,-1,12,2,14,-1,-1,-1,-1,,,,,
11516,2198794,-1,15,1,-1,-1,-1,-1,-1,-1,12,2,1,-1,-1,-1,-1,,,,,
11518,2198845,-1,15,1,-1,-1,-1,-1,-1,-1,12,2,1,-1,-1,-1,-1,,,,,
11519,2198866,-1,3,1,-1,-1,-1,-1,-1,-1,46,1,298,-1,-1,-1,-1,,,,,
11520,2199108,-1,3,1,-1,-1,-1,-1,-1,-1,46,1,298,-1,-1,-1,-1,,,,,
11523,2199255,-1,707,64,-1,-1,-1,-1,-1,-1,4,1,3,-1,-1,-1,-1,,,,,
11528,2199987,-1,1095,64,-1,-1,-1,-1,-1,-1,4,1,3,-1,-1,-1,-1,,,,,
11529,2200149,-1,4,1,-1,-1,-1,-1,-1,-1,46,1,298,-1,-1,-1,-1,,,,,
11533,2200819,-1,5558,1,-1,-1,-1,-1,-1,-1,22,1,265,-1,-1,-1,-1,,,,,
11536,2200906,-1,3,1,-1,-1,-1,-1,-1,-1,46,1,298,-1,-1,-1,-1,,,,,
11538,2201121,-1,2909,64,-1,-1,-1,-1,-1,-1,4,1,3,-1,-1,-1,-1,,,,,
11540,2201772,-1,27,1,-1,-1,-1,-1,-1,-1,46,1,298,-1,-1,-1,-1,,,,,
11542,2201905,-1,4,1,-1,-1,-1,-1,-1,-1,46,1,298,-1,-1,-1,-1,,,,,
11543,2202076,-1,4,1,-1,-1,-1,-1,-1,-1,46,1,298,-1,-1,-1,-1,,,,,
11544,2202122,-1,3,1,-1,-1,-1,-1,-1,-1,46,1,298,-1,-1,-1,-1,,,,,
11546,2202273,-1,10,1,-1,-1,-1,-1,-1,-1,46,1,298,-1,-1,-1,-1,,,,,
11551,2202623,-1,9,1,-1,-1,-1,-1,-1,-1,46,1,298,-1,-1,-1,-1,,,,,
11552,2202752,-1,14,1,-1,-1,-1,-1,-1,-1,46,1,298,-1,-1,-1,-1,,,,,
11553,2202799,-1,17,1,-1,-1,-1,-1,-1,-1,46,1,298,-1,-1,-1,-1,,,,,
11554,2202987,-1,215,4,-1,-1,-1,-1,-1,-1,15,1,19,-1,-1,-1,-1,,,,,
11555,2203009,-1,196,2,-1,-1,-1,-1,-1,-1,15,1,20,-1,-1,-1,-1,,,,,
11556,2203019,-1,41,1,-1,-1,-1,-1,-1,-1,46,1,298,-1,-1,-1,-1,,,,,
11558,2203220,-1,1325,16,-1,-1,-1,-1,-1,-1,28,1,-1,-1,-1,-1,-1,,,,,
11560,2203627,-1,152,4,-1,-1,-1,-1,-1,-1,28,1,67,-1,-1,-1,-1,,,,,
11561,2203868,-1,116,4,-1,-1,-1,-1,-1,-1,28,1,67,-1,-1,-1,-1,,,,,
11565,2204180,-1,1962,64,-1,-1,-1,-1,-1,-1,4,1,3,-1,-1,-1,-1,,,,,
11568,2205190,-1,21,1,-1,-1,-1,-1,-1,-1,15,1,12,-1,-1,-1,-1,,,,,
11570,2205233,-1,31,1,-1,-1,-1,-1,-1,-1,15,1,12,-1,-1,-1,-1,,,,,
11571,2205269,-1,231,4,-1,-1,-1,-1,-1,-1,15,1,19,-1,-1,-1,-1,,,,,
11572,2205291,-1,211,2,-1,-1,-1,-1,-1,-1,15,1,20,-1,-1,-1,-1,,,,,
11578,2206183,-1,1922,64,-1,-1,-1,-1,-1,-1,4,1,3,-1,-1,-1,-1,,,,,
11579,2206269,-1,28,4,-1,-1,-1,-1,-1,-1,28,1,67,-1,-1,-1,-1,,,,,
11581,2206331,-1,119,8,-1,-1,-1,-1,-1,-1,28,1,67,-1,-1,-1,-1,,,,,
11582,2206396,-1,27,2,-1,-1,-1,-1,-1,-1,22,1,265,-1,-1,-1,-1,,,,,
11583,2206425,-1,122,1,-1,-1,-1,-1,-1,-1,12,2,299,-1,-1,-1,-1,,,,,
11584,2206515,-1,1676,1,-1,-1,-1,-1,-1,-1,22,1,265,-1,-1,-1,-1,,,,,
11585,2206594,-1,22,1,-1,-1,-1,-1,-1,-1,12,2,299,-1,-1,-1,-1,,,,,
11586,2206631,-1,427,1,-1,-1,-1,-1,-1,-1,6,1,6,-1,-1,-1,-1,,,,,
11587,2206710,-1,115,8,-1,-1,-1,-1,-1,-1,28,1,67,-1,-1,-1,-1,,,,,
11589,2206831,-1,112,8,-1,-1,-1,-1,-1,-1,28,1,67,-1,-1,-1,-1,,,,,
11590,2206973,-1,34,8,-1,-1,-1,-1,-1,-1,28,1,67,-1,-1,-1,-1,,,,,
11591,2207012,-1,105,8,-1,-1,-1,-1,-1,-1,28,1,67,-1,-1,-1,-1,,,,,
11592,2207148,-1,119,8,-1,-1,-1,-1,-1,-1,28,1,67,-1,-1,-1,-1,,,,,
11595,2207293,-1,111,8,-1,-1,-1,-1,-1,-1,28,1,67,-1,-1,-1,-1,,,,,
11599,2207673,-1,17,1,-1,-1,-1,-1,-1,-1,4,1,4,-1,-1,-1,-1,,,,,
11601,2207996,-1,44,4,-1,-1,-1,-1,-1,-1,15,1,300,-1,-1,-1,-1,,,,,
11602,2208396,-1,2568,64,-1,-1,-1,-1,-1,-1,4,1,3,-1,-1,-1,-1,,,,,
11603,2208445,-1,126,8,-1,-1,-1,-1,-1,-1,28,1,67,-1,-1,-1,-1,,,,,
11605,2208579,-1,112,8,-1,-1,-1,-1,-1,-1,28,1,67,-1,-1,-1,-1,,,,,
11606,2208696,-1,103,8,-1,-1,-1,-1,-1,-1,28,1,67,-1,-1,-1,-1,,,,,
11609,2208945,-1,223,4,-1,-1,-1,-1,-1,-1,15,1,300,-1,-1,-1,-1,,,,,
11614,2209818,-1,15,1,-1,-1,-1,-1,-1,-1,4,1,4,-1,-1,-1,-1,,,,,
11615,2210002,-1,4,4,-1,-1,-1,-1,-1,-1,7,1,71,-1,-1,-1,-1,,,,,
11616,2210124,-1,7,4,-1,-1,-1,-1,-1,-1,7,1,71,-1,-1,-1,-1,,,,,
11618,2210193,-1,4,4,-1,-1,-1,-1,-1,-1,7,1,71,-1,-1,-1,-1,,,,,
11619,2210223,-1,120,8,-1,-1,-1,-1,-1,-1,28,1,67,-1,-1,-1,-1,,,,,
11620,2210358,-1,132,8,-1,-1,-1,-1,-1,-1,28,1,67,-1,-1,-1,-1,,,,,
11621,2210360,-1,18,4,-1,-1,-1,-1,-1,-1,7,1,71,-1,-1,-1,-1,,,,,
11622,2210472,-1,16,4,-1,-1,-1,-1,-1,-1,7,1,71,-1,-1,-1,-1,,,,,
11623,2210524,-1,130,8,-1,-1,-1,-1,-1,-1,28,1,67,-1,-1,-1,-1,,,,,
11625,2210561,-1,14,4,-1,-1,-1,-1,-1,-1,7,1,71,-1,-1,-1,-1,,,,,
11626,2210589,-1,64,1,-1,-1,-1,-1,-1,-1,4,1,4,-1,-1,-1,-1,,,,,
11628,2210641,-1,18,4,-1,-1,-1,-1,-1,-1,7,1,71,-1,-1,-1,-1,,,,,
11629,2210661,-1,107,8,-1,-1,-1,-1,-1,-1,28,1,67,-1,-1,-1,-1,,,,,
11631,2210767,-1,10,4,-1,-1,-1,-1,-1,-1,7,1,71,-1,-1,-1,-1,,,,,
11632,2210779,-1,125,8,-1,-1,-1,-1,-1,-1,28,1,67,-1,-1,-1,-1,,,,,
11635,2210910,-1,104,8,-1,-1,-1,-1,-1,-1,28,1,67,-1,-1,-1,-1,,,,,
11636,2210966,-1,33,1,-1,-1,-1,-1,-1,-1,4,1,4,-1,-1,-1,-1,,,,,
11637,2211110,-1,16,4,-1,-1,-1,-1,-1,-1,7,1,71,-1,-1,-1,-1,,,,,
11638,2211232,-1,13,4,-1,-1,-1,-1,-1,-1,7,1,71,-1,-1,-1,-1,,,,,
11639,2211356,-1,15,4,-1,-1,-1,-1,-1,-1,7,1,71,-1,-1,-1,-1,,,,,
11642,2212794,-1,15,1,-1,-1,-1,-1,-1,-1,4,1,4,-1,-1,-1,-1,,,,,
11644,2212902,-1,1338,128,-1,-1,-1,-1,-1,-1,4,1,3,-1,-1,-1,-1,,,,,
11645,2214297,-1,19,4,-1,-1,-1,-1,-1,-1,7,1,71,-1,-1,-1,-1,,,,,
11646,2214422,-1,28,1,-1,-1,-1,-1,-1,-1,4,1,4,-1,-1,-1,-1,,,,,
11647,2214449,-1,20,4,-1,-1,-1,-1,-1,-1,7,1,71,-1,-1,-1,-1,,,,,
11649,2214530,-1,7489,64,-1,-1,-1,-1,-1,-1,4,1,3,-1,-1,-1,-1,,,,,
11650,2214564,-1,24,4,-1,-1,-1,-1,-1,-1,7,1,71,-1,-1,-1,-1,,,,,
11651,2214678,-1,21,4,-1,-1,-1,-1,-1,-1,7,1,71,-1,-1,-1,-1,,,,,
11652,2214817,-1,79,4,-1,-1,-1,-1,-1,-1,7,1,71,-1,-1,-1,-1,,,,,
11653,2214918,-1,12,4,-1,-1,-1,-1,-1,-1,7,1,71,-1,-1,-1,-1,,,,,
11655,2215034,-1,10,4,-1,-1,-1,-1,-1,-1,7,1,71,-1,-1,-1,-1,,,,,
11656,2215122,-1,68,4,-1,-1,-1,-1,-1,-1,7,1,71,-1,-1,-1,-1,,,,,
11658,2215207,-1,8,4,-1,-1,-1,-1,-1,-1,7,1,71,-1,-1,-1,-1,,,,,
11659,2215298,-1,27,4,-1,-1,-1,-1,-1,-1,7,1,71,-1,-1,-1,-1,,,,,
11663,2215485,-1,15,4,-1,-1,-1,-1,-1,-1,7,1,71,-1,-1,-1,-1,,,,,
11665,2215628,-1,15,4,-1,-1,-1,-1,-1,-1,7,1,71,-1,-1,-1,-1,,,,,
11667,2215833,-1,10,4,-1,-1,-1,-1,-1,-1,7,1,71,-1,-1,-1,-1,,,,,
11668,2215928,-1,10,4,-1,-1,-1,-1,-1,-1,7,1,71,-1,-1,-1,-1,,,,,
11669,2216019,-1,11,4,-1,-1,-1,-1,-1,-1,7,1,71,-1,-1,-1,-1,,,,,
11670,2216934,-1,17,4,-1,-1,-1,-1,-1,-1,7,1,71,-1,-1,-1,-1,,,,,
11672,2217064,-1,17,4,-1,-1,-1,-1,-1,-1,7,1,71,-1,-1,-1,-1,,,,,
11673,2217192,-1,9,4,-1,-1,-1,-1,-1,-1,7,1,71,-1,-1,-1,-1,,,,,
11682,2219347,-1,10,4,-1,-1,-1,-1,-1,-1,7,1,71,-1,-1,-1,-1,,,,,
11683,2219385,-1,8,1,-1,-1,-1,-1,-1,-1,7,1,9,-1,-1,-1,-1,,,,,
11684,2219413,-1,17,1,-1,-1,-1,-1,-1,-1,4,1,4,-1,-1,-1,-1,,,,,
11686,2219561,-1,5,4,-1,-1,-1,-1,-1,-1,7,1,71,-1,-1,-1,-1,,,,,
11692,2220431,-1,22,8,-1,-1,-1,-1,-1,-1,24,1,29,-1,-1,-1,-1,,,,,
11693,2220474,-1,21,8,-1,-1,-1,-1,-1,-1,24,1,29,-1,-1,-1,-1,,,,,
11695,2220637,-1,21,8,-1,-1,-1,-1,-1,-1,24,1,74,-1,-1,-1,-1,,,,,
11696,2220698,-1,38,8,-1,-1,-1,-1,-1,-1,24,1,74,-1,-1,-1,-1,,,,,
11697,2220792,-1,8,8,-1,-1,-1,-1,-1,-1,28,1,67,-1,-1,-1,-1,,,,,
11698,2220816,-1,132,8,-1,-1,-1,-1,-1,-1,28,1,67,-1,-1,-1,-1,,,,,
11699,2220955,-1,125,8,-1,-1,-1,-1,-1,-1,28,1,67,-1,-1,-1,-1,,,,,
11701,2221106,-1,42,8,-1,-1,-1,-1,-1,-1,28,1,67,-1,-1,-1,-1,,,,,
11702,2221165,-1,119,8,-1,-1,-1,-1,-1,-1,28,1,67,-1,-1,-1,-1,,,,,
11703,2221220,-1,57,8,-1,-1,-1,-1,-1,-1,37,1,297,-1,-1,-1,-1,,,,,
11704,2221319,-1,7,4,-1,-1,-1,-1,-1,-1,7,1,71,-1,-1,-1,-1,,,,,
11705,2221377,-1,108,8,-1,-1,-1,-1,-1,-1,28,1,67,-1,-1,-1,-1,,,,,
11708,2221504,-1,41,8,-1,-1,-1,-1,-1,-1,24,1,74,-1,-1,-1,-1,,,,,
11709,2221512,-1,36,8,-1,-1,-1,-1,-1,-1,28,1,67,-1,-1,-1,-1,,,,,
11711,2221595,-1,118,8,-1,-1,-1,-1,-1,-1,28,1,67,-1,-1,-1,-1,,,,,
11714,2221720,-1,115,8,-1,-1,-1,-1,-1,-1,28,1,67,-1,-1,-1,-1,,,,,
11715,2221889,-1,116,8,-1,-1,-1,-1,-1,-1,28,1,67,-1,-1,-1,-1,,,,,
11716,2221953,-1,56,8,-1,-1,-1,-1,-1,-1,24,1,74,-1,-1,-1,-1,,,,,
11717,2222023,-1,42,1,-1,-1,-1,-1,-1,-1,4,1,4,-1,-1,-1,-1,,,,,
11718,2222042,-1,109,8,-1,-1,-1,-1,-1,-1,28,1,67,-1,-1,-1,-1,,,,,
11721,2222986,-1,7,4,-1,-1,-1,-1,-1,-1,7,1,71,-1,-1,-1,-1,,,,,
11728,2223833,-1,110,8,-1,-1,-1,-1,-1,-1,28,1,67,-1,-1,-1,-1,,,,,
11730,2224228,-1,5,4,-1,-1,-1,-1,-1,-1,7,1,71,-1,-1,-1,-1,,,,,
11736,2224832,-1,5,4,-1,-1,-1,-1,-1,-1,7,1,71,-1,-1,-1,-1,,,,,
11737,2225099,-1,12,1,-1,-1,-1,-1,-1,-1,9,2,9,-1,-1,-1,-1,,,,,
11739,2225380,-1,5,4,-1,-1,-1,-1,-1,-1,7,1,71,-1,-1,-1,-1,,,,,
11740,2225570,-1,28,8,-1,-1,-1,-1,-1,-1,28,1,67,-1,-1,-1,-1,,,,,
11742,2225864,-1,4,4,-1,-1,-1,-1,-1,-1,7,1,71,-1,-1,-1,-1,,,,,
11748,2226503,-1,5,4,-1,-1,-1,-1,-1,-1,7,1,71,-1,-1,-1,-1,,,,,
11771,2232006,-1,10924,16,-1,-1,-1,-1,-1,-1,28,1,-1,-1,-1,-1,-1,,,,,
11772,2232007,-1,9557,64,-1,-1,-1,-1,-1,-1,4,1,-1,-1,-1,-1,-1,,,,,
11794,2237196,-1,16,1,-1,-1,-1,-1,-1,-1,12,2,1,-1,-1,-1,-1,,,,,
11818,2242935,-1,9602,128,-1,-1,-1,-1,-1,-1,2,1,-1,-1,-1,-1,-1,,,,,
11819,2252540,-1,3723,16,-1,-1,-1,-1,-1,-1,28,1,-1,-1,-1,-1,-1,,,,,
11820,2256267,-1,8798,128,-1,-1,-1,-1,-1,-1,1,1,-1,-1,-1,-1,-1,,,,,
11821,2267508,-1,98,128,-1,-1,-1,-1,-1,-1,12,2,14,-1,-1,-1,-1,,,,,
11822,2272022,-1,9420,64,-1,-1,-1,-1,-1,-1,4,1,3,-1,-1,-1,-1,,,,,
11827,2276833,-1,441,1,-1,-1,-1,-1,-1,-1,8,1,286,-1,-1,-1,-1,,,,,
11832,2277369,-1,1520,1,-1,-1,-1,-1,-1,-1,8,1,286,-1,-1,-1,-1,,,,,
11835,2278034,-1,67,1,-1,-1,-1,-1,-1,-1,22,1,261,-1,-1,-1,-1,,,,,
11845,2279100,-1,12,1,-1,-1,-1,-1,-1,-1,9,2,9,-1,-1,-1,-1,,,,,
11850,2280088,-1,8,4,-1,-1,-1,-1,-1,-1,7,1,71,-1,-1,-1,-1,,,,,
11855,2280791,-1,251,1,-1,-1,-1,-1,-1,-1,6,1,6,-1,-1,-1,-1,,,,,
11856,2281256,-1,1602,1,-1,-1,-1,-1,-1,-1,6,1,6,-1,-1,-1,-1,,,,,
11858,2281445,-1,24,1,-1,-1,-1,-1,-1,-1,4,1,4,-1,-1,-1,-1,,,,,
11859,2281490,-1,9440,64,-1,-1,-1,-1,-1,-1,4,1,3,-1,-1,-1,-1,,,,,
11861,2281671,-1,7,4,-1,-1,-1,-1,-1,-1,7,1,71,-1,-1,-1,-1,,,,,
11863,2281715,-1,21,1,-1,-1,-1,-1,-1,-1,12,2,1,-1,-1,-1,-1,,,,,
11864,2281761,-1,21,1,-1,-1,-1,-1,-1,-1,12,2,1,-1,-1,-1,-1,,,,,
11866,2281800,-1,19,4,-1,-1,-1,-1,-1,-1,7,1,71,-1,-1,-1,-1,,,,,
11867,2281823,-1,16,1,-1,-1,-1,-1,-1,-1,12,2,1,-1,-1,-1,-1,,,,,
11869,2281852,-1,22,1,-1,-1,-1,-1,-1,-1,12,2,1,-1,-1,-1,-1,,,,,
11871,2282326,-1,7,4,-1,-1,-1,-1,-1,-1,7,1,71,-1,-1,-1,-1,,,,,
11873,2282592,-1,223,32,-1,-1,-1,-1,-1,-1,12,2,14,-1,-1,-1,-1,,,,,
11874,2282808,-1,8,4,-1,-1,-1,-1,-1,-1,7,1,71,-1,-1,-1,-1,,,,,
11879,2283371,-1,22,1,-1,-1,-1,-1,-1,-1,32,1,11,-1,-1,-1,-1,,,,,
11880,2283400,-1,10,4,-1,-1,-1,-1,-1,-1,7,1,71,-1,-1,-1,-1,,,,,
11882,2283438,-1,19,1,-1,-1,-1,-1,-1,-1,32,1,71,-1,-1,-1,-1,,,,,
11884,2283817,-1,127,4,-1,-1,-1,-1,-1,-1,5,2,11,-1,-1,-1,-1,,,,,
11888,2284893,-1,9,4,-1,-1,-1,-1,-1,-1,7,1,71,-1,-1,-1,-1,,,,,
11896,2286628,-1,173,4,-1,-1,-1,-1,-1,-1,5,2,11,-1,-1,-1,-1,,,,,
11897,2286641,-1,36,32,-1,-1,-1,-1,-1,-1,5,2,241,-1,-1,-1,-1,,,,,
11900,2286726,-1,6,1,-1,-1,-1,-1,-1,-1,5,2,9,-1,-1,-1,-1,,,,,
11903,2286841,-1,143,4,-1,-1,-1,-1,-1,-1,5,2,11,-1,-1,-1,-1,,,,,
11904,2286877,-1,6,4,-1,-1,-1,-1,-1,-1,7,1,71,-1,-1,-1,-1,,,,,
11905,2286907,-1,7,1,-1,-1,-1,-1,-1,-1,5,2,9,-1,-1,-1,-1,,,,,
11906,2287276,-1,3724,16,-1,-1,-1,-1,-1,-1,28,1,-1,-1,-1,-1,-1,,,,,
11908,2287767,-1,1525,4,-1,-1,-1,-1,-1,-1,5,2,11,-1,-1,-1,-1,,,,,
11909,2287789,-1,5,1,-1,-1,-1,-1,-1,-1,5,2,9,-1,-1,-1,-1,,,,,
11911,2287885,-1,2518,32,-1,-1,-1,-1,-1,-1,1,1,-1,-1,-1,-1,-1,,,,,
11915,2288364,-1,9,4,-1,-1,-1,-1,-1,-1,7,1,71,-1,-1,-1,-1,,,,,
11918,2288795,-1,5,1,-1,-1,-1,-1,-1,-1,5,2,56,-1,-1,-1,-1,,,,,
11926,2290337,-1,6,4,-1,-1,-1,-1,-1,-1,7,1,71,-1,-1,-1,-1,,,,,
11927,2290366,-1,69,4,-1,-1,-1,-1,-1,-1,5,2,11,-1,-1,-1,-1,,,,,
11928,2290453,-1,35,32,-1,-1,-1,-1,-1,-1,5,2,241,-1,-1,-1,-1,,,,,
11929,2290505,-1,7,1,-1,-1,-1,-1,-1,-1,5,2,9,-1,-1,-1,-1,,,,,
11930,2290528,-1,4,1,-1,-1,-1,-1,-1,-1,5,2,9,-1,-1,-1,-1,,,,,
11931,2290563,-1,35,32,-1,-1,-1,-1,-1,-1,5,2,241,-1,-1,-1,-1,,,,,
11933,2290638,-1,35,32,-1,-1,-1,-1,-1,-1,5,2,241,-1,-1,-1,-1,,,,,
11934,2290685,-1,33,32,-1,-1,-1,-1,-1,-1,5,2,241,-1,-1,-1,-1,,,,,
11935,2290770,-1,4,1,-1,-1,-1,-1,-1,-1,5,2,9,-1,-1,-1,-1,,,,,
11936,2290936,-1,16,1,-1,-1,-1,-1,-1,-1,4,1,4,-1,-1,-1,-1,,,,,
11937,2290981,-1,338,64,-1,-1,-1,-1,-1,-1,4,1,3,-1,-1,-1,-1,,,,,
11938,2291112,-1,20,1,-1,-1,-1,-1,-1,-1,5,2,12,-1,-1,-1,-1,,,,,
11942,2291615,-1,167,64,-1,-1,-1,-1,-1,-1,12,2,14,-1,-1,-1,-1,,,,,
11946,2291783,-1,103,2,-1,-1,-1,-1,-1,-1,15,1,300,-1,-1,-1,-1,,,,,
11947,2292164,-1,120,4,-1,-1,-1,-1,-1,-1,5,2,11,-1,-1,-1,-1,,,,,
11948,2292215,-1,5,1,-1,-1,-1,-1,-1,-1,5,2,9,-1,-1,-1,-1,,,,,
11949,2292240,-1,12,1,-1,-1,-1,-1,-1,-1,5,2,9,-1,-1,-1,-1,,,,,
11951,2292263,-1,16,4,-1,-1,-1,-1,-1,-1,7,1,71,-1,-1,-1,-1,,,,,
11952,2292603,-1,95,2,-1,-1,-1,-1,-1,-1,15,1,300,-1,-1,-1,-1,,,,,
11954,2292889,-1,12298,2,-1,-1,-1,-1,-1,-1,15,1,300,-1,-1,-1,-1,,,,,
11955,2292907,-1,91,4,-1,-1,-1,-1,-1,-1,5,2,11,-1,-1,-1,-1,,,,,
11959,2293325,-1,150,4,-1,-1,-1,-1,-1,-1,5,2,11,-1,-1,-1,-1,,,,,
11962,2293448,-1,5,1,-1,-1,-1,-1,-1,-1,5,2,9,-1,-1,-1,-1,,,,,
11973,2296416,-1,161,64,-1,-1,-1,-1,-1,-1,12,2,14,-1,-1,-1,-1,,,,,
11987,2299280,-1,5,4,-1,-1,-1,-1,-1,-1,7,1,71,-1,-1,-1,-1,,,,,
11988,2299350,-1,3723,16,-1,-1,-1,-1,-1,-1,28,1,-1,-1,-1,-1,-1,,,,,
11994,2300111,-1,232,32,-1,-1,-1,-1,-1,-1,12,2,14,-1,-1,-1,-1,,,,,
11996,2300325,-1,21,4,-1,-1,-1,-1,-1,-1,7,1,71,-1,-1,-1,-1,,,,,
11997,2300465,-1,7,4,-1,-1,-1,-1,-1,-1,7,1,71,-1,-1,-1,-1,,,,,
11998,2300726,-1,218,32,-1,-1,-1,-1,-1,-1,12,2,14,-1,-1,-1,-1,,,,,
12010,2303324,-1,2512,32,-1,-1,-1,-1,-1,-1,1,1,-1,-1,-1,-1,-1,,,,,
12011,2303525,-1,3724,16,-1,-1,-1,-1,-1,-1,28,1,-1,-1,-1,-1,-1,,,,,
12013,2303699,-1,78,32,-1,-1,-1,-1,-1,-1,17,1,263,-1,-1,-1,-1,,,,,
12020,2305121,-1,1146,1,-1,-1,-1,-1,-1,-1,22,1,301,-1,-1,-1,-1,,,,,
12026,2305841,-1,3723,32,-1,-1,-1,-1,-1,-1,17,1,-1,-1,-1,-1,-1,,,,,
12029,2306449,-1,813,2,-1,-1,-1,-1,-1,-1,22,1,301,-1,-1,-1,-1,,,,,
12032,2307256,-1,3724,32,-1,-1,-1,-1,-1,-1,17,1,-1,-1,-1,-1,-1,,,,,
12033,2307287,-1,29,4,-1,-1,-1,-1,-1,-1,22,1,301,-1,-1,-1,-1,,,,,
12035,2307328,-1,409,8,-1,-1,-1,-1,-1,-1,22,1,301,-1,-1,-1,-1,,,,,
12038,2307486,-1,49,2,-1,-1,-1,-1,-1,-1,15,1,300,-1,-1,-1,-1,,,,,
12040,2307750,-1,365,16,-1,-1,-1,-1,-1,-1,22,1,301,-1,-1,-1,-1,,,,,
12041,2307784,-1,7253,2,-1,-1,-1,-1,-1,-1,15,1,300,-1,-1,-1,-1,,,,,
12042,2307924,-1,209,32,-1,-1,-1,-1,-1,-1,16,2,21,-1,-1,-1,-1,,,,,
12047,2308961,-1,2504,32,-1,-1,-1,-1,-1,-1,1,1,302,-1,-1,-1,-1,,,,,
12051,2309255,-1,21,1,-1,-1,-1,-1,-1,-1,13,1,274,-1,-1,-1,-1,,,,,
12052,2309611,-1,3724,32,-1,-1,-1,-1,-1,-1,17,1,-1,-1,-1,-1,-1,,,,,
12054,2309788,-1,22,1,-1,-1,-1,-1,-1,-1,13,1,274,-1,-1,-1,-1,,,,,
12056,2310216,-1,22,1,-1,-1,-1,-1,-1,-1,13,1,274,-1,-1,-1,-1,,,,,
12061,2310689,-1,69,1,-1,-1,-1,-1,-1,-1,13,1,274,-1,-1,-1,-1,,,,,
12063,2310760,-1,1554,4,-1,-1,-1,-1,-1,-1,22,1,303,-1,-1,-1,-1,,,,,
12064,2311012,-1,3724,32,-1,-1,-1,-1,-1,-1,17,1,-1,-1,-1,-1,-1,,,,,
12066,2311467,-1,2509,32,-1,-1,-1,-1,-1,-1,1,1,302,-1,-1,-1,-1,,,,,
12067,2311499,-1,15,1,-1,-1,-1,-1,-1,-1,9,2,9,-1,-1,-1,-1,,,,,
12068,2311611,-1,147,1,-1,-1,-1,-1,-1,-1,13,1,274,-1,-1,-1,-1,,,,,
12070,2311990,-1,93,1,-1,-1,-1,-1,-1,-1,13,1,274,-1,-1,-1,-1,,,,,
12074,2312244,-1,18,1,-1,-1,-1,-1,-1,-1,13,1,274,-1,-1,-1,-1,,,,,
12076,2312292,-1,376,1,-1,-1,-1,-1,-1,-1,13,1,274,-1,-1,-1,-1,,,,,
12077,2312331,-1,932,8,-1,-1,-1,-1,-1,-1,22,1,303,-1,-1,-1,-1,,,,,
12080,2313279,-1,703,16,-1,-1,-1,-1,-1,-1,22,1,303,-1,-1,-1,-1,,,,,
12081,2313361,-1,1675,32,-1,-1,-1,-1,-1,-1,17,1,-1,-1,-1,-1,-1,,,,,
12086,2313994,-1,608,32,-1,-1,-1,-1,-1,-1,22,1,303,-1,-1,-1,-1,,,,,
12087,2314042,-1,27,1,-1,-1,-1,-1,-1,-1,7,1,9,-1,-1,-1,-1,,,,,
12089,2314112,-1,160,4,-1,-1,-1,-1,-1,-1,7,1,37,-1,-1,-1,-1,,,,,
12091,2314209,-1,112,4,-1,-1,-1,-1,-1,-1,5,2,11,-1,-1,-1,-1,,,,,
12092,2314329,-1,336,4,-1,-1,-1,-1,-1,-1,7,1,37,-1,-1,-1,-1,,,,,
12093,2314710,-1,121,4,-1,-1,-1,-1,-1,-1,7,1,37,-1,-1,-1,-1,,,,,
12095,2314803,-1,236,32,-1,-1,-1,-1,-1,-1,17,1,-1,-1,-1,-1,-1,,,,,
12096,2314857,-1,182,4,-1,-1,-1,-1,-1,-1,7,1,37,-1,-1,-1,-1,,,,,
12097,2316030,-1,146,4,-1,-1,-1,-1,-1,-1,5,2,11,-1,-1,-1,-1,,,,,
12098,2316063,-1,66,8,-1,-1,-1,-1,-1,-1,5,2,304,-1,-1,-1,-1,,,,,
12099,2316132,-1,1026,8,-1,-1,-1,-1,-1,-1,5,2,304,-1,-1,-1,-1,,,,,
12100,2316156,-1,35,64,-1,-1,-1,-1,-1,-1,5,2,241,-1,-1,-1,-1,,,,,
12101,2316210,-1,36,64,-1,-1,-1,-1,-1,-1,5,2,241,-1,-1,-1,-1,,,,,
12102,2316413,-1,157,32,-1,-1,-1,-1,-1,-1,5,2,11,-1,-1,-1,-1,,,,,
12103,2316595,-1,297,64,-1,-1,-1,-1,-1,-1,5,2,11,-1,-1,-1,-1,,,,,
12104,2316787,-1,25,1,-1,-1,-1,-1,-1,-1,5,2,12,-1,-1,-1,-1,,,,,
12105,2316906,-1,36,64,-1,-1,-1,-1,-1,-1,5,2,241,-1,-1,-1,-1,,,,,
12106,2316946,-1,34,64,-1,-1,-1,-1,-1,-1,5,2,241,-1,-1,-1,-1,,,,,
12107,2316966,-1,101,4,-1,-1,-1,-1,-1,-1,5,2,11,-1,-1,-1,-1,,,,,
12108,2317196,-1,25,1,-1,-1,-1,-1,-1,-1,5,2,12,-1,-1,-1,-1,,,,,
12109,2317403,-1,116,4,-1,-1,-1,-1,-1,-1,5,2,11,-1,-1,-1,-1,,,,,
12110,2318425,-1,2514,32,-1,-1,-1,-1,-1,-1,1,1,-1,-1,-1,-1,-1,,,,,
12111,2318427,-1,10924,16,-1,-1,-1,-1,-1,-1,28,1,-1,-1,-1,-1,-1,,,,,
12121,2320941,-1,2511,32,-1,-1,-1,-1,-1,-1,1,1,-1,-1,-1,-1,-1,,,,,
12161,2329356,-1,10728,128,-1,-1,-1,-1,-1,-1,4,1,-1,-1,-1,-1,-1,,,,,
12162,2340103,-1,3727,128,-1,-1,-1,-1,-1,-1,17,1,-1,-1,-1,-1,-1,,,,,
12163,2343870,-1,3728,128,-1,-1,-1,-1,-1,-1,17,1,-1,-1,-1,-1,-1,,,,,
12164,2347610,-1,3725,128,-1,-1,-1,-1,-1,-1,17,1,-1,-1,-1,-1,-1,,,,,
12246,2361800,-1,100,8,-1,-1,-1,-1,-1,-1,11,1,11,-1,-1,-1,-1,,,,,
12247,2362013,-1,63,8,-1,-1,-1,-1,-1,-1,11,1,11,-1,-1,-1,-1,,,,,
12248,2362221,-1,4734,8,-1,-1,-1,-1,-1,-1,11,1,11,-1,-1,-1,-1,,,,,
12250,2362575,-1,348,32,-1,-1,-1,-1,-1,-1,22,1,301,-1,-1,-1,-1,,,,,
12252,2363406,-1,3372,2,-1,-1,-1,-1,-1,-1,15,1,300,-1,-1,-1,-1,,,,,
12254,2363478,-1,508,4,-1,-1,-1,-1,-1,-1,22,1,301,-1,-1,-1,-1,,,,,
12256,2363793,-1,166,64,-1,-1,-1,-1,-1,-1,12,2,14,-1,-1,-1,-1,,,,,
12260,2363978,-1,224,32,-1,-1,-1,-1,-1,-1,12,2,14,-1,-1,-1,-1,,,,,
12269,2365499,-1,12,1,-1,-1,-1,-1,-1,-1,9,2,9,-1,-1,-1,-1,,,,,
12272,2366427,-1,99,1,-1,-1,-1,-1,-1,-1,13,1,274,-1,-1,-1,-1,,,,,
12273,2366615,-1,56,1,-1,-1,-1,-1,-1,-1,13,1,274,-1,-1,-1,-1,,,,,
12274,2366619,-1,28,4,-1,-1,-1,-1,-1,-1,7,1,37,-1,-1,-1,-1,,,,,
12278,2366852,-1,96,2,-1,-1,-1,-1,-1,-1,15,1,300,-1,-1,-1,-1,,,,,
12281,2367038,-1,38,1,-1,-1,-1,-1,-1,-1,13,1,15,-1,-1,-1,-1,,,,,
12282,2367077,-1,6677,2,-1,-1,-1,-1,-1,-1,15,1,300,-1,-1,-1,-1,,,,,
12284,2367398,-1,162,4,-1,-1,-1,-1,-1,-1,7,1,37,-1,-1,-1,-1,,,,,
12285,2367453,-1,25,1,-1,-1,-1,-1,-1,-1,13,1,15,-1,-1,-1,-1,,,,,
12286,2367735,-1,23,4,-1,-1,-1,-1,-1,-1,7,1,37,-1,-1,-1,-1,,,,,
12287,2367849,-1,74,1,-1,-1,-1,-1,-1,-1,13,1,274,-1,-1,-1,-1,,,,,
12289,2368177,-1,483,1,-1,-1,-1,-1,-1,-1,13,1,274,-1,-1,-1,-1,,,,,
12291,2368227,-1,40,1,-1,-1,-1,-1,-1,-1,22,1,305,-1,-1,-1,-1,,,,,
12295,2368455,-1,37,1,-1,-1,-1,-1,-1,-1,22,1,305,-1,-1,-1,-1,,,,,
12297,2368556,-1,58,4,-1,-1,-1,-1,-1,-1,22,1,305,-1,-1,-1,-1,,,,,
12298,2368719,-1,24,4,-1,-1,-1,-1,-1,-1,7,1,37,-1,-1,-1,-1,,,,,
12301,2369475,-1,266,1,-1,-1,-1,-1,-1,-1,6,1,6,-1,-1,-1,-1,,,,,
12302,2369489,-1,76,4,-1,-1,-1,-1,-1,-1,22,1,305,-1,-1,-1,-1,,,,,
12303,2369609,-1,62,1,-1,-1,-1,-1,-1,-1,22,1,305,-1,-1,-1,-1,,,,,
12304,2369681,-1,21,2,-1,-1,-1,-1,-1,-1,22,1,305,-1,-1,-1,-1,,,,,
12305,2369836,-1,22,8,-1,-1,-1,-1,-1,-1,22,1,305,-1,-1,-1,-1,,,,,
12307,2369861,-1,21,16,-1,-1,-1,-1,-1,-1,22,1,305,-1,-1,-1,-1,,,,,
12308,2369888,-1,10569,32,-1,-1,-1,-1,-1,-1,22,1,305,-1,-1,-1,-1,,,,,
12313,2370202,-1,2501,32,-1,-1,-1,-1,-1,-1,1,1,302,-1,-1,-1,-1,,,,,
12319,2371004,-1,67,1,-1,-1,-1,-1,-1,-1,13,1,274,-1,-1,-1,-1,,,,,
12321,2371142,-1,267,1,-1,-1,-1,-1,-1,-1,6,1,6,-1,-1,-1,-1,,,,,
12322,2371300,-1,28,1,-1,-1,-1,-1,-1,-1,22,1,151,-1,-1,-1,-1,,,,,
12323,2371382,-1,1686,1,-1,-1,-1,-1,-1,-1,22,1,151,-1,-1,-1,-1,,,,,
12324,2371405,-1,502,1,-1,-1,-1,-1,-1,-1,13,1,274,-1,-1,-1,-1,,,,,
12325,2371431,-1,145,4,-1,-1,-1,-1,-1,-1,47,2,306,-1,-1,-1,-1,,,,,
12334,2372188,-1,63,1,-1,-1,-1,-1,-1,-1,13,1,274,-1,-1,-1,-1,,,,,
12337,2372384,-1,49,1,-1,-1,-1,-1,-1,-1,13,1,274,-1,-1,-1,-1,,,,,
12338,2372453,-1,3791,4,-1,-1,-1,-1,-1,-1,14,2,11,-1,-1,-1,-1,,,,,
12339,2372571,-1,431,1,-1,-1,-1,-1,-1,-1,6,1,6,-1,-1,-1,-1,,,,,
12341,2372712,-1,2506,32,-1,-1,-1,-1,-1,-1,1,1,302,-1,-1,-1,-1,,,,,
12344,2372814,-1,29,1,-1,-1,-1,-1,-1,-1,22,1,307,-1,-1,-1,-1,,,,,
12346,2372900,-1,29,1,-1,-1,-1,-1,-1,-1,22,1,307,-1,-1,-1,-1,,,,,
12348,2372975,-1,228,2,-1,-1,-1,-1,-1,-1,22,1,307,-1,-1,-1,-1,,,,,
12351,2373349,-1,196,4,-1,-1,-1,-1,-1,-1,22,1,307,-1,-1,-1,-1,,,,,
12355,2373557,-1,28,1,-1,-1,-1,-1,-1,-1,15,1,12,-1,-1,-1,-1,,,,,
12356,2373567,-1,45,4,-1,-1,-1,-1,-1,-1,7,1,37,-1,-1,-1,-1,,,,,
12357,2373589,-1,58,1,-1,-1,-1,-1,-1,-1,13,1,274,-1,-1,-1,-1,,,,,
12358,2373624,-1,21,1,-1,-1,-1,-1,-1,-1,15,1,12,-1,-1,-1,-1,,,,,
12359,2373710,-1,165,8,-1,-1,-1,-1,-1,-1,22,1,307,-1,-1,-1,-1,,,,,
12360,2373758,-1,208,4,-1,-1,-1,-1,-1,-1,15,1,19,-1,-1,-1,-1,,,,,
12361,2373781,-1,187,2,-1,-1,-1,-1,-1,-1,15,1,20,-1,-1,-1,-1,,,,,
12367,2374185,-1,190,16,-1,-1,-1,-1,-1,-1,22,1,307,-1,-1,-1,-1,,,,,
12369,2374433,-1,242,32,-1,-1,-1,-1,-1,-1,22,1,307,-1,-1,-1,-1,,,,,
12374,2374879,-1,26,4,-1,-1,-1,-1,-1,-1,7,1,37,-1,-1,-1,-1,,,,,
12384,2375705,-1,420,16,-1,-1,-1,-1,-1,-1,35,1,165,-1,-1,-1,-1,,,,,
12386,2375911,-1,2498,32,-1,-1,-1,-1,-1,-1,1,1,302,-1,-1,-1,-1,,,,,
12389,2376134,-1,841,16,-1,-1,-1,-1,-1,-1,35,1,146,-1,-1,-1,-1,,,,,
12398,2376986,-1,218,32,-1,-1,-1,-1,-1,-1,35,1,165,-1,-1,-1,-1,,,,,
12403,2377292,-1,290,32,-1,-1,-1,-1,-1,-1,35,1,165,-1,-1,-1,-1,,,,,
12408,2377809,-1,330,16,-1,-1,-1,-1,-1,-1,35,1,165,-1,-1,-1,-1,,,,,
12414,2378412,-1,2504,32,-1,-1,-1,-1,-1,-1,1,1,302,-1,-1,-1,-1,,,,,
12417,2378837,-1,30,1,-1,-1,-1,-1,-1,-1,39,2,9,-1,-1,-1,-1,,,,,
12422,2379010,-1,24,1,-1,-1,-1,-1,-1,-1,39,2,56,-1,-1,-1,-1,,,,,
12424,2379088,-1,18,1,-1,-1,-1,-1,-1,-1,39,2,9,-1,-1,-1,-1,,,,,
12425,2379188,-1,2572,16,-1,-1,-1,-1,-1,-1,39,2,181,-1,-1,-1,-1,,,,,
12427,2379425,-1,29,8,-1,-1,-1,-1,-1,-1,22,1,308,-1,-1,-1,-1,,,,,
12428,2379459,-1,29,8,-1,-1,-1,-1,-1,-1,22,1,308,-1,-1,-1,-1,,,,,
12429,2379539,-1,29,8,-1,-1,-1,-1,-1,-1,22,1,308,-1,-1,-1,-1,,,,,
12430,2379577,-1,29,8,-1,-1,-1,-1,-1,-1,22,1,308,-1,-1,-1,-1,,,,,
12431,2379665,-1,29,8,-1,-1,-1,-1,-1,-1,22,1,308,-1,-1,-1,-1,,,,,
12433,2379743,-1,29,8,-1,-1,-1,-1,-1,-1,22,1,309,-1,-1,-1,-1,,,,,
12436,2379850,-1,678,8,-1,-1,-1,-1,-1,-1,22,1,309,-1,-1,-1,-1,,,,,
12438,2379999,-1,9,1,-1,-1,-1,-1,-1,-1,7,1,9,-1,-1,-1,-1,,,,,
12439,2380123,-1,22,4,-1,-1,-1,-1,-1,-1,7,1,37,-1,-1,-1,-1,,,,,
12444,2380597,-1,21,1,-1,-1,-1,-1,-1,-1,22,1,310,-1,-1,-1,-1,,,,,
12445,2380631,-1,21,1,-1,-1,-1,-1,-1,-1,22,1,310,-1,-1,-1,-1,,,,,
12446,2380673,-1,22,1,-1,-1,-1,-1,-1,-1,22,1,310,-1,-1,-1,-1,,,,,
12447,2380701,-1,21,1,-1,-1,-1,-1,-1,-1,22,1,310,-1,-1,-1,-1,,,,,
12449,2380813,-1,61,1,-1,-1,-1,-1,-1,-1,22,1,311,-1,-1,-1,-1,,,,,
12450,2380824,-1,11,16,-1,-1,-1,-1,-1,-1,15,1,-1,-1,-1,-1,-1,,,,,
12453,2380966,-1,205,2,-1,-1,-1,-1,-1,-1,22,1,311,-1,-1,-1,-1,,,,,
12456,2381120,-1,4,16,-1,-1,-1,-1,-1,-1,15,1,-1,-1,-1,-1,-1,,,,,
12457,2381249,-1,205,4,-1,-1,-1,-1,-1,-1,22,1,311,-1,-1,-1,-1,,,,,
12458,2381349,-1,7,16,-1,-1,-1,-1,-1,-1,15,1,-1,-1,-1,-1,-1,,,,,
12459,2381410,-1,2279,8,-1,-1,-1,-1,-1,-1,22,1,309,-1,-1,-1,-1,,,,,
12460,2381424,-1,8,16,-1,-1,-1,-1,-1,-1,15,1,-1,-1,-1,-1,-1,,,,,
12462,2381503,-1,37,4,-1,-1,-1,-1,-1,-1,7,1,37,-1,-1,-1,-1,,,,,
12463,2381510,-1,23,1,-1,-1,-1,-1,-1,-1,39,2,9,-1,-1,-1,-1,,,,,
12465,2381523,-1,212,8,-1,-1,-1,-1,-1,-1,22,1,311,-1,-1,-1,-1,,,,,
12466,2381529,-1,14,1,-1,-1,-1,-1,-1,-1,15,1,300,-1,-1,-1,-1,,,,,
12468,2381602,-1,9,16,-1,-1,-1,-1,-1,-1,15,1,-1,-1,-1,-1,-1,,,,,
12469,2381627,-1,25,1,-1,-1,-1,-1,-1,-1,39,2,9,-1,-1,-1,-1,,,,,
12471,2381694,-1,81,16,-1,-1,-1,-1,-1,-1,15,1,-1,-1,-1,-1,-1,,,,,
12473,2381801,-1,255,16,-1,-1,-1,-1,-1,-1,22,1,311,-1,-1,-1,-1,,,,,
12474,2381806,-1,177,64,-1,-1,-1,-1,-1,-1,12,2,14,-1,-1,-1,-1,,,,,
12475,2381847,-1,517,16,-1,-1,-1,-1,-1,-1,39,2,181,-1,-1,-1,-1,,,,,
12476,2382024,-1,27,4,-1,-1,-1,-1,-1,-1,7,1,37,-1,-1,-1,-1,,,,,
12478,2382126,-1,359,32,-1,-1,-1,-1,-1,-1,22,1,311,-1,-1,-1,-1,,,,,
12479,2382176,-1,2514,32,-1,-1,-1,-1,-1,-1,1,1,302,-1,-1,-1,-1,,,,,
12480,2382276,-1,18,4,-1,-1,-1,-1,-1,-1,7,1,37,-1,-1,-1,-1,,,,,
12484,2382617,-1,16,4,-1,-1,-1,-1,-1,-1,7,1,37,-1,-1,-1,-1,,,,,
12490,2383219,-1,13,4,-1,-1,-1,-1,-1,-1,7,1,37,-1,-1,-1,-1,,,,,
12492,2383381,-1,180,2,-1,-1,-1,-1,-1,-1,15,1,300,-1,-1,-1,-1,,,,,
12493,2383416,-1,16,4,-1,-1,-1,-1,-1,-1,7,1,37,-1,-1,-1,-1,,,,,
12505,2384533,-1,59,1,-1,-1,-1,-1,-1,-1,22,1,305,-1,-1,-1,-1,,,,,
12506,2384600,-1,92,2,-1,-1,-1,-1,-1,-1,22,1,305,-1,-1,-1,-1,,,,,
12507,2384694,-1,2504,32,-1,-1,-1,-1,-1,-1,1,1,302,-1,-1,-1,-1,,,,,
12508,2384709,-1,79,4,-1,-1,-1,-1,-1,-1,22,1,305,-1,-1,-1,-1,,,,,
12509,2384797,-1,81,8,-1,-1,-1,-1,-1,-1,22,1,305,-1,-1,-1,-1,,,,,
12511,2384897,-1,83,16,-1,-1,-1,-1,-1,-1,22,1,305,-1,-1,-1,-1,,,,,
12514,2384989,-1,2102,8,-1,-1,-1,-1,-1,-1,22,1,312,-1,-1,-1,-1,,,,,
12515,2384992,-1,254,64,-1,-1,-1,-1,-1,-1,16,2,21,-1,-1,-1,-1,,,,,
12518,2385263,-1,394,1,-1,-1,-1,-1,-1,-1,22,1,313,-1,-1,-1,-1,,,,,
12520,2385487,-1,136,8,-1,-1,-1,-1,-1,-1,48,2,314,-1,-1,-1,-1,,,,,
12525,2385713,-1,183,8,-1,-1,-1,-1,-1,-1,48,2,314,-1,-1,-1,-1,,,,,
12526,2385720,-1,165,32,-1,-1,-1,-1,-1,-1,22,1,305,-1,-1,-1,-1,,,,,
12528,2386088,-1,80,8,-1,-1,-1,-1,-1,-1,48,2,314,-1,-1,-1,-1,,,,,
12530,2386132,-1,62,1,-1,-1,-1,-1,-1,-1,13,1,274,-1,-1,-1,-1,,,,,
12533,2386286,-1,83,8,-1,-1,-1,-1,-1,-1,48,2,314,-1,-1,-1,-1,,,,,
12535,2386541,-1,80,8,-1,-1,-1,-1,-1,-1,48,2,314,-1,-1,-1,-1,,,,,
12538,2386721,-1,398,1,-1,-1,-1,-1,-1,-1,22,1,150,-1,-1,-1,-1,,,,,
12540,2386783,-1,207,64,-1,-1,-1,-1,-1,-1,48,2,314,-1,-1,-1,-1,,,,,
12546,2387364,-1,230,2,-1,-1,-1,-1,-1,-1,22,1,150,-1,-1,-1,-1,,,,,
12549,2387596,-1,24,1,-1,-1,-1,-1,-1,-1,13,1,15,-1,-1,-1,-1,,,,,
12551,2387867,-1,825,32,-1,-1,-1,-1,-1,-1,1,1,315,-1,-1,-1,-1,,,,,
12555,2388015,-1,44,1,-1,-1,-1,-1,-1,-1,13,1,274,-1,-1,-1,-1,,,,,
12556,2388076,-1,168,4,-1,-1,-1,-1,-1,-1,22,1,150,-1,-1,-1,-1,,,,,
12558,2388251,-1,25,1,-1,-1,-1,-1,-1,-1,13,1,15,-1,-1,-1,-1,,,,,
12559,2388290,-1,140,8,-1,-1,-1,-1,-1,-1,22,1,150,-1,-1,-1,-1,,,,,
12560,2388377,-1,335,1,-1,-1,-1,-1,-1,-1,13,1,274,-1,-1,-1,-1,,,,,
12564,2388583,-1,147,16,-1,-1,-1,-1,-1,-1,22,1,150,-1,-1,-1,-1,,,,,
12566,2388731,-1,486,1,-1,-1,-1,-1,-1,-1,13,1,274,-1,-1,-1,-1,,,,,
12570,2389173,-1,21,32,-1,-1,-1,-1,-1,-1,22,1,150,-1,-1,-1,-1,,,,,
12572,2389236,-1,164,32,-1,-1,-1,-1,-1,-1,22,1,150,-1,-1,-1,-1,,,,,
12573,2389308,-1,2880,32,-1,-1,-1,-1,-1,-1,1,1,-1,-1,-1,-1,-1,,,,,
12575,2389472,-1,2498,32,-1,-1,-1,-1,-1,-1,1,1,302,-1,-1,-1,-1,,,,,
12581,2389942,-1,47,4,-1,-1,-1,-1,-1,-1,7,1,37,-1,-1,-1,-1,,,,,
12582,2390004,-1,11280,8,-1,-1,-1,-1,-1,-1,22,1,154,-1,-1,-1,-1,,,,,
12588,2390796,-1,4390,16,-1,-1,-1,-1,-1,-1,39,2,181,-1,-1,-1,-1,,,,,
12589,2390903,-1,4,1,-1,-1,-1,-1,-1,-1,12,2,145,-1,-1,-1,-1,,,,,
12590,2390914,-1,13,1,-1,-1,-1,-1,-1,-1,12,2,145,-1,-1,-1,-1,,,,,
12591,2390955,-1,17,1,-1,-1,-1,-1,-1,-1,39,2,9,-1,-1,-1,-1,,,,,
12592,2391177,-1,29,1,-1,-1,-1,-1,-1,-1,39,2,9,-1,-1,-1,-1,,,,,
12593,2391320,-1,24,4,-1,-1,-1,-1,-1,-1,7,1,37,-1,-1,-1,-1,,,,,
12594,2391716,-1,28,4,-1,-1,-1,-1,-1,-1,7,1,37,-1,-1,-1,-1,,,,,
12595,2391930,-1,19,4,-1,-1,-1,-1,-1,-1,7,1,37,-1,-1,-1,-1,,,,,
12596,2391932,-1,21,1,-1,-1,-1,-1,-1,-1,39,2,9,-1,-1,-1,-1,,,,,
12597,2391973,-1,2506,32,-1,-1,-1,-1,-1,-1,1,1,302,-1,-1,-1,-1,,,,,
12598,2392515,-1,6,1,-1,-1,-1,-1,-1,-1,12,2,1,-1,-1,-1,-1,,,,,
12599,2392579,-1,21,4,-1,-1,-1,-1,-1,-1,7,1,37,-1,-1,-1,-1,,,,,
12600,2392602,-1,178,64,-1,-1,-1,-1,-1,-1,14,2,26,-1,-1,-1,-1,,,,,
12601,2392859,-1,18,1,-1,-1,-1,-1,-1,-1,39,2,9,-1,-1,-1,-1,,,,,
12602,2392970,-1,36,1,-1,-1,-1,-1,-1,-1,13,1,15,-1,-1,-1,-1,,,,,
12603,2394260,-1,19,1,-1,-1,-1,-1,-1,-1,12,2,1,-1,-1,-1,-1,,,,,
12604,2394349,-1,6,1,-1,-1,-1,-1,-1,-1,13,1,15,-1,-1,-1,-1,,,,,
12605,2394388,-1,29,1,-1,-1,-1,-1,-1,-1,13,1,274,-1,-1,-1,-1,,,,,
12606,2394437,-1,25,1,-1,-1,-1,-1,-1,-1,13,1,15,-1,-1,-1,-1,,,,,
12607,2394474,-1,61,1,-1,-1,-1,-1,-1,-1,13,1,274,-1,-1,-1,-1,,,,,
12608,2394701,-1,218,1,-1,-1,-1,-1,-1,-1,13,1,274,-1,-1,-1,-1,,,,,
12609,2394750,-1,27,1,-1,-1,-1,-1,-1,-1,13,1,15,-1,-1,-1,-1,,,,,
12610,2394932,-1,378,1,-1,-1,-1,-1,-1,-1,13,1,274,-1,-1,-1,-1,,,,,
12611,2395601,-1,24,16,-1,-1,-1,-1,-1,-1,39,2,181,-1,-1,-1,-1,,,,,
12612,2395651,-1,17,1,-1,-1,-1,-1,-1,-1,12,2,1,-1,-1,-1,-1,,,,,
12613,2395726,-1,106,16,-1,-1,-1,-1,-1,-1,39,2,181,-1,-1,-1,-1,,,,,
12614,2395792,-1,16,4,-1,-1,-1,-1,-1,-1,12,2,11,-1,-1,-1,-1,,,,,
12615,2395902,-1,521,16,-1,-1,-1,-1,-1,-1,39,2,181,-1,-1,-1,-1,,,,,
12616,2396311,-1,13,2,-1,-1,-1,-1,-1,-1,12,2,11,-1,-1,-1,-1,,,,,
12617,2396332,-1,22,1,-1,-1,-1,-1,-1,-1,12,2,1,-1,-1,-1,-1,,,,,
12618,2396450,-1,112,2,-1,-1,-1,-1,-1,-1,12,2,90,-1,-1,-1,-1,,,,,
12619,2396458,-1,104,2,-1,-1,-1,-1,-1,-1,12,2,49,-1,-1,-1,-1,,,,,
12620,2396645,-1,121,2,-1,-1,-1,-1,-1,-1,12,2,90,-1,-1,-1,-1,,,,,
12621,2396653,-1,112,2,-1,-1,-1,-1,-1,-1,12,2,49,-1,-1,-1,-1,,,,,
12622,2397309,-1,2497,32,-1,-1,-1,-1,-1,-1,1,1,302,-1,-1,-1,-1,,,,,
12623,2397904,-1,13,1,-1,-1,-1,-1,-1,-1,9,2,9,-1,-1,-1,-1,,,,,
12624,2398012,-1,100,1,-1,-1,-1,-1,-1,-1,13,1,274,-1,-1,-1,-1,,,,,
12625,2398306,-1,51,1,-1,-1,-1,-1,-1,-1,13,1,15,-1,-1,-1,-1,,,,,
12626,2398315,-1,48,4,-1,-1,-1,-1,-1,-1,7,1,37,-1,-1,-1,-1,,,,,
12627,2398476,-1,110,4,-1,-1,-1,-1,-1,-1,7,1,37,-1,-1,-1,-1,,,,,
12628,2398656,-1,20,4,-1,-1,-1,-1,-1,-1,7,1,37,-1,-1,-1,-1,,,,,
12629,2398813,-1,2473,32,-1,-1,-1,-1,-1,-1,1,1,-1,-1,-1,-1,-1,,,,,
12630,2399246,-1,428,4,-1,-1,-1,-1,-1,-1,7,1,37,-1,-1,-1,-1,,,,,
12631,2399729,-1,47,4,-1,-1,-1,-1,-1,-1,7,1,37,-1,-1,-1,-1,,,,,
12632,2399809,-1,1476,32,-1,-1,-1,-1,-1,-1,1,1,302,-1,-1,-1,-1,,,,,
12633,2401675,-1,141,128,-1,-1,-1,-1,-1,-1,35,1,291,-1,-1,-1,-1,,,,,
12634,2402069,-1,117,128,-1,-1,-1,-1,-1,-1,35,1,291,-1,-1,-1,-1,,,,,
12635,2402365,-1,353,128,-1,-1,-1,-1,-1,-1,35,1,146,-1,-1,-1,-1,,,,,
12636,2402738,-1,264,128,-1,-1,-1,-1,-1,-1,35,1,146,-1,-1,-1,-1,,,,,
12637,2403005,-1,237,128,-1,-1,-1,-1,-1,-1,35,1,146,-1,-1,-1,-1,,,,,
12638,2403301,-1,221,128,-1,-1,-1,-1,-1,-1,35,1,146,-1,-1,-1,-1,,,,,
12639,2403523,-1,215,128,-1,-1,-1,-1,-1,-1,35,1,146,-1,-1,-1,-1,,,,,
12640,2403739,-1,208,128,-1,-1,-1,-1,-1,-1,35,1,146,-1,-1,-1,-1,,,,,
12641,2403948,-1,210,128,-1,-1,-1,-1,-1,-1,35,1,146,-1,-1,-1,-1,,,,,
12642,2404160,-1,224,128,-1,-1,-1,-1,-1,-1,35,1,146,-1,-1,-1,-1,,,,,
12643,2404388,-1,226,128,-1,-1,-1,-1,-1,-1,35,1,146,-1,-1,-1,-1,,,,,
12644,2404616,-1,220,128,-1,-1,-1,-1,-1,-1,35,1,146,-1,-1,-1,-1,,,,,
12645,2404900,-1,159,128,-1,-1,-1,-1,-1,-1,35,1,35,-1,-1,-1,-1,,,,,
12646,2405268,-1,79,128,-1,-1,-1,-1,-1,-1,35,1,35,-1,-1,-1,-1,,,,,
12647,2405349,-1,128,128,-1,-1,-1,-1,-1,-1,35,1,35,-1,-1,-1,-1,,,,,
12648,2405484,-1,206,128,-1,-1,-1,-1,-1,-1,35,1,35,-1,-1,-1,-1,,,,,
12649,2405708,-1,173,128,-1,-1,-1,-1,-1,-1,35,1,146,-1,-1,-1,-1,,,,,
12650,2406093,-1,163,128,-1,-1,-1,-1,-1,-1,35,1,35,-1,-1,-1,-1,,,,,
12651,2406269,-1,146,128,-1,-1,-1,-1,-1,-1,35,1,35,-1,-1,-1,-1,,,,,
12652,2406429,-1,160,128,-1,-1,-1,-1,-1,-1,35,1,146,-1,-1,-1,-1,,,,,
12653,2406857,-1,1188,128,-1,-1,-1,-1,-1,-1,35,1,316,-1,-1,-1,-1,,,,,
12654,2408047,-1,442,128,-1,-1,-1,-1,-1,-1,35,1,316,-1,-1,-1,-1,,,,,
12655,2408493,-1,7829,64,-1,-1,-1,-1,-1,-1,18,1,-1,-1,-1,-1,-1,,,,,
12656,2409139,-1,1785,64,-1,-1,-1,-1,-1,-1,1,1,-1,-1,-1,-1,-1,,,,,
12657,2411899,-1,3218,64,-1,-1,-1,-1,-1,-1,1,1,-1,-1,-1,-1,-1,,,,,
12658,2415124,-1,3210,64,-1,-1,-1,-1,-1,-1,1,1,-1,-1,-1,-1,-1,,,,,
12659,2418338,-1,0,128,-1,-1,-1,-1,-1,-1,2,1,-1,-1,-1,-1,-1,,,,,
12725,2448376,-1,22,1,-1,-1,-1,-1,-1,-1,22,1,317,-1,-1,-1,-1,,,,,
12726,2449108,-1,253,2,-1,-1,-1,-1,-1,-1,22,1,317,-1,-1,-1,-1,,,,,
12727,2449199,-1,44,64,-1,-1,-1,-1,-1,-1,12,2,11,-1,-1,-1,-1,,,,,
12728,2449227,-1,157,32,-1,-1,-1,-1,-1,-1,14,2,26,-1,-1,-1,-1,,,,,
12729,2449524,-1,8300,4,-1,-1,-1,-1,-1,-1,22,1,317,-1,-1,-1,-1,,,,,
12730,2449843,-1,13871,8,-1,-1,-1,-1,-1,-1,22,1,154,-1,-1,-1,-1,,,,,
12731,2450032,-1,189,2,-1,-1,-1,-1,-1,-1,15,1,300,-1,-1,-1,-1,,,,,
12739,2451856,-1,25,1,-1,-1,-1,-1,-1,-1,13,1,15,-1,-1,-1,-1,,,,,
12740,2451904,-1,20,1,-1,-1,-1,-1,-1,-1,9,2,9,-1,-1,-1,-1,,,,,
12742,2452068,-1,372,64,-1,-1,-1,-1,-1,-1,4,1,3,-1,-1,-1,-1,,,,,
12744,2452530,-1,487,1,-1,-1,-1,-1,-1,-1,13,1,274,-1,-1,-1,-1,,,,,
12745,2452693,-1,315,64,-1,-1,-1,-1,-1,-1,4,1,3,-1,-1,-1,-1,,,,,
12746,2452853,-1,33,1,-1,-1,-1,-1,-1,-1,13,1,15,-1,-1,-1,-1,,,,,
12748,2452952,-1,422,32,-1,-1,-1,-1,-1,-1,7,1,10,-1,-1,-1,-1,,,,,
12749,2453022,-1,351,4,-1,-1,-1,-1,-1,-1,7,1,18,-1,-1,-1,-1,,,,,
12750,2453026,-1,33,1,-1,-1,-1,-1,-1,-1,4,1,4,-1,-1,-1,-1,,,,,
12751,2453074,-1,371,64,-1,-1,-1,-1,-1,-1,4,1,3,-1,-1,-1,-1,,,,,
12752,2453094,-1,65,1,-1,-1,-1,-1,-1,-1,13,1,274,-1,-1,-1,-1,,,,,
12753,2453123,-1,38,1,-1,-1,-1,-1,-1,-1,4,1,4,-1,-1,-1,-1,,,,,
12754,2453229,-1,31,1,-1,-1,-1,-1,-1,-1,4,1,4,-1,-1,-1,-1,,,,,
12757,2453323,-1,27,1,-1,-1,-1,-1,-1,-1,4,1,4,-1,-1,-1,-1,,,,,
12759,2453389,-1,31,1,-1,-1,-1,-1,-1,-1,4,1,4,-1,-1,-1,-1,,,,,
12761,2453461,-1,159,64,-1,-1,-1,-1,-1,-1,4,1,3,-1,-1,-1,-1,,,,,
12763,2453731,-1,2497,64,-1,-1,-1,-1,-1,-1,4,1,3,-1,-1,-1,-1,,,,,
12766,2454825,-1,496,1,-1,-1,-1,-1,-1,-1,13,1,274,-1,-1,-1,-1,,,,,
12767,2454865,-1,110,4,-1,-1,-1,-1,-1,-1,7,1,37,-1,-1,-1,-1,,,,,
12771,2455039,-1,51,4,-1,-1,-1,-1,-1,-1,7,1,37,-1,-1,-1,-1,,,,,
12774,2455397,-1,588,4,-1,-1,-1,-1,-1,-1,7,1,37,-1,-1,-1,-1,,,,,
12776,2455816,-1,200,1,-1,-1,-1,-1,-1,-1,13,1,274,-1,-1,-1,-1,,,,,
12777,2455869,-1,31,1,-1,-1,-1,-1,-1,-1,13,1,15,-1,-1,-1,-1,,,,,
12779,2456092,-1,42,4,-1,-1,-1,-1,-1,-1,7,1,37,-1,-1,-1,-1,,,,,
12780,2456232,-1,15,1,-1,-1,-1,-1,-1,-1,4,1,4,-1,-1,-1,-1,,,,,
12781,2456273,-1,103,1,-1,-1,-1,-1,-1,-1,13,1,274,-1,-1,-1,-1,,,,,
12782,2456317,-1,2533,64,-1,-1,-1,-1,-1,-1,4,1,3,-1,-1,-1,-1,,,,,
12786,2456558,-1,29,16,-1,-1,-1,-1,-1,-1,39,2,181,-1,-1,-1,-1,,,,,
12788,2456682,-1,29,1,-1,-1,-1,-1,-1,-1,39,2,9,-1,-1,-1,-1,,,,,
12790,2456905,-1,44,4,-1,-1,-1,-1,-1,-1,7,1,37,-1,-1,-1,-1,,,,,
12791,2457140,-1,88,4,-1,-1,-1,-1,-1,-1,7,1,37,-1,-1,-1,-1,,,,,
12793,2457330,-1,28,1,-1,-1,-1,-1,-1,-1,13,1,274,-1,-1,-1,-1,,,,,
12794,2457428,-1,16,1,-1,-1,-1,-1,-1,-1,4,1,4,-1,-1,-1,-1,,,,,
12795,2457503,-1,424,1,-1,-1,-1,-1,-1,-1,13,1,274,-1,-1,-1,-1,,,,,
12796,2457596,-1,67,4,-1,-1,-1,-1,-1,-1,7,1,37,-1,-1,-1,-1,,,,,
12798,2457707,-1,305,16,-1,-1,-1,-1,-1,-1,39,2,181,-1,-1,-1,-1,,,,,
12799,2457848,-1,17,1,-1,-1,-1,-1,-1,-1,39,2,9,-1,-1,-1,-1,,,,,
12800,2457966,-1,5471,8,-1,-1,-1,-1,-1,-1,22,1,317,-1,-1,-1,-1,,,,,
12804,2458160,-1,101,4,-1,-1,-1,-1,-1,-1,7,1,37,-1,-1,-1,-1,,,,,
12807,2458651,-1,55,4,-1,-1,-1,-1,-1,-1,7,1,37,-1,-1,-1,-1,,,,,
12808,2458766,-1,3,1,-1,-1,-1,-1,-1,-1,13,1,274,-1,-1,-1,-1,,,,,
12810,2458826,-1,5229,16,-1,-1,-1,-1,-1,-1,39,2,181,-1,-1,-1,-1,,,,,
12811,2458854,-1,19,1,-1,-1,-1,-1,-1,-1,4,1,4,-1,-1,-1,-1,,,,,
12812,2458931,-1,102,1,-1,-1,-1,-1,-1,-1,13,1,274,-1,-1,-1,-1,,,,,
12813,2459244,-1,55,1,-1,-1,-1,-1,-1,-1,13,1,274,-1,-1,-1,-1,,,,,
12819,2459836,-1,481,1,-1,-1,-1,-1,-1,-1,13,1,274,-1,-1,-1,-1,,,,,
12821,2460129,-1,2530,64,-1,-1,-1,-1,-1,-1,4,1,3,-1,-1,-1,-1,,,,,
12823,2460433,-1,39,1,-1,-1,-1,-1,-1,-1,13,1,274,-1,-1,-1,-1,,,,,
12825,2460973,-1,28,1,-1,-1,-1,-1,-1,-1,13,1,15,-1,-1,-1,-1,,,,,
12826,2461031,-1,28,1,-1,-1,-1,-1,-1,-1,13,1,15,-1,-1,-1,-1,,,,,
12827,2461065,-1,43,1,-1,-1,-1,-1,-1,-1,13,1,274,-1,-1,-1,-1,,,,,
12831,2461323,-1,62,1,-1,-1,-1,-1,-1,-1,13,1,274,-1,-1,-1,-1,,,,,
12832,2461361,-1,40,1,-1,-1,-1,-1,-1,-1,13,1,15,-1,-1,-1,-1,,,,,
12835,2461598,-1,28,1,-1,-1,-1,-1,-1,-1,13,1,15,-1,-1,-1,-1,,,,,
12836,2461636,-1,39,1,-1,-1,-1,-1,-1,-1,13,1,274,-1,-1,-1,-1,,,,,
12838,2462274,-1,20,1,-1,-1,-1,-1,-1,-1,4,1,4,-1,-1,-1,-1,,,,,
12840,2462341,-1,37,1,-1,-1,-1,-1,-1,-1,13,1,274,-1,-1,-1,-1,,,,,
12841,2462512,-1,28,1,-1,-1,-1,-1,-1,-1,13,1,15,-1,-1,-1,-1,,,,,
12842,2462549,-1,40,1,-1,-1,-1,-1,-1,-1,13,1,274,-1,-1,-1,-1,,,,,
12843,2462647,-1,36,4,-1,-1,-1,-1,-1,-1,13,1,274,-1,-1,-1,-1,,,,,
12844,2462663,-1,27,1,-1,-1,-1,-1,-1,-1,4,1,4,-1,-1,-1,-1,,,,,
12848,2462819,-1,36,4,-1,-1,-1,-1,-1,-1,13,1,274,-1,-1,-1,-1,,,,,
12851,2463184,-1,52,4,-1,-1,-1,-1,-1,-1,13,1,274,-1,-1,-1,-1,,,,,
12853,2463552,-1,2074,64,-1,-1,-1,-1,-1,-1,4,1,3,-1,-1,-1,-1,,,,,
12854,2463670,-1,3233,16,-1,-1,-1,-1,-1,-1,22,1,317,-1,-1,-1,-1,,,,,
12862,2465280,-1,14,1,-1,-1,-1,-1,-1,-1,2,1,9,-1,-1,-1,-1,,,,,
12864,2465628,-1,18,1,-1,-1,-1,-1,-1,-1,4,1,4,-1,-1,-1,-1,,,,,
12865,2465674,-1,934,64,-1,-1,-1,-1,-1,-1,4,1,3,-1,-1,-1,-1,,,,,
12872,2466531,-1,222,32,-1,-1,-1,-1,-1,-1,12,2,31,-1,-1,-1,-1,,,,,
12873,2466645,-1,1447,64,-1,-1,-1,-1,-1,-1,4,1,3,-1,-1,-1,-1,,,,,
12874,2466783,-1,180,16,-1,-1,-1,-1,-1,-1,12,2,14,-1,-1,-1,-1,,,,,
12881,2467492,-1,73,4,-1,-1,-1,-1,-1,-1,13,1,274,-1,-1,-1,-1,,,,,
12882,2467547,-1,179,16,-1,-1,-1,-1,-1,-1,12,2,14,-1,-1,-1,-1,,,,,
12883,2467771,-1,4,32,-1,-1,-1,-1,-1,-1,24,1,101,-1,-1,-1,-1,,,,,
12884,2467810,-1,73,32,-1,-1,-1,-1,-1,-1,24,1,101,-1,-1,-1,-1,,,,,
12885,2467819,-1,222,32,-1,-1,-1,-1,-1,-1,12,2,14,-1,-1,-1,-1,,,,,
12886,2468050,-1,1868,32,-1,-1,-1,-1,-1,-1,22,1,317,-1,-1,-1,-1,,,,,
12887,2468132,-1,2090,64,-1,-1,-1,-1,-1,-1,4,1,3,-1,-1,-1,-1,,,,,
12894,2469197,-1,67,32,-1,-1,-1,-1,-1,-1,24,1,101,-1,-1,-1,-1,,,,,
12897,2470145,-1,3269,32,-1,-1,-1,-1,-1,-1,10,1,101,-1,-1,-1,-1,,,,,
12898,2470227,-1,16,1,-1,-1,-1,-1,-1,-1,4,1,4,-1,-1,-1,-1,,,,,
12901,2470341,-1,124,32,-1,-1,-1,-1,-1,-1,24,1,101,-1,-1,-1,-1,,,,,
12903,2470403,-1,29,8,-1,-1,-1,-1,-1,-1,24,1,101,-1,-1,-1,-1,,,,,
12905,2470476,-1,1910,64,-1,-1,-1,-1,-1,-1,4,1,3,-1,-1,-1,-1,,,,,
12907,2470527,-1,67,32,-1,-1,-1,-1,-1,-1,24,1,101,-1,-1,-1,-1,,,,,
12915,2472388,-1,22,1,-1,-1,-1,-1,-1,-1,4,1,4,-1,-1,-1,-1,,,,,
12918,2473224,-1,32,1,-1,-1,-1,-1,-1,-1,22,1,318,-1,-1,-1,-1,,,,,
12924,2474425,-1,149,32,-1,-1,-1,-1,-1,-1,24,1,101,-1,-1,-1,-1,,,,,
12925,2474485,-1,88,8,-1,-1,-1,-1,-1,-1,24,1,101,-1,-1,-1,-1,,,,,
12926,2475066,-1,62,1,-1,-1,-1,-1,-1,-1,22,1,318,-1,-1,-1,-1,,,,,
12927,2475227,-1,70,2,-1,-1,-1,-1,-1,-1,22,1,318,-1,-1,-1,-1,,,,,
12928,2475349,-1,101,4,-1,-1,-1,-1,-1,-1,22,1,318,-1,-1,-1,-1,,,,,
12929,2475363,-1,66,4,-1,-1,-1,-1,-1,-1,7,1,37,-1,-1,-1,-1,,,,,
12930,2475497,-1,90,8,-1,-1,-1,-1,-1,-1,22,1,318,-1,-1,-1,-1,,,,,
12931,2475646,-1,122,16,-1,-1,-1,-1,-1,-1,22,1,318,-1,-1,-1,-1,,,,,
12932,2475820,-1,203,32,-1,-1,-1,-1,-1,-1,22,1,318,-1,-1,-1,-1,,,,,
12933,2475857,-1,121,8,-1,-1,-1,-1,-1,-1,34,1,108,-1,-1,-1,-1,,,,,
12934,2475868,-1,54,4,-1,-1,-1,-1,-1,-1,7,1,37,-1,-1,-1,-1,,,,,
12935,2476010,-1,46,8,-1,-1,-1,-1,-1,-1,34,1,108,-1,-1,-1,-1,,,,,
12936,2476081,-1,141,32,-1,-1,-1,-1,-1,-1,24,1,101,-1,-1,-1,-1,,,,,
12937,2476144,-1,78,8,-1,-1,-1,-1,-1,-1,24,1,101,-1,-1,-1,-1,,,,,
12938,2476169,-1,56,4,-1,-1,-1,-1,-1,-1,7,1,37,-1,-1,-1,-1,,,,,
12939,2476504,-1,144,32,-1,-1,-1,-1,-1,-1,24,1,101,-1,-1,-1,-1,,,,,
12940,2476701,-1,43,4,-1,-1,-1,-1,-1,-1,7,1,37,-1,-1,-1,-1,,,,,
12941,2476848,-1,54,4,-1,-1,-1,-1,-1,-1,7,1,37,-1,-1,-1,-1,,,,,
12942,2476893,-1,21,1,-1,-1,-1,-1,-1,-1,33,1,107,-1,-1,-1,-1,,,,,
12943,2476986,-1,53,4,-1,-1,-1,-1,-1,-1,13,1,274,-1,-1,-1,-1,,,,,
12944,2477546,-1,44,4,-1,-1,-1,-1,-1,-1,7,1,37,-1,-1,-1,-1,,,,,
12945,2478523,-1,31,16,-1,-1,-1,-1,-1,-1,33,1,319,-1,-1,-1,-1,,,,,
12949,2479812,-1,48,4,-1,-1,-1,-1,-1,-1,7,1,37,-1,-1,-1,-1,,,,,
12953,2480108,-1,57,4,-1,-1,-1,-1,-1,-1,7,1,37,-1,-1,-1,-1,,,,,
12957,2480717,-1,111,8,-1,-1,-1,-1,-1,-1,34,1,108,-1,-1,-1,-1,,,,,
12958,2481037,-1,138,32,-1,-1,-1,-1,-1,-1,24,1,101,-1,-1,-1,-1,,,,,
12960,2481192,-1,50,8,-1,-1,-1,-1,-1,-1,34,1,108,-1,-1,-1,-1,,,,,
12965,2481606,-1,229,32,-1,-1,-1,-1,-1,-1,24,1,101,-1,-1,-1,-1,,,,,
12967,2481675,-1,161,8,-1,-1,-1,-1,-1,-1,24,1,101,-1,-1,-1,-1,,,,,
12969,2482119,-1,606,32,-1,-1,-1,-1,-1,-1,24,1,101,-1,-1,-1,-1,,,,,
12970,2482181,-1,544,8,-1,-1,-1,-1,-1,-1,24,1,101,-1,-1,-1,-1,,,,,
12971,2482410,-1,3671,64,-1,-1,-1,-1,-1,-1,4,1,3,-1,-1,-1,-1,,,,,
12980,2484300,-1,12,1,-1,-1,-1,-1,-1,-1,9,2,9,-1,-1,-1,-1,,,,,
12987,2485272,-1,292,2,-1,-1,-1,-1,-1,-1,12,2,90,-1,-1,-1,-1,,,,,
12988,2485279,-1,285,2,-1,-1,-1,-1,-1,-1,12,2,49,-1,-1,-1,-1,,,,,
12990,2485654,-1,185,2,-1,-1,-1,-1,-1,-1,12,2,90,-1,-1,-1,-1,,,,,
12991,2485661,-1,177,2,-1,-1,-1,-1,-1,-1,12,2,49,-1,-1,-1,-1,,,,,
12995,2485951,-1,101,2,-1,-1,-1,-1,-1,-1,12,2,90,-1,-1,-1,-1,,,,,
12996,2485957,-1,96,2,-1,-1,-1,-1,-1,-1,12,2,49,-1,-1,-1,-1,,,,,
12998,2485965,-1,88,2,-1,-1,-1,-1,-1,-1,12,2,50,-1,-1,-1,-1,,,,,
13000,2486085,-1,14,1,-1,-1,-1,-1,-1,-1,4,1,4,-1,-1,-1,-1,,,,,
13002,2486610,-1,47,2,-1,-1,-1,-1,-1,-1,12,2,90,-1,-1,-1,-1,,,,,
13003,2486617,-1,39,2,-1,-1,-1,-1,-1,-1,12,2,49,-1,-1,-1,-1,,,,,
13006,2487465,-1,16,1,-1,-1,-1,-1,-1,-1,12,2,1,-1,-1,-1,-1,,,,,
13007,2487499,-1,17,1,-1,-1,-1,-1,-1,-1,12,2,1,-1,-1,-1,-1,,,,,
13008,2487529,-1,0,1,-1,-1,-1,-1,-1,-1,12,2,1,-1,-1,-1,-1,,,,,
13010,2494475,-1,100,128,-1,-1,-1,-1,-1,-1,12,2,14,-1,-1,-1,-1,,,,,
13011,2494611,-1,9496,64,-1,-1,-1,-1,-1,-1,4,1,-1,-1,-1,-1,-1,,,,,
13051,2504112,-1,8798,128,-1,-1,-1,-1,-1,-1,1,1,-1,-1,-1,-1,-1,,,,,
13052,2512914,-1,265,128,-1,-1,-1,-1,-1,-1,15,1,-1,-1,-1,-1,-1,,,,,
13053,2513185,-1,10933,128,-1,-1,-1,-1,-1,-1,17,1,-1,-1,-1,-1,-1,,,,,
13134,2538300,-1,12,1,-1,-1,-1,-1,-1,-1,9,2,9,-1,-1,-1,-1,,,,,
13147,2540228,-1,4,1,-1,-1,-1,-1,-1,-1,2,1,9,-1,-1,-1,-1,,,,,
13148,2540247,-1,30,1,-1,-1,-1,-1,-1,-1,2,1,56,-1,-1,-1,-1,,,,,
13191,2548713,-1,11752,64,-1,-1,-1,-1,-1,-1,4,1,3,-1,-1,-1,-1,,,,,
13199,2550361,-1,163,64,-1,-1,-1,-1,-1,-1,12,2,14,-1,-1,-1,-1,,,,,
13242,2560467,-1,13,1,-1,-1,-1,-1,-1,-1,4,1,4,-1,-1,-1,-1,,,,,
13243,2560509,-1,11760,64,-1,-1,-1,-1,-1,-1,4,1,3,-1,-1,-1,-1,,,,,
13253,2563412,-1,2853,32,-1,-1,-1,-1,-1,-1,1,1,315,-1,-1,-1,-1,,,,,
13276,2568093,-1,1759,64,-1,-1,-1,-1,-1,-1,1,1,315,-1,-1,-1,-1,,,,,
13279,2570700,-1,14,1,-1,-1,-1,-1,-1,-1,9,2,9,-1,-1,-1,-1,,,,,
13307,2576069,-1,13,1,-1,-1,-1,-1,-1,-1,4,1,4,-1,-1,-1,-1,,,,,
13309,2577605,-1,10924,64,-1,-1,-1,-1,-1,-1,4,1,-1,-1,-1,-1,-1,,,,,
13349,2588534,-1,9547,128,-1,-1,-1,-1,-1,-1,2,1,-1,-1,-1,-1,-1,,,,,
13350,2598085,-1,10101,128,-1,-1,-1,-1,-1,-1,1,1,-1,-1,-1,-1,-1,,,,,
13417,2621885,-1,240,32,-1,-1,-1,-1,-1,-1,49,1,147,-1,-1,-1,-1,,,,,
13425,2623648,-1,27,1,-1,-1,-1,-1,-1,-1,4,1,4,-1,-1,-1,-1,,,,,
13432,2624452,-1,15,64,-1,-1,-1,-1,-1,-1,4,1,3,-1,-1,-1,-1,,,,,
13433,2624468,-1,19,1,-1,-1,-1,-1,-1,-1,4,1,4,-1,-1,-1,-1,,,,,
13434,2624550,-1,34962,64,-1,-1,-1,-1,-1,-1,4,1,3,-1,-1,-1,-1,,,,,
13435,2624707,-1,24,1,-1,-1,-1,-1,-1,-1,9,2,9,-1,-1,-1,-1,,,,,
13452,2628300,-1,13,1,-1,-1,-1,-1,-1,-1,9,2,9,-1,-1,-1,-1,,,,,
13466,2630827,-1,0,4,-1,-1,-1,-1,-1,-1,7,1,37,-1,-1,-1,-1,,,,,
13467,2630845,-1,40,4,-1,-1,-1,-1,-1,-1,7,1,37,-1,-1,-1,-1,,,,,
13469,2631002,-1,46,4,-1,-1,-1,-1,-1,-1,7,1,37,-1,-1,-1,-1,,,,,
13482,2632960,-1,158,64,-1,-1,-1,-1,-1,-1,12,2,14,-1,-1,-1,-1,,,,,
13566,2651379,-1,7,1,-1,-1,-1,-1,-1,-1,2,1,9,-1,-1,-1,-1,,,,,
13590,2657100,-1,14,1,-1,-1,-1,-1,-1,-1,9,2,9,-1,-1,-1,-1,,,,,
13603,2659515,-1,16,1,-1,-1,-1,-1,-1,-1,4,1,4,-1,-1,-1,-1,,,,,
13611,2660700,-1,17,1,-1,-1,-1,-1,-1,-1,9,2,9,-1,-1,-1,-1,,,,,
13620,2663023,-1,290,64,-1,-1,-1,-1,-1,-1,1,1,315,-1,-1,-1,-1,,,,,
13639,2666404,-1,98,128,-1,-1,-1,-1,-1,-1,12,2,14,-1,-1,-1,-1,,,,,
13645,2667603,-1,9499,64,-1,-1,-1,-1,-1,-1,4,1,-1,-1,-1,-1,-1,,,,,
13659,2669858,-1,3,1,-1,-1,-1,-1,-1,-1,2,1,9,-1,-1,-1,-1,,,,,
13696,2677106,-1,0,128,-1,-1,-1,-1,-1,-1,2,1,-1,-1,-1,-1,-1,,,,,
13697,2682002,-1,4818,128,-1,-1,-1,-1,-1,-1,2,1,-1,-1,-1,-1,-1,,,,,
13698,2686824,-1,10925,128,-1,-1,-1,-1,-1,-1,1,1,-1,-1,-1,-1,-1,,,,,
13756,2707988,-1,1288,64,-1,-1,-1,-1,-1,-1,4,1,3,-1,-1,-1,-1,,,,,
13757,2709278,-1,14,1,-1,-1,-1,-1,-1,-1,4,1,4,-1,-1,-1,-1,,,,,
13758,2709946,-1,1287,64,-1,-1,-1,-1,-1,-1,4,1,3,-1,-1,-1,-1,,,,,
13759,2710172,-1,4,1,-1,-1,-1,-1,-1,-1,2,1,9,-1,-1,-1,-1,,,,,
13760,2710713,-1,161,64,-1,-1,-1,-1,-1,-1,12,2,14,-1,-1,-1,-1,,,,,
13761,2711236,-1,15,1,-1,-1,-1,-1,-1,-1,4,1,4,-1,-1,-1,-1,,,,,
13763,2711646,-1,1301,64,-1,-1,-1,-1,-1,-1,4,1,3,-1,-1,-1,-1,,,,,
13765,2712096,-1,122,32,-1,-1,-1,-1,-1,-1,24,1,101,-1,-1,-1,-1,,,,,
13766,2712160,-1,57,8,-1,-1,-1,-1,-1,-1,24,1,101,-1,-1,-1,-1,,,,,
13767,2712409,-1,511,32,-1,-1,-1,-1,-1,-1,24,1,101,-1,-1,-1,-1,,,,,
13768,2712485,-1,436,8,-1,-1,-1,-1,-1,-1,24,1,101,-1,-1,-1,-1,,,,,
13771,2712949,-1,18,1,-1,-1,-1,-1,-1,-1,4,1,4,-1,-1,-1,-1,,,,,
13775,2713126,-1,34,1,-1,-1,-1,-1,-1,-1,22,1,53,-1,-1,-1,-1,,,,,
13777,2713236,-1,53,1,-1,-1,-1,-1,-1,-1,22,1,53,-1,-1,-1,-1,,,,,
13778,2713358,-1,80,2,-1,-1,-1,-1,-1,-1,22,1,53,-1,-1,-1,-1,,,,,
13779,2713505,-1,100,4,-1,-1,-1,-1,-1,-1,22,1,53,-1,-1,-1,-1,,,,,
13781,2713649,-1,565,32,-1,-1,-1,-1,-1,-1,7,1,10,-1,-1,-1,-1,,,,,
13782,2713709,-1,136,8,-1,-1,-1,-1,-1,-1,22,1,53,-1,-1,-1,-1,,,,,
13783,2713723,-1,493,4,-1,-1,-1,-1,-1,-1,7,1,18,-1,-1,-1,-1,,,,,
13784,2713875,-1,405,32,-1,-1,-1,-1,-1,-1,24,1,101,-1,-1,-1,-1,,,,,
13785,2713945,-1,221,16,-1,-1,-1,-1,-1,-1,22,1,53,-1,-1,-1,-1,,,,,
13786,2713953,-1,328,8,-1,-1,-1,-1,-1,-1,24,1,101,-1,-1,-1,-1,,,,,
13788,2714208,-1,22,1,-1,-1,-1,-1,-1,-1,4,1,4,-1,-1,-1,-1,,,,,
13789,2714274,-1,198,32,-1,-1,-1,-1,-1,-1,22,1,53,-1,-1,-1,-1,,,,,
13793,2714586,-1,1354,64,-1,-1,-1,-1,-1,-1,4,1,3,-1,-1,-1,-1,,,,,
13795,2714703,-1,24,1,-1,-1,-1,-1,-1,-1,9,2,9,-1,-1,-1,-1,,,,,
13797,2714752,-1,159,32,-1,-1,-1,-1,-1,-1,24,1,101,-1,-1,-1,-1,,,,,
13798,2714773,-1,24,1,-1,-1,-1,-1,-1,-1,22,1,53,-1,-1,-1,-1,,,,,
13799,2714814,-1,94,8,-1,-1,-1,-1,-1,-1,24,1,101,-1,-1,-1,-1,,,,,
13800,2714889,-1,40,1,-1,-1,-1,-1,-1,-1,22,1,53,-1,-1,-1,-1,,,,,
13801,2714984,-1,54,2,-1,-1,-1,-1,-1,-1,22,1,53,-1,-1,-1,-1,,,,,
13802,2715034,-1,184,32,-1,-1,-1,-1,-1,-1,24,1,101,-1,-1,-1,-1,,,,,
13803,2715098,-1,65,4,-1,-1,-1,-1,-1,-1,22,1,53,-1,-1,-1,-1,,,,,
13804,2715106,-1,113,8,-1,-1,-1,-1,-1,-1,24,1,101,-1,-1,-1,-1,,,,,
13805,2715215,-1,49,8,-1,-1,-1,-1,-1,-1,22,1,53,-1,-1,-1,-1,,,,,
13806,2715311,-1,66,16,-1,-1,-1,-1,-1,-1,22,1,53,-1,-1,-1,-1,,,,,
13808,2715423,-1,90,32,-1,-1,-1,-1,-1,-1,22,1,53,-1,-1,-1,-1,,,,,
13810,2715942,-1,14,1,-1,-1,-1,-1,-1,-1,4,1,4,-1,-1,-1,-1,,,,,
13813,2716220,-1,1344,64,-1,-1,-1,-1,-1,-1,4,1,3,-1,-1,-1,-1,,,,,
13816,2716333,-1,8,1,-1,-1,-1,-1,-1,-1,2,1,9,-1,-1,-1,-1,,,,,
13818,2716421,-1,157,32,-1,-1,-1,-1,-1,-1,24,1,101,-1,-1,-1,-1,,,,,
13819,2716435,-1,5,1,-1,-1,-1,-1,-1,-1,2,1,320,-1,-1,-1,-1,,,,,
13820,2716448,-1,4,1,-1,-1,-1,-1,-1,-1,2,1,9,-1,-1,-1,-1,,,,,
13821,2716482,-1,96,8,-1,-1,-1,-1,-1,-1,24,1,101,-1,-1,-1,-1,,,,,
13822,2716483,-1,10,1,-1,-1,-1,-1,-1,-1,2,1,9,-1,-1,-1,-1,,,,,
13823,2716506,-1,15,1,-1,-1,-1,-1,-1,-1,2,1,9,-1,-1,-1,-1,,,,,
13824,2716809,-1,142,32,-1,-1,-1,-1,-1,-1,24,1,101,-1,-1,-1,-1,,,,,
13826,2716874,-1,76,8,-1,-1,-1,-1,-1,-1,24,1,101,-1,-1,-1,-1,,,,,
13827,2717294,-1,187,4,-1,-1,-1,-1,-1,-1,7,1,37,-1,-1,-1,-1,,,,,
13829,2717567,-1,14,1,-1,-1,-1,-1,-1,-1,4,1,4,-1,-1,-1,-1,,,,,
13832,2717718,-1,68,4,-1,-1,-1,-1,-1,-1,7,1,37,-1,-1,-1,-1,,,,,
13836,2717913,-1,52,128,-1,-1,-1,-1,-1,-1,50,1,11,-1,-1,-1,-1,,,,,
13837,2717971,-1,57,4,-1,-1,-1,-1,-1,-1,7,1,37,-1,-1,-1,-1,,,,,
13838,2718009,-1,495,1,-1,-1,-1,-1,-1,-1,50,1,321,-1,-1,-1,-1,,,,,
13839,2718242,-1,0,1,-1,-1,-1,-1,-1,-1,22,1,322,-1,-1,-1,-1,,,,,
13841,2718527,-1,35,1,-1,-1,-1,-1,-1,-1,50,1,321,-1,-1,-1,-1,,,,,
13842,2718570,-1,896,1,-1,-1,-1,-1,-1,-1,50,1,321,-1,-1,-1,-1,,,,,
13843,2718592,-1,733,64,-1,-1,-1,-1,-1,-1,4,1,3,-1,-1,-1,-1,,,,,
13847,2719365,-1,232,64,-1,-1,-1,-1,-1,-1,4,1,3,-1,-1,-1,-1,,,,,
13850,2719475,-1,0,1,-1,-1,-1,-1,-1,-1,50,1,321,-1,-1,-1,-1,,,,,
13851,2719495,-1,50,4,-1,-1,-1,-1,-1,-1,7,1,37,-1,-1,-1,-1,,,,,
13853,2719598,-1,22,1,-1,-1,-1,-1,-1,-1,4,1,4,-1,-1,-1,-1,,,,,
13854,2719656,-1,3,64,-1,-1,-1,-1,-1,-1,4,1,3,-1,-1,-1,-1,,,,,
13855,2719752,-1,4,1,-1,-1,-1,-1,-1,-1,12,2,1,-1,-1,-1,-1,,,,,
13856,2719809,-1,0,32,-1,-1,-1,-1,-1,-1,12,2,91,-1,-1,-1,-1,,,,,
13857,2720534,-1,2210,1,-1,-1,-1,-1,-1,-1,50,1,321,-1,-1,-1,-1,,,,,
13858,2720549,-1,319,1,-1,-1,-1,-1,-1,-1,14,2,9,-1,-1,-1,-1,,,,,
13859,2720618,-1,44,1,-1,-1,-1,-1,-1,-1,12,2,1,-1,-1,-1,-1,,,,,
13860,2720637,-1,30,1,-1,-1,-1,-1,-1,-1,7,1,9,-1,-1,-1,-1,,,,,
13861,2720656,-1,4529,1,-1,-1,-1,-1,-1,-1,22,1,322,-1,-1,-1,-1,,,,,
13862,2720665,-1,117,1,-1,-1,-1,-1,-1,-1,22,1,9,-1,-1,-1,-1,,,,,
13863,2720685,-1,61,4,-1,-1,-1,-1,-1,-1,7,1,37,-1,-1,-1,-1,,,,,
13864,2720733,-1,19,64,-1,-1,-1,-1,-1,-1,51,1,11,-1,-1,-1,-1,,,,,
13865,2720890,-1,955,1,-1,-1,-1,-1,-1,-1,14,2,16,-1,-1,-1,-1,,,,,
13866,2720929,-1,45,4,-1,-1,-1,-1,-1,-1,7,1,37,-1,-1,-1,-1,,,,,
13868,2721006,-1,3195,32,-1,-1,-1,-1,-1,-1,10,1,10,-1,-1,-1,-1,,,,,
13869,2721175,-1,19,4,-1,-1,-1,-1,-1,-1,7,1,37,-1,-1,-1,-1,,,,,
13870,2721197,-1,232,64,-1,-1,-1,-1,-1,-1,4,1,3,-1,-1,-1,-1,,,,,
13871,2721204,-1,13,1,-1,-1,-1,-1,-1,-1,7,1,9,-1,-1,-1,-1,,,,,
13872,2721286,-1,48,4,-1,-1,-1,-1,-1,-1,7,1,37,-1,-1,-1,-1,,,,,
13873,2721368,-1,19,1,-1,-1,-1,-1,-1,-1,44,1,9,-1,-1,-1,-1,,,,,
13875,2721666,-1,144,4,-1,-1,-1,-1,-1,-1,7,1,37,-1,-1,-1,-1,,,,,
13876,2721712,-1,2405,64,-1,-1,-1,-1,-1,-1,4,1,3,-1,-1,-1,-1,,,,,
13877,2721806,-1,69,4,-1,-1,-1,-1,-1,-1,15,1,323,-1,-1,-1,-1,,,,,
13879,2721867,-1,156,4,-1,-1,-1,-1,-1,-1,7,1,37,-1,-1,-1,-1,,,,,
13881,2721951,-1,32,1,-1,-1,-1,-1,-1,-1,51,1,324,-1,-1,-1,-1,,,,,
13882,2722015,-1,119,1,-1,-1,-1,-1,-1,-1,51,1,324,-1,-1,-1,-1,,,,,
13883,2722040,-1,269,4,-1,-1,-1,-1,-1,-1,15,1,323,-1,-1,-1,-1,,,,,
13885,2722102,-1,18,16,-1,-1,-1,-1,-1,-1,40,2,297,-1,-1,-1,-1,,,,,
13887,2722194,-1,13,1,-1,-1,-1,-1,-1,-1,2,1,9,-1,-1,-1,-1,,,,,
13889,2722434,-1,60,4,-1,-1,-1,-1,-1,-1,15,1,300,-1,-1,-1,-1,,,,,
13890,2722490,-1,138,4,-1,-1,-1,-1,-1,-1,7,1,37,-1,-1,-1,-1,,,,,
13891,2722669,-1,54,4,-1,-1,-1,-1,-1,-1,15,1,300,-1,-1,-1,-1,,,,,
13893,2722751,-1,941,2,-1,-1,-1,-1,-1,-1,50,1,321,-1,-1,-1,-1,,,,,
13894,2722931,-1,144,4,-1,-1,-1,-1,-1,-1,7,1,37,-1,-1,-1,-1,,,,,
13896,2723225,-1,18,8,-1,-1,-1,-1,-1,-1,40,2,297,-1,-1,-1,-1,,,,,
13897,2723276,-1,18,4,-1,-1,-1,-1,-1,-1,40,2,297,-1,-1,-1,-1,,,,,
13898,2723291,-1,26,4,-1,-1,-1,-1,-1,-1,40,2,11,-1,-1,-1,-1,,,,,
13899,2723354,-1,18,4,-1,-1,-1,-1,-1,-1,40,2,297,-1,-1,-1,-1,,,,,
13900,2723539,-1,48,8,-1,-1,-1,-1,-1,-1,37,1,297,-1,-1,-1,-1,,,,,
13903,2723627,-1,53,8,-1,-1,-1,-1,-1,-1,37,1,297,-1,-1,-1,-1,,,,,
13904,2723704,-1,1249,4,-1,-1,-1,-1,-1,-1,50,1,321,-1,-1,-1,-1,,,,,
13906,2724129,-1,27,1,-1,-1,-1,-1,-1,-1,4,1,4,-1,-1,-1,-1,,,,,
13907,2724164,-1,21,8,-1,-1,-1,-1,-1,-1,40,2,297,-1,-1,-1,-1,,,,,
13908,2724170,-1,587,32,-1,-1,-1,-1,-1,-1,24,1,101,-1,-1,-1,-1,,,,,
13909,2724187,-1,57,4,-1,-1,-1,-1,-1,-1,15,1,300,-1,-1,-1,-1,,,,,
13910,2724243,-1,22,8,-1,-1,-1,-1,-1,-1,40,2,297,-1,-1,-1,-1,,,,,
13911,2724248,-1,29,4,-1,-1,-1,-1,-1,-1,51,1,325,-1,-1,-1,-1,,,,,
13912,2724255,-1,501,8,-1,-1,-1,-1,-1,-1,24,1,101,-1,-1,-1,-1,,,,,
13913,2724345,-1,144,1,-1,-1,-1,-1,-1,-1,51,1,325,-1,-1,-1,-1,,,,,
13915,2724622,-1,130,8,-1,-1,-1,-1,-1,-1,40,2,297,-1,-1,-1,-1,,,,,
13916,2724651,-1,1886,64,-1,-1,-1,-1,-1,-1,4,1,3,-1,-1,-1,-1,,,,,
13917,2724858,-1,186,8,-1,-1,-1,-1,-1,-1,51,1,325,-1,-1,-1,-1,,,,,
13918,2724901,-1,65,1,-1,-1,-1,-1,-1,-1,44,1,253,-1,-1,-1,-1,,,,,
13920,2725029,-1,201,4,-1,-1,-1,-1,-1,-1,15,1,300,-1,-1,-1,-1,,,,,
13921,2725071,-1,33,1,-1,-1,-1,-1,-1,-1,44,1,326,-1,-1,-1,-1,,,,,
13922,2725074,-1,196,32,-1,-1,-1,-1,-1,-1,51,1,325,-1,-1,-1,-1,,,,,
13923,2725271,-1,36,1,-1,-1,-1,-1,-1,-1,44,1,326,-1,-1,-1,-1,,,,,
13924,2725341,-1,4,2,-1,-1,-1,-1,-1,-1,22,1,322,-1,-1,-1,-1,,,,,
13926,2725391,-1,2,64,-1,-1,-1,-1,-1,-1,51,1,325,-1,-1,-1,-1,,,,,
13928,2725436,-1,3069,2,-1,-1,-1,-1,-1,-1,22,1,322,-1,-1,-1,-1,,,,,
13932,2725766,-1,802,1,-1,-1,-1,-1,-1,-1,50,1,321,-1,-1,-1,-1,,,,,
13933,2725832,-1,26,1,-1,-1,-1,-1,-1,-1,4,1,4,-1,-1,-1,-1,,,,,
13934,2725868,-1,17,32,-1,-1,-1,-1,-1,-1,24,1,101,-1,-1,-1,-1,,,,,
13935,2725962,-1,86,32,-1,-1,-1,-1,-1,-1,24,1,101,-1,-1,-1,-1,,,,,
13936,2726055,-1,17,8,-1,-1,-1,-1,-1,-1,24,1,101,-1,-1,-1,-1,,,,,
13937,2726553,-1,23,1,-1,-1,-1,-1,-1,-1,4,1,4,-1,-1,-1,-1,,,,,
13938,2726563,-1,84,32,-1,-1,-1,-1,-1,-1,24,1,101,-1,-1,-1,-1,,,,,
13939,2726578,-1,2825,4,-1,-1,-1,-1,-1,-1,50,1,321,-1,-1,-1,-1,,,,,
13940,2726656,-1,18,8,-1,-1,-1,-1,-1,-1,24,1,101,-1,-1,-1,-1,,,,,
13941,2726661,-1,269,32,-1,-1,-1,-1,-1,-1,24,1,101,-1,-1,-1,-1,,,,,
13942,2726742,-1,23,64,-1,-1,-1,-1,-1,-1,51,1,325,-1,-1,-1,-1,,,,,
13943,2726751,-1,179,8,-1,-1,-1,-1,-1,-1,24,1,101,-1,-1,-1,-1,,,,,
13944,2726820,-1,2597,64,-1,-1,-1,-1,-1,-1,4,1,3,-1,-1,-1,-1,,,,,
13945,2726892,-1,37,1,-1,-1,-1,-1,-1,-1,11,1,11,-1,-1,-1,-1,,,,,
13947,2727148,-1,40,4,-1,-1,-1,-1,-1,-1,5,2,5,-1,-1,-1,-1,,,,,
13948,2727308,-1,132,32,-1,-1,-1,-1,-1,-1,7,1,10,-1,-1,-1,-1,,,,,
13949,2727453,-1,20,4,-1,-1,-1,-1,-1,-1,7,1,18,-1,-1,-1,-1,,,,,
13951,2727550,-1,6,1,-1,-1,-1,-1,-1,-1,5,2,9,-1,-1,-1,-1,,,,,
13955,2727770,-1,401,32,-1,-1,-1,-1,-1,-1,7,1,10,-1,-1,-1,-1,,,,,
13956,2727811,-1,24,4,-1,-1,-1,-1,-1,-1,5,2,5,-1,-1,-1,-1,,,,,
13957,2727831,-1,339,4,-1,-1,-1,-1,-1,-1,7,1,18,-1,-1,-1,-1,,,,,
13958,2727847,-1,13,8,-1,-1,-1,-1,-1,-1,5,2,5,-1,-1,-1,-1,,,,,
13959,2728136,-1,13,1,-1,-1,-1,-1,-1,-1,5,2,9,-1,-1,-1,-1,,,,,
13960,2728218,-1,4,1,-1,-1,-1,-1,-1,-1,5,2,12,-1,-1,-1,-1,,,,,
13962,2728315,-1,0,1,-1,-1,-1,-1,-1,-1,5,2,12,-1,-1,-1,-1,,,,,
13963,2728325,-1,4,1,-1,-1,-1,-1,-1,-1,5,2,12,-1,-1,-1,-1,,,,,
13964,2728333,-1,5,1,-1,-1,-1,-1,-1,-1,5,2,12,-1,-1,-1,-1,,,,,
13965,2728347,-1,20,1,-1,-1,-1,-1,-1,-1,5,2,12,-1,-1,-1,-1,,,,,
13966,2728570,-1,362,32,-1,-1,-1,-1,-1,-1,7,1,10,-1,-1,-1,-1,,,,,
13967,2728575,-1,2302,4,-1,-1,-1,-1,-1,-1,22,1,322,-1,-1,-1,-1,,,,,
13968,2728637,-1,295,4,-1,-1,-1,-1,-1,-1,7,1,18,-1,-1,-1,-1,,,,,
13970,2728968,-1,162,32,-1,-1,-1,-1,-1,-1,24,1,101,-1,-1,-1,-1,,,,,
13971,2729024,-1,106,8,-1,-1,-1,-1,-1,-1,24,1,101,-1,-1,-1,-1,,,,,
13972,2729126,-1,28,1,-1,-1,-1,-1,-1,-1,4,1,4,-1,-1,-1,-1,,,,,
13974,2729211,-1,407,1,-1,-1,-1,-1,-1,-1,22,1,327,-1,-1,-1,-1,,,,,
13975,2729281,-1,70,1,-1,-1,-1,-1,-1,-1,22,1,145,-1,-1,-1,-1,,,,,
13976,2729295,-1,539,32,-1,-1,-1,-1,-1,-1,7,1,10,-1,-1,-1,-1,,,,,
13978,2729361,-1,472,4,-1,-1,-1,-1,-1,-1,7,1,18,-1,-1,-1,-1,,,,,
13979,2729423,-1,175,2,-1,-1,-1,-1,-1,-1,50,1,321,-1,-1,-1,-1,,,,,
13980,2729426,-1,37,1,-1,-1,-1,-1,-1,-1,4,1,4,-1,-1,-1,-1,,,,,
13981,2729441,-1,149,1,-1,-1,-1,-1,-1,-1,22,1,145,-1,-1,-1,-1,,,,,
13984,2729607,-1,1404,1,-1,-1,-1,-1,-1,-1,50,1,321,-1,-1,-1,-1,,,,,
13985,2729662,-1,18,32,-1,-1,-1,-1,-1,-1,24,1,101,-1,-1,-1,-1,,,,,
13986,2729713,-1,154,32,-1,-1,-1,-1,-1,-1,24,1,101,-1,-1,-1,-1,,,,,
13987,2729882,-1,209,32,-1,-1,-1,-1,-1,-1,24,1,101,-1,-1,-1,-1,,,,,
13988,2729990,-1,902,2,-1,-1,-1,-1,-1,-1,22,1,327,-1,-1,-1,-1,,,,,
13990,2730079,-1,879,64,-1,-1,-1,-1,-1,-1,4,1,3,-1,-1,-1,-1,,,,,
13991,2730253,-1,321,1,-1,-1,-1,-1,-1,-1,44,1,253,-1,-1,-1,-1,,,,,
13993,2730657,-1,314,1,-1,-1,-1,-1,-1,-1,44,1,253,-1,-1,-1,-1,,,,,
13994,2730695,-1,125,32,-1,-1,-1,-1,-1,-1,7,1,10,-1,-1,-1,-1,,,,,
13996,2730912,-1,52,1,-1,-1,-1,-1,-1,-1,44,1,9,-1,-1,-1,-1,,,,,
13997,2730952,-1,673,2,-1,-1,-1,-1,-1,-1,22,1,327,-1,-1,-1,-1,,,,,
13998,2731005,-1,620,8,-1,-1,-1,-1,-1,-1,22,1,322,-1,-1,-1,-1,,,,,
13999,2731053,-1,18,1,-1,-1,-1,-1,-1,-1,50,1,321,-1,-1,-1,-1,,,,,
14000,2731057,-1,18,1,-1,-1,-1,-1,-1,-1,44,1,253,-1,-1,-1,-1,,,,,
14001,2731084,-1,327,8,-1,-1,-1,-1,-1,-1,25,1,328,-1,-1,-1,-1,,,,,
14002,2731123,-1,407,32,-1,-1,-1,-1,-1,-1,7,1,10,-1,-1,-1,-1,,,,,
14003,2731231,-1,394,1,-1,-1,-1,-1,-1,-1,44,1,253,-1,-1,-1,-1,,,,,
14005,2731269,-1,356,64,-1,-1,-1,-1,-1,-1,12,2,11,-1,-1,-1,-1,,,,,
14006,2731441,-1,70,8,-1,-1,-1,-1,-1,-1,25,1,328,-1,-1,-1,-1,,,,,
14007,2731487,-1,10,8,-1,-1,-1,-1,-1,-1,25,1,328,-1,-1,-1,-1,,,,,
14008,2731537,-1,30,8,-1,-1,-1,-1,-1,-1,25,1,328,-1,-1,-1,-1,,,,,
14009,2731550,-1,75,32,-1,-1,-1,-1,-1,-1,7,1,10,-1,-1,-1,-1,,,,,
14011,2732206,-1,26,32,-1,-1,-1,-1,-1,-1,24,1,101,-1,-1,-1,-1,,,,,
14012,2732225,-1,22,8,-1,-1,-1,-1,-1,-1,25,1,328,-1,-1,-1,-1,,,,,
14013,2732243,-1,61,1,-1,-1,-1,-1,-1,-1,44,1,253,-1,-1,-1,-1,,,,,
14014,2732275,-1,1482,8,-1,-1,-1,-1,-1,-1,22,1,322,-1,-1,-1,-1,,,,,
14015,2732308,-1,474,2,-1,-1,-1,-1,-1,-1,22,1,327,-1,-1,-1,-1,,,,,
14016,2732353,-1,306,1,-1,-1,-1,-1,-1,-1,44,1,326,-1,-1,-1,-1,,,,,
14017,2732387,-1,14,8,-1,-1,-1,-1,-1,-1,25,1,328,-1,-1,-1,-1,,,,,
14018,2732418,-1,34,32,-1,-1,-1,-1,-1,-1,7,1,10,-1,-1,-1,-1,,,,,
14019,2732439,-1,72,8,-1,-1,-1,-1,-1,-1,25,1,328,-1,-1,-1,-1,,,,,
14020,2732481,-1,302,32,-1,-1,-1,-1,-1,-1,7,1,10,-1,-1,-1,-1,,,,,
14021,2732553,-1,231,4,-1,-1,-1,-1,-1,-1,7,1,18,-1,-1,-1,-1,,,,,
14022,2732617,-1,1320,64,-1,-1,-1,-1,-1,-1,4,1,3,-1,-1,-1,-1,,,,,
14024,2732732,-1,56,4,-1,-1,-1,-1,-1,-1,40,2,148,-1,-1,-1,-1,,,,,
14025,2732924,-1,125,8,-1,-1,-1,-1,-1,-1,25,1,328,-1,-1,-1,-1,,,,,
14026,2733016,-1,568,4,-1,-1,-1,-1,-1,-1,22,1,327,-1,-1,-1,-1,,,,,
14027,2733067,-1,210,1,-1,-1,-1,-1,-1,-1,44,1,326,-1,-1,-1,-1,,,,,
14028,2733115,-1,14,1,-1,-1,-1,-1,-1,-1,12,2,145,-1,-1,-1,-1,,,,,
14029,2733136,-1,14,1,-1,-1,-1,-1,-1,-1,12,2,145,-1,-1,-1,-1,,,,,
14030,2733157,-1,96,8,-1,-1,-1,-1,-1,-1,25,1,328,-1,-1,-1,-1,,,,,
14032,2733269,-1,406,4,-1,-1,-1,-1,-1,-1,40,2,148,-1,-1,-1,-1,,,,,
14033,2733399,-1,68,32,-1,-1,-1,-1,-1,-1,7,1,10,-1,-1,-1,-1,,,,,
14034,2733451,-1,3,4,-1,-1,-1,-1,-1,-1,7,1,18,-1,-1,-1,-1,,,,,
14035,2733472,-1,1785,32,-1,-1,-1,-1,-1,-1,7,1,10,-1,-1,-1,-1,,,,,
14036,2733523,-1,1734,4,-1,-1,-1,-1,-1,-1,7,1,18,-1,-1,-1,-1,,,,,
14039,2733667,-1,52,8,-1,-1,-1,-1,-1,-1,25,1,328,-1,-1,-1,-1,,,,,
14040,2733705,-1,178,4,-1,-1,-1,-1,-1,-1,40,2,148,-1,-1,-1,-1,,,,,
14042,2733760,-1,685,8,-1,-1,-1,-1,-1,-1,22,1,327,-1,-1,-1,-1,,,,,
14043,2733791,-1,63,8,-1,-1,-1,-1,-1,-1,25,1,328,-1,-1,-1,-1,,,,,
14044,2733880,-1,89,1,-1,-1,-1,-1,-1,-1,44,1,326,-1,-1,-1,-1,,,,,
14045,2733912,-1,61,4,-1,-1,-1,-1,-1,-1,40,2,148,-1,-1,-1,-1,,,,,
14046,2733944,-1,35,1,-1,-1,-1,-1,-1,-1,4,1,4,-1,-1,-1,-1,,,,,
14047,2734018,-1,62,32,-1,-1,-1,-1,-1,-1,24,1,101,-1,-1,-1,-1,,,,,
14048,2734049,-1,31,8,-1,-1,-1,-1,-1,-1,24,1,101,-1,-1,-1,-1,,,,,
14049,2734061,-1,908,16,-1,-1,-1,-1,-1,-1,22,1,322,-1,-1,-1,-1,,,,,
14050,2734067,-1,814,4,-1,-1,-1,-1,-1,-1,40,2,148,-1,-1,-1,-1,,,,,
14051,2734120,-1,247,32,-1,-1,-1,-1,-1,-1,24,1,101,-1,-1,-1,-1,,,,,
14052,2734143,-1,225,8,-1,-1,-1,-1,-1,-1,24,1,101,-1,-1,-1,-1,,,,,
14054,2734526,-1,60,8,-1,-1,-1,-1,-1,-1,25,1,328,-1,-1,-1,-1,,,,,
14055,2734614,-1,126,1,-1,-1,-1,-1,-1,-1,44,1,254,-1,-1,-1,-1,,,,,
14056,2734693,-1,141,32,-1,-1,-1,-1,-1,-1,24,1,101,-1,-1,-1,-1,,,,,
14058,2734733,-1,100,8,-1,-1,-1,-1,-1,-1,24,1,101,-1,-1,-1,-1,,,,,
14059,2734763,-1,75,8,-1,-1,-1,-1,-1,-1,25,1,328,-1,-1,-1,-1,,,,,
14060,2734823,-1,53,1,-1,-1,-1,-1,-1,-1,44,1,253,-1,-1,-1,-1,,,,,
14061,2734884,-1,967,16,-1,-1,-1,-1,-1,-1,22,1,327,-1,-1,-1,-1,,,,,
14062,2734888,-1,84,8,-1,-1,-1,-1,-1,-1,25,1,328,-1,-1,-1,-1,,,,,
14063,2734925,-1,65,1,-1,-1,-1,-1,-1,-1,44,1,254,-1,-1,-1,-1,,,,,
14064,2734966,-1,118,4,-1,-1,-1,-1,-1,-1,40,2,148,-1,-1,-1,-1,,,,,
14065,2734999,-1,118,8,-1,-1,-1,-1,-1,-1,25,1,328,-1,-1,-1,-1,,,,,
14066,2735048,-1,181,1,-1,-1,-1,-1,-1,-1,44,1,254,-1,-1,-1,-1,,,,,
14067,2735087,-1,541,32,-1,-1,-1,-1,-1,-1,22,1,322,-1,-1,-1,-1,,,,,
14069,2735156,-1,890,16,-1,-1,-1,-1,-1,-1,15,1,300,-1,-1,-1,-1,,,,,
14071,2735261,-1,2232,32,-1,-1,-1,-1,-1,-1,7,1,10,-1,-1,-1,-1,,,,,
14073,2735319,-1,2173,4,-1,-1,-1,-1,-1,-1,7,1,18,-1,-1,-1,-1,,,,,
14075,2735659,-1,77,4,-1,-1,-1,-1,-1,-1,40,2,148,-1,-1,-1,-1,,,,,
14077,2735868,-1,85,32,-1,-1,-1,-1,-1,-1,24,1,101,-1,-1,-1,-1,,,,,
14078,2735894,-1,60,8,-1,-1,-1,-1,-1,-1,24,1,101,-1,-1,-1,-1,,,,,
14079,2735915,-1,1568,32,-1,-1,-1,-1,-1,-1,22,1,327,-1,-1,-1,-1,,,,,
14080,2735923,-1,114,4,-1,-1,-1,-1,-1,-1,40,2,148,-1,-1,-1,-1,,,,,
14081,2736267,-1,141,32,-1,-1,-1,-1,-1,-1,24,1,101,-1,-1,-1,-1,,,,,
14083,2736305,-1,103,8,-1,-1,-1,-1,-1,-1,24,1,101,-1,-1,-1,-1,,,,,
14084,2736318,-1,95,1,-1,-1,-1,-1,-1,-1,44,1,254,-1,-1,-1,-1,,,,,
14085,2736381,-1,44,16,-1,-1,-1,-1,-1,-1,51,1,324,-1,-1,-1,-1,,,,,
14086,2736488,-1,39,1,-1,-1,-1,-1,-1,-1,51,1,324,-1,-1,-1,-1,,,,,
14087,2736578,-1,222,16,-1,-1,-1,-1,-1,-1,51,1,325,-1,-1,-1,-1,,,,,
14093,2737528,-1,597,32,-1,-1,-1,-1,-1,-1,7,1,10,-1,-1,-1,-1,,,,,
14094,2737586,-1,539,4,-1,-1,-1,-1,-1,-1,7,1,18,-1,-1,-1,-1,,,,,
14095,2737594,-1,673,32,-1,-1,-1,-1,-1,-1,15,1,300,-1,-1,-1,-1,,,,,
14097,2737946,-1,2360,32,-1,-1,-1,-1,-1,-1,4,1,3,-1,-1,-1,-1,,,,,
14098,2737969,-1,32,1,-1,-1,-1,-1,-1,-1,37,1,61,-1,-1,-1,-1,,,,,
14101,2738190,-1,22,1,-1,-1,-1,-1,-1,-1,37,1,61,-1,-1,-1,-1,,,,,
14105,2738392,-1,74,1,-1,-1,-1,-1,-1,-1,37,1,61,-1,-1,-1,-1,,,,,
14106,2738412,-1,178,64,-1,-1,-1,-1,-1,-1,12,2,14,-1,-1,-1,-1,,,,,
14107,2738527,-1,282,32,-1,-1,-1,-1,-1,-1,7,1,10,-1,-1,-1,-1,,,,,
14108,2738610,-1,199,4,-1,-1,-1,-1,-1,-1,7,1,18,-1,-1,-1,-1,,,,,
14109,2738621,-1,132,32,-1,-1,-1,-1,-1,-1,24,1,101,-1,-1,-1,-1,,,,,
14110,2738636,-1,34,1,-1,-1,-1,-1,-1,-1,37,1,61,-1,-1,-1,-1,,,,,
14111,2738676,-1,69,8,-1,-1,-1,-1,-1,-1,24,1,101,-1,-1,-1,-1,,,,,
14112,2738729,-1,2574,8,-1,-1,-1,-1,-1,-1,22,1,329,-1,-1,-1,-1,,,,,
14113,2738795,-1,28,1,-1,-1,-1,-1,-1,-1,37,1,61,-1,-1,-1,-1,,,,,
14114,2738838,-1,28,1,-1,-1,-1,-1,-1,-1,37,1,61,-1,-1,-1,-1,,,,,
14116,2739047,-1,216,32,-1,-1,-1,-1,-1,-1,12,2,14,-1,-1,-1,-1,,,,,
14117,2739264,-1,197,32,-1,-1,-1,-1,-1,-1,7,1,10,-1,-1,-1,-1,,,,,
14119,2739331,-1,130,4,-1,-1,-1,-1,-1,-1,7,1,18,-1,-1,-1,-1,,,,,
14120,2739459,-1,23,1,-1,-1,-1,-1,-1,-1,4,1,4,-1,-1,-1,-1,,,,,
14121,2739479,-1,91,1,-1,-1,-1,-1,-1,-1,44,1,254,-1,-1,-1,-1,,,,,
14125,2739966,-1,256,32,-1,-1,-1,-1,-1,-1,7,1,10,-1,-1,-1,-1,,,,,
14126,2740022,-1,200,4,-1,-1,-1,-1,-1,-1,7,1,18,-1,-1,-1,-1,,,,,
14127,2740101,-1,971,1,-1,-1,-1,-1,-1,-1,22,1,330,-1,-1,-1,-1,,,,,
14128,2740265,-1,96,1,-1,-1,-1,-1,-1,-1,44,1,254,-1,-1,-1,-1,,,,,
14129,2740310,-1,18,1,-1,-1,-1,-1,-1,-1,4,1,4,-1,-1,-1,-1,,,,,
14130,2740392,-1,2470,64,-1,-1,-1,-1,-1,-1,4,1,3,-1,-1,-1,-1,,,,,
14131,2740583,-1,865,1,-1,-1,-1,-1,-1,-1,44,1,254,-1,-1,-1,-1,,,,,
14132,2740757,-1,29,32,-1,-1,-1,-1,-1,-1,7,1,10,-1,-1,-1,-1,,,,,
14133,2741165,-1,17,1,-1,-1,-1,-1,-1,-1,4,1,4,-1,-1,-1,-1,,,,,
14134,2741203,-1,36,16,-1,-1,-1,-1,-1,-1,48,2,331,-1,-1,-1,-1,,,,,
14135,2741378,-1,91,8,-1,-1,-1,-1,-1,-1,48,2,331,-1,-1,-1,-1,,,,,
14136,2741637,-1,159,32,-1,-1,-1,-1,-1,-1,7,1,10,-1,-1,-1,-1,,,,,
14137,2741691,-1,105,4,-1,-1,-1,-1,-1,-1,7,1,18,-1,-1,-1,-1,,,,,
14138,2741779,-1,21,1,-1,-1,-1,-1,-1,-1,4,1,4,-1,-1,-1,-1,,,,,
14139,2741964,-1,158,32,-1,-1,-1,-1,-1,-1,48,2,331,-1,-1,-1,-1,,,,,
14140,2742318,-1,17,1,-1,-1,-1,-1,-1,-1,4,1,4,-1,-1,-1,-1,,,,,
14142,2742866,-1,3534,32,-1,-1,-1,-1,-1,-1,7,1,10,-1,-1,-1,-1,,,,,
14143,2742867,-1,18,1,-1,-1,-1,-1,-1,-1,4,1,4,-1,-1,-1,-1,,,,,
14144,2742923,-1,3476,4,-1,-1,-1,-1,-1,-1,7,1,18,-1,-1,-1,-1,,,,,
14145,2742999,-1,2022,64,-1,-1,-1,-1,-1,-1,4,1,3,-1,-1,-1,-1,,,,,
14148,2743814,-1,19,1,-1,-1,-1,-1,-1,-1,4,1,4,-1,-1,-1,-1,,,,,
14155,2744948,-1,17,1,-1,-1,-1,-1,-1,-1,4,1,4,-1,-1,-1,-1,,,,,
14156,2745029,-1,30,1,-1,-1,-1,-1,-1,-1,4,1,4,-1,-1,-1,-1,,,,,
14157,2745041,-1,499,32,-1,-1,-1,-1,-1,-1,24,1,101,-1,-1,-1,-1,,,,,
14158,2745080,-1,460,8,-1,-1,-1,-1,-1,-1,24,1,101,-1,-1,-1,-1,,,,,
14161,2745766,-1,2506,64,-1,-1,-1,-1,-1,-1,4,1,3,-1,-1,-1,-1,,,,,
14166,2746403,-1,127,32,-1,-1,-1,-1,-1,-1,7,1,10,-1,-1,-1,-1,,,,,
14167,2746469,-1,60,4,-1,-1,-1,-1,-1,-1,7,1,18,-1,-1,-1,-1,,,,,
14169,2746668,-1,22,1,-1,-1,-1,-1,-1,-1,4,1,4,-1,-1,-1,-1,,,,,
14170,2746791,-1,143,32,-1,-1,-1,-1,-1,-1,7,1,10,-1,-1,-1,-1,,,,,
14171,2746846,-1,89,4,-1,-1,-1,-1,-1,-1,7,1,18,-1,-1,-1,-1,,,,,
14173,2747100,-1,12,1,-1,-1,-1,-1,-1,-1,9,2,9,-1,-1,-1,-1,,,,,
14179,2747582,-1,155,32,-1,-1,-1,-1,-1,-1,7,1,10,-1,-1,-1,-1,,,,,
14180,2747634,-1,102,4,-1,-1,-1,-1,-1,-1,7,1,18,-1,-1,-1,-1,,,,,
14181,2747823,-1,20,1,-1,-1,-1,-1,-1,-1,4,1,4,-1,-1,-1,-1,,,,,
14182,2747929,-1,567,32,-1,-1,-1,-1,-1,-1,7,1,10,-1,-1,-1,-1,,,,,
14183,2747984,-1,511,4,-1,-1,-1,-1,-1,-1,7,1,18,-1,-1,-1,-1,,,,,
14185,2748275,-1,15,1,-1,-1,-1,-1,-1,-1,4,1,4,-1,-1,-1,-1,,,,,
14186,2748521,-1,2045,32,-1,-1,-1,-1,-1,-1,7,1,10,-1,-1,-1,-1,,,,,
14188,2748577,-1,1987,4,-1,-1,-1,-1,-1,-1,7,1,18,-1,-1,-1,-1,,,,,
14213,2754006,-1,351,64,-1,-1,-1,-1,-1,-1,15,1,-1,-1,-1,-1,-1,,,,,
14214,2754007,-1,9430,64,-1,-1,-1,-1,-1,-1,4,1,-1,-1,-1,-1,-1,,,,,
14259,2763444,-1,9716,128,-1,-1,-1,-1,-1,-1,2,1,-1,-1,-1,-1,-1,,,,,
14260,2773166,-1,9416,64,-1,-1,-1,-1,-1,-1,4,1,-1,-1,-1,-1,-1,,,,,
14463,2787527,-1,235,64,-1,-1,-1,-1,-1,-1,16,2,21,-1,-1,-1,-1,,,,,
14470,2787920,-1,10766,64,-1,-1,-1,-1,-1,-1,4,1,3,-1,-1,-1,-1,,,,,
14527,2792302,-1,5730,32,-1,-1,-1,-1,-1,-1,11,1,11,-1,-1,-1,-1,,,,,
14567,2797560,-1,18,1,-1,-1,-1,-1,-1,-1,4,1,4,-1,-1,-1,-1,,,,,
14575,2798689,-1,16,1,-1,-1,-1,-1,-1,-1,4,1,4,-1,-1,-1,-1,,,,,
14576,2798712,-1,26,32,-1,-1,-1,-1,-1,-1,7,1,10,-1,-1,-1,-1,,,,,
14577,2798743,-1,10632,64,-1,-1,-1,-1,-1,-1,4,1,3,-1,-1,-1,-1,,,,,
14578,2798760,-1,28,32,-1,-1,-1,-1,-1,-1,7,1,10,-1,-1,-1,-1,,,,,
14579,2798766,-1,175,8,-1,-1,-1,-1,-1,-1,11,1,11,-1,-1,-1,-1,,,,,
14580,2798802,-1,6,32,-1,-1,-1,-1,-1,-1,7,1,10,-1,-1,-1,-1,,,,,
14581,2798820,-1,112,32,-1,-1,-1,-1,-1,-1,7,1,10,-1,-1,-1,-1,,,,,
14582,2798927,-1,30,4,-1,-1,-1,-1,-1,-1,7,1,18,-1,-1,-1,-1,,,,,
14583,2798953,-1,233,8,-1,-1,-1,-1,-1,-1,11,1,11,-1,-1,-1,-1,,,,,
14584,2798974,-1,96,32,-1,-1,-1,-1,-1,-1,7,1,10,-1,-1,-1,-1,,,,,
14585,2799014,-1,12,1,-1,-1,-1,-1,-1,-1,2,1,9,-1,-1,-1,-1,,,,,
14586,2799069,-1,25,4,-1,-1,-1,-1,-1,-1,7,1,18,-1,-1,-1,-1,,,,,
14588,2799405,-1,17,8,-1,-1,-1,-1,-1,-1,11,1,11,-1,-1,-1,-1,,,,,
14589,2799432,-1,362,8,-1,-1,-1,-1,-1,-1,11,1,11,-1,-1,-1,-1,,,,,
14590,2799463,-1,7908,32,-1,-1,-1,-1,-1,-1,7,1,10,-1,-1,-1,-1,,,,,
14591,2799524,-1,7853,4,-1,-1,-1,-1,-1,-1,7,1,18,-1,-1,-1,-1,,,,,
14592,2799555,-1,19,1,-1,-1,-1,-1,-1,-1,4,1,4,-1,-1,-1,-1,,,,,
14594,2799981,-1,106,8,-1,-1,-1,-1,-1,-1,11,1,11,-1,-1,-1,-1,,,,,
14598,2800160,-1,91,8,-1,-1,-1,-1,-1,-1,11,1,11,-1,-1,-1,-1,,,,,
14601,2800320,-1,289,8,-1,-1,-1,-1,-1,-1,11,1,11,-1,-1,-1,-1,,,,,
14602,2800710,-1,288,8,-1,-1,-1,-1,-1,-1,11,1,11,-1,-1,-1,-1,,,,,
14604,2800926,-1,15,1,-1,-1,-1,-1,-1,-1,4,1,4,-1,-1,-1,-1,,,,,
14605,2801029,-1,541,8,-1,-1,-1,-1,-1,-1,11,1,11,-1,-1,-1,-1,,,,,
14606,2801102,-1,14,1,-1,-1,-1,-1,-1,-1,9,2,9,-1,-1,-1,-1,,,,,
14608,2801575,-1,1408,8,-1,-1,-1,-1,-1,-1,11,1,11,-1,-1,-1,-1,,,,,
14611,2801726,-1,25,1,-1,-1,-1,-1,-1,-1,4,1,4,-1,-1,-1,-1,,,,,
14614,2801818,-1,26,1,-1,-1,-1,-1,-1,-1,4,1,4,-1,-1,-1,-1,,,,,
14617,2802383,-1,14,1,-1,-1,-1,-1,-1,-1,4,1,4,-1,-1,-1,-1,,,,,
14620,2803116,-1,242,8,-1,-1,-1,-1,-1,-1,11,1,11,-1,-1,-1,-1,,,,,
14625,2803349,-1,15,1,-1,-1,-1,-1,-1,-1,4,1,4,-1,-1,-1,-1,,,,,
14626,2803567,-1,434,8,-1,-1,-1,-1,-1,-1,11,1,11,-1,-1,-1,-1,,,,,
14628,2804215,-1,23,1,-1,-1,-1,-1,-1,-1,4,1,4,-1,-1,-1,-1,,,,,
14630,2804252,-1,315,2,-1,-1,-1,-1,-1,-1,44,1,254,-1,-1,-1,-1,,,,,
14632,2804621,-1,131,8,-1,-1,-1,-1,-1,-1,11,1,11,-1,-1,-1,-1,,,,,
14637,2804985,-1,428,8,-1,-1,-1,-1,-1,-1,11,1,11,-1,-1,-1,-1,,,,,
14639,2805463,-1,324,2,-1,-1,-1,-1,-1,-1,44,1,254,-1,-1,-1,-1,,,,,
14640,2805500,-1,91,4,-1,-1,-1,-1,-1,-1,5,2,178,-1,-1,-1,-1,,,,,
14641,2805716,-1,92,8,-1,-1,-1,-1,-1,-1,11,1,11,-1,-1,-1,-1,,,,,
14643,2805954,-1,445,8,-1,-1,-1,-1,-1,-1,11,1,11,-1,-1,-1,-1,,,,,
14644,2806093,-1,197,2,-1,-1,-1,-1,-1,-1,44,1,254,-1,-1,-1,-1,,,,,
14648,2806363,-1,21,1,-1,-1,-1,-1,-1,-1,4,1,4,-1,-1,-1,-1,,,,,
14649,2806472,-1,1197,2,-1,-1,-1,-1,-1,-1,44,1,254,-1,-1,-1,-1,,,,,
14651,2806634,-1,2585,8,-1,-1,-1,-1,-1,-1,11,1,11,-1,-1,-1,-1,,,,,
14653,2807113,-1,7,1,-1,-1,-1,-1,-1,-1,7,1,9,-1,-1,-1,-1,,,,,
14656,2807685,-1,1487,2,-1,-1,-1,-1,-1,-1,44,1,254,-1,-1,-1,-1,,,,,
14662,2808294,-1,3101,8,-1,-1,-1,-1,-1,-1,21,1,332,-1,-1,-1,-1,,,,,
14663,2808552,-1,19,1,-1,-1,-1,-1,-1,-1,4,1,4,-1,-1,-1,-1,,,,,
14666,2809060,-1,128,16,-1,-1,-1,-1,-1,-1,25,1,38,-1,-1,-1,-1,,,,,
14667,2809267,-1,22,1,-1,-1,-1,-1,-1,-1,25,1,39,-1,-1,-1,-1,,,,,
14668,2809342,-1,1461,8,-1,-1,-1,-1,-1,-1,11,1,11,-1,-1,-1,-1,,,,,
14669,2809347,-1,27,1,-1,-1,-1,-1,-1,-1,25,1,40,-1,-1,-1,-1,,,,,
14670,2809382,-1,19,1,-1,-1,-1,-1,-1,-1,4,1,4,-1,-1,-1,-1,,,,,
14671,2809420,-1,68,1,-1,-1,-1,-1,-1,-1,25,1,41,-1,-1,-1,-1,,,,,
14679,2811033,-1,158,64,-1,-1,-1,-1,-1,-1,12,2,14,-1,-1,-1,-1,,,,,
14680,2811209,-1,219,32,-1,-1,-1,-1,-1,-1,12,2,14,-1,-1,-1,-1,,,,,
14681,2811220,-1,2385,8,-1,-1,-1,-1,-1,-1,11,1,11,-1,-1,-1,-1,,,,,
14685,2811445,-1,179,16,-1,-1,-1,-1,-1,-1,12,2,14,-1,-1,-1,-1,,,,,
14688,2811833,-1,633,64,-1,-1,-1,-1,-1,-1,4,1,3,-1,-1,-1,-1,,,,,
14690,2812441,-1,51,8,-1,-1,-1,-1,-1,-1,25,1,42,-1,-1,-1,-1,,,,,
14692,2812754,-1,895,8,-1,-1,-1,-1,-1,-1,25,1,42,-1,-1,-1,-1,,,,,
14698,2813783,-1,21,4,-1,-1,-1,-1,-1,-1,13,1,274,-1,-1,-1,-1,,,,,
14699,2813826,-1,21,4,-1,-1,-1,-1,-1,-1,13,1,274,-1,-1,-1,-1,,,,,
14700,2813874,-1,21,4,-1,-1,-1,-1,-1,-1,13,1,274,-1,-1,-1,-1,,,,,
14701,2813919,-1,22,4,-1,-1,-1,-1,-1,-1,13,1,274,-1,-1,-1,-1,,,,,
14702,2813959,-1,13,4,-1,-1,-1,-1,-1,-1,13,1,274,-1,-1,-1,-1,,,,,
14704,2814414,-1,235,8,-1,-1,-1,-1,-1,-1,25,1,42,-1,-1,-1,-1,,,,,
14706,2814666,-1,35,8,-1,-1,-1,-1,-1,-1,25,1,42,-1,-1,-1,-1,,,,,
14711,2814933,-1,110,8,-1,-1,-1,-1,-1,-1,25,1,42,-1,-1,-1,-1,,,,,
14713,2815263,-1,170,8,-1,-1,-1,-1,-1,-1,25,1,106,-1,-1,-1,-1,,,,,
14715,2815536,-1,57,4,-1,-1,-1,-1,-1,-1,13,1,274,-1,-1,-1,-1,,,,,
14716,2815801,-1,140,8,-1,-1,-1,-1,-1,-1,25,1,42,-1,-1,-1,-1,,,,,
14717,2815874,-1,258,64,-1,-1,-1,-1,-1,-1,4,1,3,-1,-1,-1,-1,,,,,
14719,2816010,-1,6,8,-1,-1,-1,-1,-1,-1,25,1,42,-1,-1,-1,-1,,,,,
14720,2816076,-1,53,4,-1,-1,-1,-1,-1,-1,13,1,274,-1,-1,-1,-1,,,,,
14722,2816336,-1,53,4,-1,-1,-1,-1,-1,-1,13,1,274,-1,-1,-1,-1,,,,,
14727,2816655,-1,2,4,-1,-1,-1,-1,-1,-1,13,1,274,-1,-1,-1,-1,,,,,
14728,2816699,-1,61,4,-1,-1,-1,-1,-1,-1,13,1,274,-1,-1,-1,-1,,,,,
14729,2816986,-1,182,1,-1,-1,-1,-1,-1,-1,22,1,333,-1,-1,-1,-1,,,,,
14730,2816993,-1,62,8,-1,-1,-1,-1,-1,-1,25,1,42,-1,-1,-1,-1,,,,,
14732,2817252,-1,29,8,-1,-1,-1,-1,-1,-1,25,1,42,-1,-1,-1,-1,,,,,
14733,2817361,-1,1223,1,-1,-1,-1,-1,-1,-1,22,1,334,-1,-1,-1,-1,,,,,
14734,2817434,-1,54,8,-1,-1,-1,-1,-1,-1,25,1,42,-1,-1,-1,-1,,,,,
14736,2817727,-1,19,8,-1,-1,-1,-1,-1,-1,25,1,42,-1,-1,-1,-1,,,,,
14737,2817760,-1,830,8,-1,-1,-1,-1,-1,-1,22,1,335,-1,-1,-1,-1,,,,,
14738,2817803,-1,20,16,-1,-1,-1,-1,-1,-1,13,1,274,-1,-1,-1,-1,,,,,
14739,2817807,-1,32,1,-1,-1,-1,-1,-1,-1,22,1,145,-1,-1,-1,-1,,,,,
14741,2817860,-1,169,16,-1,-1,-1,-1,-1,-1,13,1,274,-1,-1,-1,-1,,,,,
14745,2818062,-1,35,8,-1,-1,-1,-1,-1,-1,25,1,42,-1,-1,-1,-1,,,,,
14747,2818151,-1,173,64,-1,-1,-1,-1,-1,-1,4,1,3,-1,-1,-1,-1,,,,,
14748,2818204,-1,50,8,-1,-1,-1,-1,-1,-1,25,1,42,-1,-1,-1,-1,,,,,
14749,2818308,-1,48,16,-1,-1,-1,-1,-1,-1,13,1,274,-1,-1,-1,-1,,,,,
14750,2818327,-1,28,1,-1,-1,-1,-1,-1,-1,4,1,4,-1,-1,-1,-1,,,,,
14751,2818395,-1,36,8,-1,-1,-1,-1,-1,-1,25,1,42,-1,-1,-1,-1,,,,,
14752,2818509,-1,373,64,-1,-1,-1,-1,-1,-1,4,1,3,-1,-1,-1,-1,,,,,
14754,2818640,-1,92,1,-1,-1,-1,-1,-1,-1,22,1,334,-1,-1,-1,-1,,,,,
14755,2818683,-1,1354,8,-1,-1,-1,-1,-1,-1,22,1,335,-1,-1,-1,-1,,,,,
14756,2818698,-1,59,8,-1,-1,-1,-1,-1,-1,25,1,42,-1,-1,-1,-1,,,,,
14757,2818790,-1,55,1,-1,-1,-1,-1,-1,-1,22,1,334,-1,-1,-1,-1,,,,,
14758,2818900,-1,67,2,-1,-1,-1,-1,-1,-1,22,1,334,-1,-1,-1,-1,,,,,
14759,2818986,-1,4058,64,-1,-1,-1,-1,-1,-1,4,1,3,-1,-1,-1,-1,,,,,
14760,2819047,-1,153,4,-1,-1,-1,-1,-1,-1,22,1,334,-1,-1,-1,-1,,,,,
14761,2819136,-1,77,8,-1,-1,-1,-1,-1,-1,25,1,42,-1,-1,-1,-1,,,,,
14763,2819321,-1,1331,16,-1,-1,-1,-1,-1,-1,13,1,274,-1,-1,-1,-1,,,,,
14764,2819442,-1,123,8,-1,-1,-1,-1,-1,-1,22,1,334,-1,-1,-1,-1,,,,,
14765,2819490,-1,350,8,-1,-1,-1,-1,-1,-1,25,1,42,-1,-1,-1,-1,,,,,
14766,2819541,-1,47,2,-1,-1,-1,-1,-1,-1,44,1,254,-1,-1,-1,-1,,,,,
14769,2819653,-1,193,16,-1,-1,-1,-1,-1,-1,22,1,334,-1,-1,-1,-1,,,,,
14773,2820135,-1,168,8,-1,-1,-1,-1,-1,-1,11,1,11,-1,-1,-1,-1,,,,,
14775,2820308,-1,189,8,-1,-1,-1,-1,-1,-1,11,1,11,-1,-1,-1,-1,,,,,
14776,2820340,-1,18,1,-1,-1,-1,-1,-1,-1,4,1,4,-1,-1,-1,-1,,,,,
14777,2820348,-1,31,8,-1,-1,-1,-1,-1,-1,25,1,42,-1,-1,-1,-1,,,,,
14778,2820503,-1,2,4,-1,-1,-1,-1,-1,-1,11,1,11,-1,-1,-1,-1,,,,,
14779,2820541,-1,68,8,-1,-1,-1,-1,-1,-1,11,1,11,-1,-1,-1,-1,,,,,
14780,2820559,-1,55,8,-1,-1,-1,-1,-1,-1,25,1,42,-1,-1,-1,-1,,,,,
14781,2820594,-1,27,1,-1,-1,-1,-1,-1,-1,4,1,4,-1,-1,-1,-1,,,,,
14782,2820673,-1,53,8,-1,-1,-1,-1,-1,-1,25,1,42,-1,-1,-1,-1,,,,,
14783,2820719,-1,934,1,-1,-1,-1,-1,-1,-1,22,1,334,-1,-1,-1,-1,,,,,
14785,2820765,-1,21,4,-1,-1,-1,-1,-1,-1,11,1,11,-1,-1,-1,-1,,,,,
14786,2820794,-1,48,8,-1,-1,-1,-1,-1,-1,25,1,42,-1,-1,-1,-1,,,,,
14787,2820798,-1,1007,2,-1,-1,-1,-1,-1,-1,44,1,254,-1,-1,-1,-1,,,,,
14788,2820820,-1,56,16,-1,-1,-1,-1,-1,-1,11,1,11,-1,-1,-1,-1,,,,,
14789,2820865,-1,0,16,-1,-1,-1,-1,-1,-1,13,1,274,-1,-1,-1,-1,,,,,
14795,2821491,-1,2,8,-1,-1,-1,-1,-1,-1,25,1,42,-1,-1,-1,-1,,,,,
14796,2821518,-1,55,8,-1,-1,-1,-1,-1,-1,25,1,42,-1,-1,-1,-1,,,,,
14798,2822003,-1,10,1,-1,-1,-1,-1,-1,-1,4,1,4,-1,-1,-1,-1,,,,,
14799,2822048,-1,17,1,-1,-1,-1,-1,-1,-1,39,2,9,-1,-1,-1,-1,,,,,
14801,2822393,-1,137,16,-1,-1,-1,-1,-1,-1,39,2,158,-1,-1,-1,-1,,,,,
14802,2822567,-1,2361,2,-1,-1,-1,-1,-1,-1,22,1,334,-1,-1,-1,-1,,,,,
14806,2822742,-1,130,16,-1,-1,-1,-1,-1,-1,39,2,158,-1,-1,-1,-1,,,,,
14809,2823047,-1,15,1,-1,-1,-1,-1,-1,-1,4,1,4,-1,-1,-1,-1,,,,,
14810,2823164,-1,0,64,-1,-1,-1,-1,-1,-1,4,1,3,-1,-1,-1,-1,,,,,
14812,2823474,-1,667,16,-1,-1,-1,-1,-1,-1,39,2,158,-1,-1,-1,-1,,,,,
14813,2823789,-1,26,1,-1,-1,-1,-1,-1,-1,4,1,4,-1,-1,-1,-1,,,,,
14819,2824367,-1,1049,16,-1,-1,-1,-1,-1,-1,39,2,158,-1,-1,-1,-1,,,,,
14820,2824387,-1,16,1,-1,-1,-1,-1,-1,-1,4,1,4,-1,-1,-1,-1,,,,,
14822,2825575,-1,22,1,-1,-1,-1,-1,-1,-1,4,1,4,-1,-1,-1,-1,,,,,
14824,2825987,-1,258,32,-1,-1,-1,-1,-1,-1,7,1,10,-1,-1,-1,-1,,,,,
14825,2826055,-1,191,4,-1,-1,-1,-1,-1,-1,7,1,18,-1,-1,-1,-1,,,,,
14827,2826266,-1,327,32,-1,-1,-1,-1,-1,-1,7,1,10,-1,-1,-1,-1,,,,,
14828,2826341,-1,22,1,-1,-1,-1,-1,-1,-1,22,1,288,-1,-1,-1,-1,,,,,
14829,2826392,-1,17,1,-1,-1,-1,-1,-1,-1,4,1,4,-1,-1,-1,-1,,,,,
14832,2826620,-1,253,32,-1,-1,-1,-1,-1,-1,7,1,10,-1,-1,-1,-1,,,,,
14833,2826641,-1,48,1,-1,-1,-1,-1,-1,-1,22,1,288,-1,-1,-1,-1,,,,,
14835,2826741,-1,27,1,-1,-1,-1,-1,-1,-1,22,1,288,-1,-1,-1,-1,,,,,
14837,2826751,-1,8,2,-1,-1,-1,-1,-1,-1,44,1,254,-1,-1,-1,-1,,,,,
14838,2826828,-1,20,1,-1,-1,-1,-1,-1,-1,12,2,1,-1,-1,-1,-1,,,,,
14840,2826867,-1,35,2,-1,-1,-1,-1,-1,-1,44,1,254,-1,-1,-1,-1,,,,,
14841,2826881,-1,218,32,-1,-1,-1,-1,-1,-1,7,1,10,-1,-1,-1,-1,,,,,
14842,2826888,-1,43,1,-1,-1,-1,-1,-1,-1,12,2,1,-1,-1,-1,-1,,,,,
14843,2826949,-1,149,4,-1,-1,-1,-1,-1,-1,7,1,18,-1,-1,-1,-1,,,,,
14844,2826968,-1,25,1,-1,-1,-1,-1,-1,-1,12,2,1,-1,-1,-1,-1,,,,,
14845,2827168,-1,122,1,-1,-1,-1,-1,-1,-1,12,2,1,-1,-1,-1,-1,,,,,
14846,2827217,-1,0,1,-1,-1,-1,-1,-1,-1,22,1,288,-1,-1,-1,-1,,,,,
14848,2827311,-1,3,1,-1,-1,-1,-1,-1,-1,12,2,1,-1,-1,-1,-1,,,,,
14849,2827327,-1,3,1,-1,-1,-1,-1,-1,-1,12,2,1,-1,-1,-1,-1,,,,,
14850,2828162,-1,25,16,-1,-1,-1,-1,-1,-1,37,1,158,-1,-1,-1,-1,,,,,
14851,2828210,-1,18,1,-1,-1,-1,-1,-1,-1,12,2,1,-1,-1,-1,-1,,,,,
14852,2828305,-1,112,1,-1,-1,-1,-1,-1,-1,22,1,288,-1,-1,-1,-1,,,,,
14854,2828520,-1,355,64,-1,-1,-1,-1,-1,-1,4,1,3,-1,-1,-1,-1,,,,,
14855,2828607,-1,37,1,-1,-1,-1,-1,-1,-1,4,1,4,-1,-1,-1,-1,,,,,
14856,2828629,-1,115,32,-1,-1,-1,-1,-1,-1,7,1,10,-1,-1,-1,-1,,,,,
14857,2828719,-1,38,4,-1,-1,-1,-1,-1,-1,7,1,18,-1,-1,-1,-1,,,,,
14858,2828779,-1,337,32,-1,-1,-1,-1,-1,-1,7,1,10,-1,-1,-1,-1,,,,,
14859,2828853,-1,263,4,-1,-1,-1,-1,-1,-1,7,1,18,-1,-1,-1,-1,,,,,
14860,2829025,-1,697,64,-1,-1,-1,-1,-1,-1,4,1,3,-1,-1,-1,-1,,,,,
14866,2829589,-1,81,16,-1,-1,-1,-1,-1,-1,13,1,274,-1,-1,-1,-1,,,,,
14868,2829773,-1,250,64,-1,-1,-1,-1,-1,-1,4,1,3,-1,-1,-1,-1,,,,,
14869,2829987,-1,86,16,-1,-1,-1,-1,-1,-1,13,1,274,-1,-1,-1,-1,,,,,
14870,2830064,-1,1340,64,-1,-1,-1,-1,-1,-1,4,1,3,-1,-1,-1,-1,,,,,
14872,2830284,-1,85,16,-1,-1,-1,-1,-1,-1,13,1,274,-1,-1,-1,-1,,,,,
14873,2830293,-1,101,4,-1,-1,-1,-1,-1,-1,7,1,7,-1,-1,-1,-1,,,,,
14874,2830397,-1,5,1,-1,-1,-1,-1,-1,-1,7,1,9,-1,-1,-1,-1,,,,,
14875,2830543,-1,73,16,-1,-1,-1,-1,-1,-1,13,1,274,-1,-1,-1,-1,,,,,
14878,2830986,-1,34,4,-1,-1,-1,-1,-1,-1,7,1,37,-1,-1,-1,-1,,,,,
14880,2831023,-1,9,1,-1,-1,-1,-1,-1,-1,7,1,9,-1,-1,-1,-1,,,,,
14884,2831178,-1,87,16,-1,-1,-1,-1,-1,-1,13,1,274,-1,-1,-1,-1,,,,,
14885,2831207,-1,5,4,-1,-1,-1,-1,-1,-1,7,1,37,-1,-1,-1,-1,,,,,
14886,2831221,-1,31,4,-1,-1,-1,-1,-1,-1,7,1,37,-1,-1,-1,-1,,,,,
14887,2831285,-1,43,8,-1,-1,-1,-1,-1,-1,25,1,42,-1,-1,-1,-1,,,,,
14888,2831363,-1,52,4,-1,-1,-1,-1,-1,-1,7,1,37,-1,-1,-1,-1,,,,,
14889,2831407,-1,16,1,-1,-1,-1,-1,-1,-1,4,1,4,-1,-1,-1,-1,,,,,
14890,2831468,-1,69,8,-1,-1,-1,-1,-1,-1,25,1,42,-1,-1,-1,-1,,,,,
14892,2831617,-1,37,8,-1,-1,-1,-1,-1,-1,25,1,42,-1,-1,-1,-1,,,,,
14893,2831652,-1,64,4,-1,-1,-1,-1,-1,-1,7,1,37,-1,-1,-1,-1,,,,,
14894,2831724,-1,5,1,-1,-1,-1,-1,-1,-1,7,1,9,-1,-1,-1,-1,,,,,
14895,2831789,-1,219,8,-1,-1,-1,-1,-1,-1,25,1,106,-1,-1,-1,-1,,,,,
14896,2831922,-1,71,4,-1,-1,-1,-1,-1,-1,7,1,37,-1,-1,-1,-1,,,,,
14897,2831987,-1,2469,64,-1,-1,-1,-1,-1,-1,4,1,3,-1,-1,-1,-1,,,,,
14898,2832091,-1,67,8,-1,-1,-1,-1,-1,-1,25,1,42,-1,-1,-1,-1,,,,,
14900,2832185,-1,757,8,-1,-1,-1,-1,-1,-1,25,1,106,-1,-1,-1,-1,,,,,
14901,2832186,-1,58,4,-1,-1,-1,-1,-1,-1,7,1,37,-1,-1,-1,-1,,,,,
14902,2832295,-1,26,16,-1,-1,-1,-1,-1,-1,13,1,274,-1,-1,-1,-1,,,,,
14908,2832710,-1,49,8,-1,-1,-1,-1,-1,-1,25,1,42,-1,-1,-1,-1,,,,,
14909,2832790,-1,118,16,-1,-1,-1,-1,-1,-1,13,1,274,-1,-1,-1,-1,,,,,
14910,2833183,-1,5,1,-1,-1,-1,-1,-1,-1,7,1,9,-1,-1,-1,-1,,,,,
14912,2833335,-1,12,4,-1,-1,-1,-1,-1,-1,7,1,37,-1,-1,-1,-1,,,,,
14913,2833500,-1,14,1,-1,-1,-1,-1,-1,-1,9,2,9,-1,-1,-1,-1,,,,,
14914,2833562,-1,24,16,-1,-1,-1,-1,-1,-1,13,1,274,-1,-1,-1,-1,,,,,
14916,2833814,-1,27,4,-1,-1,-1,-1,-1,-1,7,1,37,-1,-1,-1,-1,,,,,
14917,2833928,-1,54,8,-1,-1,-1,-1,-1,-1,25,1,42,-1,-1,-1,-1,,,,,
14918,2834112,-1,55,8,-1,-1,-1,-1,-1,-1,25,1,42,-1,-1,-1,-1,,,,,
14920,2834294,-1,291,8,-1,-1,-1,-1,-1,-1,25,1,42,-1,-1,-1,-1,,,,,
14921,2834345,-1,216,32,-1,-1,-1,-1,-1,-1,7,1,10,-1,-1,-1,-1,,,,,
14922,2834410,-1,151,4,-1,-1,-1,-1,-1,-1,7,1,18,-1,-1,-1,-1,,,,,
14923,2834470,-1,24,1,-1,-1,-1,-1,-1,-1,4,1,4,-1,-1,-1,-1,,,,,
14925,2834566,-1,100,64,-1,-1,-1,-1,-1,-1,13,1,274,-1,-1,-1,-1,,,,,
14928,2834655,-1,199,32,-1,-1,-1,-1,-1,-1,7,1,10,-1,-1,-1,-1,,,,,
14929,2834712,-1,141,4,-1,-1,-1,-1,-1,-1,7,1,18,-1,-1,-1,-1,,,,,
14931,2834788,-1,316,64,-1,-1,-1,-1,-1,-1,13,1,274,-1,-1,-1,-1,,,,,
14932,2834837,-1,45,8,-1,-1,-1,-1,-1,-1,25,1,42,-1,-1,-1,-1,,,,,
14933,2835113,-1,174,64,-1,-1,-1,-1,-1,-1,13,1,274,-1,-1,-1,-1,,,,,
14934,2835131,-1,56,8,-1,-1,-1,-1,-1,-1,25,1,42,-1,-1,-1,-1,,,,,
14935,2835594,-1,247,64,-1,-1,-1,-1,-1,-1,13,1,274,-1,-1,-1,-1,,,,,
14936,2835631,-1,347,32,-1,-1,-1,-1,-1,-1,7,1,10,-1,-1,-1,-1,,,,,
14937,2835691,-1,286,4,-1,-1,-1,-1,-1,-1,7,1,18,-1,-1,-1,-1,,,,,
14938,2835892,-1,688,64,-1,-1,-1,-1,-1,-1,13,1,274,-1,-1,-1,-1,,,,,
14939,2836328,-1,46,8,-1,-1,-1,-1,-1,-1,25,1,42,-1,-1,-1,-1,,,,,
14940,2836370,-1,503,32,-1,-1,-1,-1,-1,-1,7,1,10,-1,-1,-1,-1,,,,,
14941,2836428,-1,444,4,-1,-1,-1,-1,-1,-1,7,1,18,-1,-1,-1,-1,,,,,
14942,2836587,-1,1065,8,-1,-1,-1,-1,-1,-1,25,1,106,-1,-1,-1,-1,,,,,
14943,2836768,-1,4235,64,-1,-1,-1,-1,-1,-1,4,1,3,-1,-1,-1,-1,,,,,
14944,2837008,-1,480,32,-1,-1,-1,-1,-1,-1,7,1,10,-1,-1,-1,-1,,,,,
14945,2837069,-1,418,4,-1,-1,-1,-1,-1,-1,7,1,18,-1,-1,-1,-1,,,,,
14946,2837621,-1,206,32,-1,-1,-1,-1,-1,-1,7,1,10,-1,-1,-1,-1,,,,,
14947,2837681,-1,145,4,-1,-1,-1,-1,-1,-1,7,1,18,-1,-1,-1,-1,,,,,
14948,2837747,-1,63,8,-1,-1,-1,-1,-1,-1,25,1,42,-1,-1,-1,-1,,,,,
14949,2837771,-1,5,8,-1,-1,-1,-1,-1,-1,25,1,42,-1,-1,-1,-1,,,,,
14950,2838152,-1,48,8,-1,-1,-1,-1,-1,-1,25,1,42,-1,-1,-1,-1,,,,,
14951,2838890,-1,75,8,-1,-1,-1,-1,-1,-1,25,1,42,-1,-1,-1,-1,,,,,
14953,2839763,-1,51,8,-1,-1,-1,-1,-1,-1,25,1,42,-1,-1,-1,-1,,,,,
14954,2839845,-1,226,8,-1,-1,-1,-1,-1,-1,25,1,106,-1,-1,-1,-1,,,,,
14956,2840118,-1,47,8,-1,-1,-1,-1,-1,-1,25,1,42,-1,-1,-1,-1,,,,,
14957,2840172,-1,89,8,-1,-1,-1,-1,-1,-1,25,1,106,-1,-1,-1,-1,,,,,
14958,2840296,-1,64,8,-1,-1,-1,-1,-1,-1,25,1,42,-1,-1,-1,-1,,,,,
14959,2840408,-1,781,64,-1,-1,-1,-1,-1,-1,4,1,-1,-1,-1,-1,-1,,,,,
14960,2841007,-1,21,1,-1,-1,-1,-1,-1,-1,4,1,4,-1,-1,-1,-1,,,,,
14961,2841167,-1,5274,64,-1,-1,-1,-1,-1,-1,4,1,-1,-1,-1,-1,-1,,,,,
14984,2846448,-1,10267,128,-1,-1,-1,-1,-1,-1,1,1,-1,-1,-1,-1,-1,,,,,
14985,2856722,-1,10925,128,-1,-1,-1,-1,-1,-1,17,1,-1,-1,-1,-1,-1,,,,,
14986,2869653,-1,7936,8,-1,-1,-1,-1,-1,-1,11,1,11,-1,-1,-1,-1,,,,,
14987,2877726,-1,95,16,-1,-1,-1,-1,-1,-1,11,1,11,-1,-1,-1,-1,,,,,
14988,2878064,-1,517,32,-1,-1,-1,-1,-1,-1,11,1,11,-1,-1,-1,-1,,,,,
14989,2878718,-1,337,32,-1,-1,-1,-1,-1,-1,11,1,11,-1,-1,-1,-1,,,,,
14990,2878843,-1,5296,64,-1,-1,-1,-1,-1,-1,4,1,3,-1,-1,-1,-1,,,,,
14991,2879238,-1,1017,32,-1,-1,-1,-1,-1,-1,11,1,11,-1,-1,-1,-1,,,,,
14992,2880390,-1,2022,32,-1,-1,-1,-1,-1,-1,11,1,11,-1,-1,-1,-1,,,,,
14993,2880949,-1,217,32,-1,-1,-1,-1,-1,-1,12,2,14,-1,-1,-1,-1,,,,,
14994,2882941,-1,833,16,-1,-1,-1,-1,-1,-1,11,1,11,-1,-1,-1,-1,,,,,
14997,2883857,-1,147,8,-1,-1,-1,-1,-1,-1,11,1,11,-1,-1,-1,-1,,,,,
14998,2884146,-1,20,1,-1,-1,-1,-1,-1,-1,4,1,4,-1,-1,-1,-1,,,,,
14999,2884233,-1,2346,64,-1,-1,-1,-1,-1,-1,4,1,3,-1,-1,-1,-1,,,,,
15002,2884599,-1,28,1,-1,-1,-1,-1,-1,-1,22,1,288,-1,-1,-1,-1,,,,,
15004,2884667,-1,120,1,-1,-1,-1,-1,-1,-1,22,1,288,-1,-1,-1,-1,,,,,
15008,2885716,-1,870,16,-1,-1,-1,-1,-1,-1,11,1,11,-1,-1,-1,-1,,,,,
15010,2885971,-1,153,2,-1,-1,-1,-1,-1,-1,38,2,71,-1,-1,-1,-1,,,,,
15012,2886114,-1,4940,8,-1,-1,-1,-1,-1,-1,21,1,332,-1,-1,-1,-1,,,,,
15014,2886157,-1,203,2,-1,-1,-1,-1,-1,-1,38,2,71,-1,-1,-1,-1,,,,,
15016,2886263,-1,805,1,-1,-1,-1,-1,-1,-1,22,1,261,-1,-1,-1,-1,,,,,
15018,2886407,-1,123,2,-1,-1,-1,-1,-1,-1,38,2,71,-1,-1,-1,-1,,,,,
15019,2886474,-1,372,32,-1,-1,-1,-1,-1,-1,7,1,10,-1,-1,-1,-1,,,,,
15020,2886534,-1,310,4,-1,-1,-1,-1,-1,-1,7,1,18,-1,-1,-1,-1,,,,,
15021,2886590,-1,26,1,-1,-1,-1,-1,-1,-1,4,1,4,-1,-1,-1,-1,,,,,
15023,2886832,-1,187,8,-1,-1,-1,-1,-1,-1,11,1,11,-1,-1,-1,-1,,,,,
15024,2886877,-1,190,32,-1,-1,-1,-1,-1,-1,7,1,10,-1,-1,-1,-1,,,,,
15025,2886910,-1,5,2,-1,-1,-1,-1,-1,-1,52,2,106,-1,-1,-1,-1,,,,,
15026,2886948,-1,120,4,-1,-1,-1,-1,-1,-1,7,1,18,-1,-1,-1,-1,,,,,
15027,2887008,-1,30,2,-1,-1,-1,-1,-1,-1,52,2,106,-1,-1,-1,-1,,,,,
15028,2887076,-1,24,2,-1,-1,-1,-1,-1,-1,52,2,106,-1,-1,-1,-1,,,,,
15029,2887103,-1,75,32,-1,-1,-1,-1,-1,-1,7,1,10,-1,-1,-1,-1,,,,,
15030,2887147,-1,185,2,-1,-1,-1,-1,-1,-1,52,2,106,-1,-1,-1,-1,,,,,
15031,2887182,-1,546,32,-1,-1,-1,-1,-1,-1,7,1,10,-1,-1,-1,-1,,,,,
15032,2887249,-1,479,4,-1,-1,-1,-1,-1,-1,7,1,18,-1,-1,-1,-1,,,,,
15034,2887319,-1,8,16,-1,-1,-1,-1,-1,-1,37,1,158,-1,-1,-1,-1,,,,,
15035,2887465,-1,824,1,-1,-1,-1,-1,-1,-1,22,1,261,-1,-1,-1,-1,,,,,
15036,2887508,-1,24,1,-1,-1,-1,-1,-1,-1,9,2,9,-1,-1,-1,-1,,,,,
15037,2887630,-1,69,16,-1,-1,-1,-1,-1,-1,37,1,158,-1,-1,-1,-1,,,,,
15041,2887793,-1,158,32,-1,-1,-1,-1,-1,-1,7,1,10,-1,-1,-1,-1,,,,,
15042,2887854,-1,96,4,-1,-1,-1,-1,-1,-1,7,1,18,-1,-1,-1,-1,,,,,
15044,2887955,-1,438,8,-1,-1,-1,-1,-1,-1,11,1,11,-1,-1,-1,-1,,,,,
15045,2888162,-1,158,16,-1,-1,-1,-1,-1,-1,37,1,158,-1,-1,-1,-1,,,,,
15047,2888448,-1,143,8,-1,-1,-1,-1,-1,-1,11,1,11,-1,-1,-1,-1,,,,,
15048,2888698,-1,118,8,-1,-1,-1,-1,-1,-1,11,1,11,-1,-1,-1,-1,,,,,
15050,2888871,-1,41,32,-1,-1,-1,-1,-1,-1,7,1,10,-1,-1,-1,-1,,,,,
15051,2888915,-1,135,8,-1,-1,-1,-1,-1,-1,11,1,11,-1,-1,-1,-1,,,,,
15052,2888936,-1,543,32,-1,-1,-1,-1,-1,-1,7,1,10,-1,-1,-1,-1,,,,,
15053,2888997,-1,482,4,-1,-1,-1,-1,-1,-1,7,1,18,-1,-1,-1,-1,,,,,
15054,2889055,-1,188,8,-1,-1,-1,-1,-1,-1,11,1,11,-1,-1,-1,-1,,,,,
15055,2889081,-1,168,2,-1,-1,-1,-1,-1,-1,44,1,254,-1,-1,-1,-1,,,,,
15058,2889292,-1,5049,2,-1,-1,-1,-1,-1,-1,22,1,261,-1,-1,-1,-1,,,,,
15061,2889429,-1,184,2,-1,-1,-1,-1,-1,-1,38,2,71,-1,-1,-1,-1,,,,,
15063,2889722,-1,337,4,-1,-1,-1,-1,-1,-1,38,2,71,-1,-1,-1,-1,,,,,
15064,2889738,-1,110,8,-1,-1,-1,-1,-1,-1,11,1,11,-1,-1,-1,-1,,,,,
15065,2889747,-1,292,32,-1,-1,-1,-1,-1,-1,7,1,10,-1,-1,-1,-1,,,,,
15066,2889829,-1,210,4,-1,-1,-1,-1,-1,-1,7,1,18,-1,-1,-1,-1,,,,,
15067,2889866,-1,482,8,-1,-1,-1,-1,-1,-1,11,1,11,-1,-1,-1,-1,,,,,
15069,2890089,-1,295,4,-1,-1,-1,-1,-1,-1,38,2,71,-1,-1,-1,-1,,,,,
15070,2890125,-1,16,32,-1,-1,-1,-1,-1,-1,7,1,10,-1,-1,-1,-1,,,,,
15071,2890167,-1,327,32,-1,-1,-1,-1,-1,-1,7,1,10,-1,-1,-1,-1,,,,,
15073,2890505,-1,201,32,-1,-1,-1,-1,-1,-1,7,1,10,-1,-1,-1,-1,,,,,
15074,2890559,-1,103,2,-1,-1,-1,-1,-1,-1,44,1,254,-1,-1,-1,-1,,,,,
15075,2890568,-1,138,4,-1,-1,-1,-1,-1,-1,7,1,18,-1,-1,-1,-1,,,,,
15080,2891254,-1,126,1,-1,-1,-1,-1,-1,-1,44,1,254,-1,-1,-1,-1,,,,,
15082,2891462,-1,89,1,-1,-1,-1,-1,-1,-1,44,1,254,-1,-1,-1,-1,,,,,
15084,2891792,-1,157,64,-1,-1,-1,-1,-1,-1,12,2,14,-1,-1,-1,-1,,,,,
15085,2892154,-1,526,32,-1,-1,-1,-1,-1,-1,7,1,10,-1,-1,-1,-1,,,,,
15087,2892208,-1,19,16,-1,-1,-1,-1,-1,-1,39,2,158,-1,-1,-1,-1,,,,,
15088,2892210,-1,470,4,-1,-1,-1,-1,-1,-1,7,1,18,-1,-1,-1,-1,,,,,
15089,2892297,-1,99,16,-1,-1,-1,-1,-1,-1,39,2,158,-1,-1,-1,-1,,,,,
15093,2892729,-1,26,1,-1,-1,-1,-1,-1,-1,4,1,4,-1,-1,-1,-1,,,,,
15095,2892776,-1,205,32,-1,-1,-1,-1,-1,-1,7,1,10,-1,-1,-1,-1,,,,,
15096,2892843,-1,139,4,-1,-1,-1,-1,-1,-1,7,1,18,-1,-1,-1,-1,,,,,
15097,2892868,-1,2174,16,-1,-1,-1,-1,-1,-1,39,2,181,-1,-1,-1,-1,,,,,
15098,2892895,-1,2793,64,-1,-1,-1,-1,-1,-1,4,1,3,-1,-1,-1,-1,,,,,
15101,2893254,-1,293,32,-1,-1,-1,-1,-1,-1,7,1,10,-1,-1,-1,-1,,,,,
15104,2893551,-1,47,32,-1,-1,-1,-1,-1,-1,7,1,10,-1,-1,-1,-1,,,,,
15105,2893609,-1,55,32,-1,-1,-1,-1,-1,-1,7,1,10,-1,-1,-1,-1,,,,,
15106,2893698,-1,568,32,-1,-1,-1,-1,-1,-1,7,1,10,-1,-1,-1,-1,,,,,
15108,2893763,-1,503,4,-1,-1,-1,-1,-1,-1,7,1,18,-1,-1,-1,-1,,,,,
15112,2894258,-1,534,2,-1,-1,-1,-1,-1,-1,44,1,254,-1,-1,-1,-1,,,,,
15114,2894333,-1,321,32,-1,-1,-1,-1,-1,-1,7,1,10,-1,-1,-1,-1,,,,,
15115,2894393,-1,260,4,-1,-1,-1,-1,-1,-1,7,1,18,-1,-1,-1,-1,,,,,
15117,2894786,-1,99,2,-1,-1,-1,-1,-1,-1,22,1,261,-1,-1,-1,-1,,,,,
15120,2894840,-1,26,2,-1,-1,-1,-1,-1,-1,44,1,254,-1,-1,-1,-1,,,,,
15123,2894987,-1,16,2,-1,-1,-1,-1,-1,-1,44,1,254,-1,-1,-1,-1,,,,,
15124,2895047,-1,29,2,-1,-1,-1,-1,-1,-1,44,1,254,-1,-1,-1,-1,,,,,
15125,2895245,-1,84,2,-1,-1,-1,-1,-1,-1,44,1,254,-1,-1,-1,-1,,,,,
15127,2895316,-1,65,4,-1,-1,-1,-1,-1,-1,22,1,261,-1,-1,-1,-1,,,,,
15129,2895492,-1,492,8,-1,-1,-1,-1,-1,-1,22,1,261,-1,-1,-1,-1,,,,,
15132,2895692,-1,27,1,-1,-1,-1,-1,-1,-1,4,1,4,-1,-1,-1,-1,,,,,
15133,2895727,-1,252,8,-1,-1,-1,-1,-1,-1,38,2,71,-1,-1,-1,-1,,,,,
15135,2895777,-1,68,2,-1,-1,-1,-1,-1,-1,44,1,254,-1,-1,-1,-1,,,,,
15137,2895849,-1,135,32,-1,-1,-1,-1,-1,-1,7,1,10,-1,-1,-1,-1,,,,,
15139,2895917,-1,66,4,-1,-1,-1,-1,-1,-1,7,1,18,-1,-1,-1,-1,,,,,
15140,2896053,-1,70,8,-1,-1,-1,-1,-1,-1,22,1,261,-1,-1,-1,-1,,,,,
15141,2896084,-1,248,8,-1,-1,-1,-1,-1,-1,11,1,11,-1,-1,-1,-1,,,,,
15142,2896101,-1,388,32,-1,-1,-1,-1,-1,-1,7,1,10,-1,-1,-1,-1,,,,,
15143,2896159,-1,331,4,-1,-1,-1,-1,-1,-1,7,1,18,-1,-1,-1,-1,,,,,
15144,2896219,-1,238,16,-1,-1,-1,-1,-1,-1,37,1,181,-1,-1,-1,-1,,,,,
15145,2896256,-1,106,16,-1,-1,-1,-1,-1,-1,22,1,261,-1,-1,-1,-1,,,,,
15146,2896360,-1,182,2,-1,-1,-1,-1,-1,-1,44,1,254,-1,-1,-1,-1,,,,,
15148,2896440,-1,173,32,-1,-1,-1,-1,-1,-1,22,1,261,-1,-1,-1,-1,,,,,
15149,2896495,-1,252,32,-1,-1,-1,-1,-1,-1,7,1,10,-1,-1,-1,-1,,,,,
15150,2896560,-1,187,4,-1,-1,-1,-1,-1,-1,7,1,18,-1,-1,-1,-1,,,,,
15151,2896670,-1,291,64,-1,-1,-1,-1,-1,-1,22,1,261,-1,-1,-1,-1,,,,,
15152,2896742,-1,10452,8,-1,-1,-1,-1,-1,-1,11,1,11,-1,-1,-1,-1,,,,,
15153,2896825,-1,359,32,-1,-1,-1,-1,-1,-1,7,1,10,-1,-1,-1,-1,,,,,
15155,2896898,-1,286,4,-1,-1,-1,-1,-1,-1,7,1,18,-1,-1,-1,-1,,,,,
15156,2896950,-1,132,2,-1,-1,-1,-1,-1,-1,44,1,254,-1,-1,-1,-1,,,,,
15161,2897387,-1,474,32,-1,-1,-1,-1,-1,-1,7,1,10,-1,-1,-1,-1,,,,,
15162,2897450,-1,412,4,-1,-1,-1,-1,-1,-1,7,1,18,-1,-1,-1,-1,,,,,
15164,2897618,-1,914,64,-1,-1,-1,-1,-1,-1,4,1,3,-1,-1,-1,-1,,,,,
15165,2897870,-1,2357,32,-1,-1,-1,-1,-1,-1,1,1,-1,-1,-1,-1,-1,,,,,
15167,2897960,-1,149,1,-1,-1,-1,-1,-1,-1,44,1,254,-1,-1,-1,-1,,,,,
15169,2898710,-1,68,2,-1,-1,-1,-1,-1,-1,12,2,90,-1,-1,-1,-1,,,,,
15170,2898717,-1,63,2,-1,-1,-1,-1,-1,-1,12,2,49,-1,-1,-1,-1,,,,,
15171,2898724,-1,55,2,-1,-1,-1,-1,-1,-1,12,2,50,-1,-1,-1,-1,,,,,
15173,2898784,-1,62,2,-1,-1,-1,-1,-1,-1,12,2,90,-1,-1,-1,-1,,,,,
15174,2898791,-1,56,2,-1,-1,-1,-1,-1,-1,12,2,49,-1,-1,-1,-1,,,,,
15179,2899356,-1,188,64,-1,-1,-1,-1,-1,-1,4,1,3,-1,-1,-1,-1,,,,,
15180,2899582,-1,47,2,-1,-1,-1,-1,-1,-1,12,2,90,-1,-1,-1,-1,,,,,
15181,2899589,-1,41,2,-1,-1,-1,-1,-1,-1,12,2,49,-1,-1,-1,-1,,,,,
15182,2899666,-1,435,64,-1,-1,-1,-1,-1,-1,4,1,3,-1,-1,-1,-1,,,,,
15184,2900226,-1,2353,32,-1,-1,-1,-1,-1,-1,1,1,-1,-1,-1,-1,-1,,,,,
15186,2900313,-1,49,1,-1,-1,-1,-1,-1,-1,44,1,254,-1,-1,-1,-1,,,,,
15187,2900437,-1,101,1,-1,-1,-1,-1,-1,-1,44,1,254,-1,-1,-1,-1,,,,,
15188,2900563,-1,23,1,-1,-1,-1,-1,-1,-1,4,1,4,-1,-1,-1,-1,,,,,
15193,2901077,-1,93,2,-1,-1,-1,-1,-1,-1,44,1,254,-1,-1,-1,-1,,,,,
15195,2901173,-1,873,32,-1,-1,-1,-1,-1,-1,4,1,3,-1,-1,-1,-1,,,,,
15196,2901493,-1,85,2,-1,-1,-1,-1,-1,-1,12,2,90,-1,-1,-1,-1,,,,,
15197,2901501,-1,78,2,-1,-1,-1,-1,-1,-1,12,2,49,-1,-1,-1,-1,,,,,
15199,2901697,-1,161,32,-1,-1,-1,-1,-1,-1,7,1,10,-1,-1,-1,-1,,,,,
15200,2901753,-1,104,4,-1,-1,-1,-1,-1,-1,7,1,18,-1,-1,-1,-1,,,,,
15201,2901876,-1,39,2,-1,-1,-1,-1,-1,-1,12,2,90,-1,-1,-1,-1,,,,,
15202,2901883,-1,32,2,-1,-1,-1,-1,-1,-1,12,2,49,-1,-1,-1,-1,,,,,
15204,2902069,-1,600,32,-1,-1,-1,-1,-1,-1,4,1,3,-1,-1,-1,-1,,,,,
15205,2902231,-1,23,4,-1,-1,-1,-1,-1,-1,22,1,336,-1,-1,-1,-1,,,,,
15206,2902305,-1,38,8,-1,-1,-1,-1,-1,-1,22,1,336,-1,-1,-1,-1,,,,,
15207,2902337,-1,18,2,-1,-1,-1,-1,-1,-1,7,1,71,-1,-1,-1,-1,,,,,
15209,2902458,-1,36,16,-1,-1,-1,-1,-1,-1,22,1,336,-1,-1,-1,-1,,,,,
15210,2902474,-1,29,2,-1,-1,-1,-1,-1,-1,7,1,71,-1,-1,-1,-1,,,,,
15211,2902703,-1,202,32,-1,-1,-1,-1,-1,-1,4,1,3,-1,-1,-1,-1,,,,,
15212,2902737,-1,3735,16,-1,-1,-1,-1,-1,-1,28,1,-1,-1,-1,-1,-1,,,,,
15215,2902947,-1,109,32,-1,-1,-1,-1,-1,-1,4,1,3,-1,-1,-1,-1,,,,,
15216,2903058,-1,15,1,-1,-1,-1,-1,-1,-1,4,1,4,-1,-1,-1,-1,,,,,
15219,2903921,-1,277,32,-1,-1,-1,-1,-1,-1,4,1,3,-1,-1,-1,-1,,,,,
15220,2903948,-1,458,32,-1,-1,-1,-1,-1,-1,7,1,10,-1,-1,-1,-1,,,,,
15221,2904078,-1,328,4,-1,-1,-1,-1,-1,-1,7,1,18,-1,-1,-1,-1,,,,,
15222,2904087,-1,163,2,-1,-1,-1,-1,-1,-1,44,1,254,-1,-1,-1,-1,,,,,
15223,2904205,-1,41,1,-1,-1,-1,-1,-1,-1,4,1,4,-1,-1,-1,-1,,,,,
15224,2904207,-1,184,8,-1,-1,-1,-1,-1,-1,39,2,149,-1,-1,-1,-1,,,,,
15227,2904709,-1,2490,32,-1,-1,-1,-1,-1,-1,7,1,10,-1,-1,-1,-1,,,,,
15229,2904782,-1,2425,4,-1,-1,-1,-1,-1,-1,7,1,18,-1,-1,-1,-1,,,,,
15231,2904874,-1,267,32,-1,-1,-1,-1,-1,-1,4,1,3,-1,-1,-1,-1,,,,,
15233,2905243,-1,264,32,-1,-1,-1,-1,-1,-1,4,1,3,-1,-1,-1,-1,,,,,
15234,2905262,-1,61,2,-1,-1,-1,-1,-1,-1,12,2,68,-1,-1,-1,-1,,,,,
15236,2905636,-1,243,32,-1,-1,-1,-1,-1,-1,4,1,3,-1,-1,-1,-1,,,,,
15237,2905947,-1,895,32,-1,-1,-1,-1,-1,-1,4,1,3,-1,-1,-1,-1,,,,,
15241,2906448,-1,98,2,-1,-1,-1,-1,-1,-1,12,2,68,-1,-1,-1,-1,,,,,
15244,2906569,-1,2361,32,-1,-1,-1,-1,-1,-1,1,1,-1,-1,-1,-1,-1,,,,,
15246,2906845,-1,16,1,-1,-1,-1,-1,-1,-1,4,1,4,-1,-1,-1,-1,,,,,
15247,2906911,-1,415,32,-1,-1,-1,-1,-1,-1,4,1,3,-1,-1,-1,-1,,,,,
15249,2907215,-1,103,2,-1,-1,-1,-1,-1,-1,12,2,90,-1,-1,-1,-1,,,,,
15250,2907225,-1,106,32,-1,-1,-1,-1,-1,-1,24,1,101,-1,-1,-1,-1,,,,,
15251,2907234,-1,85,2,-1,-1,-1,-1,-1,-1,12,2,49,-1,-1,-1,-1,,,,,
15252,2907285,-1,46,8,-1,-1,-1,-1,-1,-1,24,1,101,-1,-1,-1,-1,,,,,
15253,2907363,-1,42,64,-1,-1,-1,-1,-1,-1,16,2,337,-1,-1,-1,-1,,,,,
15255,2907784,-1,93,32,-1,-1,-1,-1,-1,-1,16,2,337,-1,-1,-1,-1,,,,,
15256,2907951,-1,577,32,-1,-1,-1,-1,-1,-1,4,1,3,-1,-1,-1,-1,,,,,
15259,2908154,-1,82,2,-1,-1,-1,-1,-1,-1,44,1,254,-1,-1,-1,-1,,,,,
15263,2908591,-1,434,32,-1,-1,-1,-1,-1,-1,4,1,3,-1,-1,-1,-1,,,,,
15264,2908932,-1,2354,32,-1,-1,-1,-1,-1,-1,1,1,-1,-1,-1,-1,-1,,,,,
15265,2909028,-1,21,1,-1,-1,-1,-1,-1,-1,4,1,4,-1,-1,-1,-1,,,,,
15267,2909142,-1,249,32,-1,-1,-1,-1,-1,-1,7,1,10,-1,-1,-1,-1,,,,,
15268,2909202,-1,189,4,-1,-1,-1,-1,-1,-1,7,1,18,-1,-1,-1,-1,,,,,
15269,2909257,-1,516,2,-1,-1,-1,-1,-1,-1,44,1,254,-1,-1,-1,-1,,,,,
15270,2909423,-1,4721,32,-1,-1,-1,-1,-1,-1,7,1,10,-1,-1,-1,-1,,,,,
15271,2909484,-1,4660,4,-1,-1,-1,-1,-1,-1,7,1,18,-1,-1,-1,-1,,,,,
15276,2910101,-1,96,32,-1,-1,-1,-1,-1,-1,4,1,3,-1,-1,-1,-1,,,,,
15277,2910200,-1,19,1,-1,-1,-1,-1,-1,-1,4,1,4,-1,-1,-1,-1,,,,,
15279,2910324,-1,90,32,-1,-1,-1,-1,-1,-1,24,1,101,-1,-1,-1,-1,,,,,
15280,2910343,-1,71,8,-1,-1,-1,-1,-1,-1,24,1,101,-1,-1,-1,-1,,,,,
15282,2910916,-1,330,32,-1,-1,-1,-1,-1,-1,7,1,10,-1,-1,-1,-1,,,,,
15283,2910976,-1,269,4,-1,-1,-1,-1,-1,-1,7,1,18,-1,-1,-1,-1,,,,,
15284,2911287,-1,3445,32,-1,-1,-1,-1,-1,-1,1,1,-1,-1,-1,-1,-1,,,,,
15286,2911447,-1,84,32,-1,-1,-1,-1,-1,-1,4,1,3,-1,-1,-1,-1,,,,,
15287,2911534,-1,18,1,-1,-1,-1,-1,-1,-1,4,1,4,-1,-1,-1,-1,,,,,
15288,2911633,-1,190,32,-1,-1,-1,-1,-1,-1,4,1,3,-1,-1,-1,-1,,,,,
15293,2912131,-1,330,4,-1,-1,-1,-1,-1,-1,44,1,254,-1,-1,-1,-1,,,,,
15295,2912888,-1,76,32,-1,-1,-1,-1,-1,-1,24,1,101,-1,-1,-1,-1,,,,,
15296,2912913,-1,51,8,-1,-1,-1,-1,-1,-1,24,1,101,-1,-1,-1,-1,,,,,
15298,2913073,-1,506,16,-1,-1,-1,-1,-1,-1,44,1,254,-1,-1,-1,-1,,,,,
15299,2913134,-1,143,32,-1,-1,-1,-1,-1,-1,4,1,3,-1,-1,-1,-1,,,,,
15305,2913799,-1,238,16,-1,-1,-1,-1,-1,-1,44,1,254,-1,-1,-1,-1,,,,,
15307,2914095,-1,48,2,-1,-1,-1,-1,-1,-1,12,2,90,-1,-1,-1,-1,,,,,
15308,2914102,-1,44,2,-1,-1,-1,-1,-1,-1,12,2,49,-1,-1,-1,-1,,,,,
15309,2914262,-1,0,32,-1,-1,-1,-1,-1,-1,7,1,10,-1,-1,-1,-1,,,,,
15310,2914332,-1,0,4,-1,-1,-1,-1,-1,-1,7,1,18,-1,-1,-1,-1,,,,,
15311,2914346,-1,203,32,-1,-1,-1,-1,-1,-1,4,1,3,-1,-1,-1,-1,,,,,
15312,2914731,-1,2226,32,-1,-1,-1,-1,-1,-1,1,1,-1,-1,-1,-1,-1,,,,,
15313,2915082,-1,163,32,-1,-1,-1,-1,-1,-1,4,1,3,-1,-1,-1,-1,,,,,
15314,2915282,-1,48,2,-1,-1,-1,-1,-1,-1,12,2,90,-1,-1,-1,-1,,,,,
15315,2915522,-1,89,2,-1,-1,-1,-1,-1,-1,12,2,90,-1,-1,-1,-1,,,,,
15316,2915533,-1,78,2,-1,-1,-1,-1,-1,-1,12,2,49,-1,-1,-1,-1,,,,,
15317,2915948,-1,73,32,-1,-1,-1,-1,-1,-1,24,1,101,-1,-1,-1,-1,,,,,
15318,2915967,-1,54,8,-1,-1,-1,-1,-1,-1,24,1,101,-1,-1,-1,-1,,,,,
15319,2916230,-1,289,32,-1,-1,-1,-1,-1,-1,4,1,3,-1,-1,-1,-1,,,,,
15320,2916522,-1,19,1,-1,-1,-1,-1,-1,-1,4,1,4,-1,-1,-1,-1,,,,,
15321,2916568,-1,206,32,-1,-1,-1,-1,-1,-1,4,1,3,-1,-1,-1,-1,,,,,
15322,2916807,-1,139,32,-1,-1,-1,-1,-1,-1,4,1,3,-1,-1,-1,-1,,,,,
15323,2916993,-1,178,32,-1,-1,-1,-1,-1,-1,4,1,3,-1,-1,-1,-1,,,,,
15324,2917072,-1,625,32,-1,-1,-1,-1,-1,-1,1,1,-1,-1,-1,-1,-1,,,,,
15325,2917197,-1,52,2,-1,-1,-1,-1,-1,-1,12,2,90,-1,-1,-1,-1,,,,,
15326,2917211,-1,39,2,-1,-1,-1,-1,-1,-1,12,2,49,-1,-1,-1,-1,,,,,
15327,2917246,-1,146,32,-1,-1,-1,-1,-1,-1,4,1,3,-1,-1,-1,-1,,,,,
15328,2917328,-1,67,2,-1,-1,-1,-1,-1,-1,12,2,90,-1,-1,-1,-1,,,,,
15329,2917336,-1,62,2,-1,-1,-1,-1,-1,-1,12,2,49,-1,-1,-1,-1,,,,,
15330,2917345,-1,55,2,-1,-1,-1,-1,-1,-1,12,2,50,-1,-1,-1,-1,,,,,
15331,2917449,-1,1094,32,-1,-1,-1,-1,-1,-1,4,1,3,-1,-1,-1,-1,,,,,
15332,2917741,-1,229,32,-1,-1,-1,-1,-1,-1,1,1,302,-1,-1,-1,-1,,,,,
15333,2917944,-1,101,2,-1,-1,-1,-1,-1,-1,12,2,90,-1,-1,-1,-1,,,,,
15334,2917958,-1,91,2,-1,-1,-1,-1,-1,-1,12,2,49,-1,-1,-1,-1,,,,,
15335,2917967,-1,84,2,-1,-1,-1,-1,-1,-1,12,2,50,-1,-1,-1,-1,,,,,
15336,2918119,-1,86,32,-1,-1,-1,-1,-1,-1,24,1,101,-1,-1,-1,-1,,,,,
15337,2918149,-1,57,8,-1,-1,-1,-1,-1,-1,24,1,101,-1,-1,-1,-1,,,,,
15338,2918372,-1,0,32,-1,-1,-1,-1,-1,-1,1,1,-1,-1,-1,-1,-1,,,,,
15339,2918913,-1,44,1,-1,-1,-1,-1,-1,-1,14,2,1,-1,-1,-1,-1,,,,,
15340,2919071,-1,57,1,-1,-1,-1,-1,-1,-1,12,2,1,-1,-1,-1,-1,,,,,
15341,2919698,-1,278,32,-1,-1,-1,-1,-1,-1,1,1,-1,-1,-1,-1,-1,,,,,
15342,2919755,-1,885,32,-1,-1,-1,-1,-1,-1,4,1,3,-1,-1,-1,-1,,,,,
15343,2919901,-1,17,1,-1,-1,-1,-1,-1,-1,9,2,9,-1,-1,-1,-1,,,,,
15344,2920445,-1,707,32,-1,-1,-1,-1,-1,-1,1,1,-1,-1,-1,-1,-1,,,,,
15345,2920701,-1,347,32,-1,-1,-1,-1,-1,-1,4,1,3,-1,-1,-1,-1,,,,,
15346,2921204,-1,176,32,-1,-1,-1,-1,-1,-1,1,1,302,-1,-1,-1,-1,,,,,
15347,2921410,-1,633,64,-1,-1,-1,-1,-1,-1,4,1,3,-1,-1,-1,-1,,,,,
15348,2921421,-1,44,32,-1,-1,-1,-1,-1,-1,1,1,302,-1,-1,-1,-1,,,,,
15349,2921474,-1,48,32,-1,-1,-1,-1,-1,-1,1,1,302,-1,-1,-1,-1,,,,,
15350,2921533,-1,133,32,-1,-1,-1,-1,-1,-1,1,1,302,-1,-1,-1,-1,,,,,
15351,2921675,-1,93,32,-1,-1,-1,-1,-1,-1,1,1,302,-1,-1,-1,-1,,,,,
15352,2921783,-1,175,32,-1,-1,-1,-1,-1,-1,1,1,302,-1,-1,-1,-1,,,,,
15353,2921971,-1,197,32,-1,-1,-1,-1,-1,-1,1,1,302,-1,-1,-1,-1,,,,,
15354,2922045,-1,15,1,-1,-1,-1,-1,-1,-1,4,1,4,-1,-1,-1,-1,,,,,
15355,2922176,-1,363,32,-1,-1,-1,-1,-1,-1,1,1,302,-1,-1,-1,-1,,,,,
15356,2922294,-1,606,64,-1,-1,-1,-1,-1,-1,4,1,3,-1,-1,-1,-1,,,,,
15357,2922551,-1,753,32,-1,-1,-1,-1,-1,-1,1,1,302,-1,-1,-1,-1,,,,,
15358,2922904,-1,15,1,-1,-1,-1,-1,-1,-1,4,1,4,-1,-1,-1,-1,,,,,
15359,2923309,-1,2190,32,-1,-1,-1,-1,-1,-1,1,1,-1,-1,-1,-1,-1,,,,,
15360,2925498,-1,2164,32,-1,-1,-1,-1,-1,-1,1,1,-1,-1,-1,-1,-1,,,,,
15361,2926805,-1,9333,64,-1,-1,-1,-1,-1,-1,4,1,-1,-1,-1,-1,-1,,,,,
15362,2927664,-1,3140,32,-1,-1,-1,-1,-1,-1,1,1,-1,-1,-1,-1,-1,,,,,
15363,2930806,-1,3152,32,-1,-1,-1,-1,-1,-1,1,1,-1,-1,-1,-1,-1,,,,,
15364,2933958,-1,35,32,-1,-1,-1,-1,-1,-1,1,1,-1,-1,-1,-1,-1,,,,,
15365,2933992,-1,35,32,-1,-1,-1,-1,-1,-1,1,1,-1,-1,-1,-1,-1,,,,,
15366,2936143,-1,9703,128,-1,-1,-1,-1,-1,-1,2,1,-1,-1,-1,-1,-1,,,,,
15367,2945848,-1,10925,128,-1,-1,-1,-1,-1,-1,17,1,-1,-1,-1,-1,-1,,,,,
15381,2958558,-1,19,32,-1,-1,-1,-1,-1,-1,6,1,6,-1,-1,-1,-1,,,,,
15382,2958743,-1,23,16,-1,-1,-1,-1,-1,-1,6,1,6,-1,-1,-1,-1,,,,,
15384,2958815,-1,27,16,-1,-1,-1,-1,-1,-1,6,1,6,-1,-1,-1,-1,,,,,
15385,2958862,-1,92,32,-1,-1,-1,-1,-1,-1,6,1,6,-1,-1,-1,-1,,,,,
15388,2959311,-1,128,64,-1,-1,-1,-1,-1,-1,6,1,6,-1,-1,-1,-1,,,,,
15390,2959444,-1,178,128,-1,-1,-1,-1,-1,-1,6,1,6,-1,-1,-1,-1,,,,,
15397,2959836,-1,44,16,-1,-1,-1,-1,-1,-1,6,1,6,-1,-1,-1,-1,,,,,
15401,2960025,-1,47,16,-1,-1,-1,-1,-1,-1,6,1,6,-1,-1,-1,-1,,,,,
15402,2960268,-1,20,16,-1,-1,-1,-1,-1,-1,6,1,6,-1,-1,-1,-1,,,,,
15405,2960759,-1,25,16,-1,-1,-1,-1,-1,-1,6,1,6,-1,-1,-1,-1,,,,,
15406,2960844,-1,48,16,-1,-1,-1,-1,-1,-1,6,1,6,-1,-1,-1,-1,,,,,
15441,2964785,-1,135,32,-1,-1,-1,-1,-1,-1,3,2,1,-1,-1,-1,-1,,,,,
15445,2965482,-1,1288,64,-1,-1,-1,-1,-1,-1,4,1,3,-1,-1,-1,-1,,,,,
15447,2966030,-1,119,8,-1,-1,-1,-1,-1,-1,28,1,67,-1,-1,-1,-1,,,,,
15452,2966776,-1,15,1,-1,-1,-1,-1,-1,-1,4,1,4,-1,-1,-1,-1,,,,,
15454,2967129,-1,1280,64,-1,-1,-1,-1,-1,-1,4,1,3,-1,-1,-1,-1,,,,,
15461,2968410,-1,13,1,-1,-1,-1,-1,-1,-1,4,1,4,-1,-1,-1,-1,,,,,
15462,2968596,-1,17,8,-1,-1,-1,-1,-1,-1,8,1,338,-1,-1,-1,-1,,,,,
15463,2968653,-1,1362,64,-1,-1,-1,-1,-1,-1,4,1,3,-1,-1,-1,-1,,,,,
15464,2968703,-1,55,8,-1,-1,-1,-1,-1,-1,8,1,338,-1,-1,-1,-1,,,,,
15469,2969324,-1,38,8,-1,-1,-1,-1,-1,-1,8,1,338,-1,-1,-1,-1,,,,,
15476,2970018,-1,16,1,-1,-1,-1,-1,-1,-1,4,1,4,-1,-1,-1,-1,,,,,
15482,2970191,-1,257,64,-1,-1,-1,-1,-1,-1,4,1,3,-1,-1,-1,-1,,,,,
15484,2970326,-1,48,8,-1,-1,-1,-1,-1,-1,8,1,338,-1,-1,-1,-1,,,,,
15487,2970490,-1,244,64,-1,-1,-1,-1,-1,-1,4,1,3,-1,-1,-1,-1,,,,,
15491,2970649,-1,123,8,-1,-1,-1,-1,-1,-1,8,1,338,-1,-1,-1,-1,,,,,
15493,2970761,-1,1137,64,-1,-1,-1,-1,-1,-1,4,1,3,-1,-1,-1,-1,,,,,
15497,2971585,-1,15,1,-1,-1,-1,-1,-1,-1,4,1,4,-1,-1,-1,-1,,,,,
15502,2971902,-1,24,1,-1,-1,-1,-1,-1,-1,4,1,4,-1,-1,-1,-1,,,,,
15504,2971950,-1,538,64,-1,-1,-1,-1,-1,-1,4,1,3,-1,-1,-1,-1,,,,,
15517,2973559,-1,2467,64,-1,-1,-1,-1,-1,-1,4,1,3,-1,-1,-1,-1,,,,,
15518,2973663,-1,37,64,-1,-1,-1,-1,-1,-1,35,1,339,-1,-1,-1,-1,,,,,
15519,2973704,-1,26,64,-1,-1,-1,-1,-1,-1,35,1,340,-1,-1,-1,-1,,,,,
15521,2973765,-1,20,32,-1,-1,-1,-1,-1,-1,35,1,339,-1,-1,-1,-1,,,,,
15522,2973806,-1,21,32,-1,-1,-1,-1,-1,-1,35,1,340,-1,-1,-1,-1,,,,,
15524,2973900,-1,14,1,-1,-1,-1,-1,-1,-1,9,2,9,-1,-1,-1,-1,,,,,
15526,2974222,-1,80,2,-1,-1,-1,-1,-1,-1,44,1,254,-1,-1,-1,-1,,,,,
15533,2974966,-1,14,1,-1,-1,-1,-1,-1,-1,4,1,4,-1,-1,-1,-1,,,,,
15542,2976028,-1,15,1,-1,-1,-1,-1,-1,-1,4,1,4,-1,-1,-1,-1,,,,,
15546,2976429,-1,2452,64,-1,-1,-1,-1,-1,-1,4,1,3,-1,-1,-1,-1,,,,,
15555,2977411,-1,11,4,-1,-1,-1,-1,-1,-1,5,2,5,-1,-1,-1,-1,,,,,
15556,2977449,-1,92,8,-1,-1,-1,-1,-1,-1,5,2,13,-1,-1,-1,-1,,,,,
15559,2977722,-1,5,1,-1,-1,-1,-1,-1,-1,5,2,9,-1,-1,-1,-1,,,,,
15560,2977760,-1,44,1,-1,-1,-1,-1,-1,-1,5,2,12,-1,-1,-1,-1,,,,,
15561,2977831,-1,7,1,-1,-1,-1,-1,-1,-1,5,2,56,-1,-1,-1,-1,,,,,
15573,2978725,-1,323,8,-1,-1,-1,-1,-1,-1,8,1,338,-1,-1,-1,-1,,,,,
15574,2978885,-1,15,1,-1,-1,-1,-1,-1,-1,4,1,4,-1,-1,-1,-1,,,,,
15577,2979178,-1,33,8,-1,-1,-1,-1,-1,-1,8,1,338,-1,-1,-1,-1,,,,,
15578,2979337,-1,73,8,-1,-1,-1,-1,-1,-1,8,1,338,-1,-1,-1,-1,,,,,
15581,2979511,-1,93,8,-1,-1,-1,-1,-1,-1,8,1,338,-1,-1,-1,-1,,,,,
15590,2980048,-1,167,64,-1,-1,-1,-1,-1,-1,4,1,3,-1,-1,-1,-1,,,,,
15592,2980217,-1,13,1,-1,-1,-1,-1,-1,-1,4,1,4,-1,-1,-1,-1,,,,,
15594,2980420,-1,27,8,-1,-1,-1,-1,-1,-1,8,1,338,-1,-1,-1,-1,,,,,
15596,2980714,-1,36,8,-1,-1,-1,-1,-1,-1,8,1,338,-1,-1,-1,-1,,,,,
15598,2980950,-1,39,8,-1,-1,-1,-1,-1,-1,8,1,338,-1,-1,-1,-1,,,,,
15604,2981212,-1,42,8,-1,-1,-1,-1,-1,-1,8,1,338,-1,-1,-1,-1,,,,,
15609,2981670,-1,3,8,-1,-1,-1,-1,-1,-1,8,1,338,-1,-1,-1,-1,,,,,
15611,2981737,-1,18,8,-1,-1,-1,-1,-1,-1,8,1,338,-1,-1,-1,-1,,,,,
15612,2981743,-1,152,64,-1,-1,-1,-1,-1,-1,4,1,3,-1,-1,-1,-1,,,,,
15613,2981898,-1,14,1,-1,-1,-1,-1,-1,-1,4,1,4,-1,-1,-1,-1,,,,,
15614,2981941,-1,10,1,-1,-1,-1,-1,-1,-1,23,1,134,-1,-1,-1,-1,,,,,
15615,2981996,-1,22,1,-1,-1,-1,-1,-1,-1,23,1,145,-1,-1,-1,-1,,,,,
15616,2982027,-1,130,32,-1,-1,-1,-1,-1,-1,24,1,101,-1,-1,-1,-1,,,,,
15617,2982043,-1,55,1,-1,-1,-1,-1,-1,-1,23,1,134,-1,-1,-1,-1,,,,,
15618,2982060,-1,97,8,-1,-1,-1,-1,-1,-1,24,1,101,-1,-1,-1,-1,,,,,
15619,2982084,-1,87,32,-1,-1,-1,-1,-1,-1,11,1,11,-1,-1,-1,-1,,,,,
15620,2982108,-1,224,8,-1,-1,-1,-1,-1,-1,8,1,338,-1,-1,-1,-1,,,,,
15621,2982127,-1,454,1,-1,-1,-1,-1,-1,-1,23,1,134,-1,-1,-1,-1,,,,,
15625,2982609,-1,25,1,-1,-1,-1,-1,-1,-1,23,1,145,-1,-1,-1,-1,,,,,
15627,2982675,-1,53,1,-1,-1,-1,-1,-1,-1,23,1,134,-1,-1,-1,-1,,,,,
15631,2982760,-1,243,8,-1,-1,-1,-1,-1,-1,8,1,338,-1,-1,-1,-1,,,,,
15636,2983218,-1,38,1,-1,-1,-1,-1,-1,-1,23,1,134,-1,-1,-1,-1,,,,,
15640,2983363,-1,161,32,-1,-1,-1,-1,-1,-1,24,1,101,-1,-1,-1,-1,,,,,
15641,2983386,-1,138,8,-1,-1,-1,-1,-1,-1,24,1,101,-1,-1,-1,-1,,,,,
15642,2983615,-1,40,1,-1,-1,-1,-1,-1,-1,23,1,134,-1,-1,-1,-1,,,,,
15643,2983701,-1,84,32,-1,-1,-1,-1,-1,-1,24,1,101,-1,-1,-1,-1,,,,,
15644,2983768,-1,52,1,-1,-1,-1,-1,-1,-1,23,1,134,-1,-1,-1,-1,,,,,
15647,2983863,-1,42,1,-1,-1,-1,-1,-1,-1,23,1,134,-1,-1,-1,-1,,,,,
15654,2984557,-1,35,1,-1,-1,-1,-1,-1,-1,23,1,134,-1,-1,-1,-1,,,,,
15655,2984617,-1,28,32,-1,-1,-1,-1,-1,-1,7,1,10,-1,-1,-1,-1,,,,,
15658,2984690,-1,149,32,-1,-1,-1,-1,-1,-1,7,1,10,-1,-1,-1,-1,,,,,
15659,2984755,-1,83,4,-1,-1,-1,-1,-1,-1,7,1,18,-1,-1,-1,-1,,,,,
15660,2984783,-1,2362,32,-1,-1,-1,-1,-1,-1,1,1,-1,-1,-1,-1,-1,,,,,
15664,2985065,-1,36,1,-1,-1,-1,-1,-1,-1,23,1,134,-1,-1,-1,-1,,,,,
15665,2985279,-1,88,32,-1,-1,-1,-1,-1,-1,7,1,10,-1,-1,-1,-1,,,,,
15666,2985344,-1,19,4,-1,-1,-1,-1,-1,-1,7,1,18,-1,-1,-1,-1,,,,,
15667,2985370,-1,90,32,-1,-1,-1,-1,-1,-1,24,1,101,-1,-1,-1,-1,,,,,
15668,2985399,-1,62,8,-1,-1,-1,-1,-1,-1,24,1,101,-1,-1,-1,-1,,,,,
15671,2985519,-1,400,32,-1,-1,-1,-1,-1,-1,7,1,10,-1,-1,-1,-1,,,,,
15672,2985580,-1,340,4,-1,-1,-1,-1,-1,-1,7,1,18,-1,-1,-1,-1,,,,,
15677,2985928,-1,248,32,-1,-1,-1,-1,-1,-1,7,1,10,-1,-1,-1,-1,,,,,
15678,2985997,-1,551,2,-1,-1,-1,-1,-1,-1,44,1,254,-1,-1,-1,-1,,,,,
15679,2986018,-1,158,4,-1,-1,-1,-1,-1,-1,7,1,18,-1,-1,-1,-1,,,,,
15687,2986745,-1,28,32,-1,-1,-1,-1,-1,-1,7,1,10,-1,-1,-1,-1,,,,,
15688,2986795,-1,189,32,-1,-1,-1,-1,-1,-1,7,1,10,-1,-1,-1,-1,,,,,
15689,2986851,-1,132,4,-1,-1,-1,-1,-1,-1,7,1,18,-1,-1,-1,-1,,,,,
15692,2987146,-1,2400,32,-1,-1,-1,-1,-1,-1,1,1,-1,-1,-1,-1,-1,,,,,
15693,2987261,-1,296,32,-1,-1,-1,-1,-1,-1,7,1,10,-1,-1,-1,-1,,,,,
15694,2987317,-1,240,4,-1,-1,-1,-1,-1,-1,7,1,18,-1,-1,-1,-1,,,,,
15695,2987365,-1,216,32,-1,-1,-1,-1,-1,-1,11,1,11,-1,-1,-1,-1,,,,,
15700,2987565,-1,226,32,-1,-1,-1,-1,-1,-1,7,1,10,-1,-1,-1,-1,,,,,
15701,2987628,-1,162,4,-1,-1,-1,-1,-1,-1,7,1,18,-1,-1,-1,-1,,,,,
15708,2994129,-1,2372,32,-1,-1,-1,-1,-1,-1,1,1,-1,-1,-1,-1,-1,,,,,
15709,2994192,-1,353,8,-1,-1,-1,-1,-1,-1,8,1,338,-1,-1,-1,-1,,,,,
15712,2994591,-1,16,8,-1,-1,-1,-1,-1,-1,8,1,338,-1,-1,-1,-1,,,,,
15713,2994638,-1,48,8,-1,-1,-1,-1,-1,-1,8,1,338,-1,-1,-1,-1,,,,,
15716,2995188,-1,203,32,-1,-1,-1,-1,-1,-1,7,1,10,-1,-1,-1,-1,,,,,
15717,2995245,-1,146,4,-1,-1,-1,-1,-1,-1,7,1,18,-1,-1,-1,-1,,,,,
15718,2995358,-1,278,16,-1,-1,-1,-1,-1,-1,44,1,254,-1,-1,-1,-1,,,,,
15720,2995411,-1,393,32,-1,-1,-1,-1,-1,-1,7,1,10,-1,-1,-1,-1,,,,,
15723,2995490,-1,314,4,-1,-1,-1,-1,-1,-1,7,1,18,-1,-1,-1,-1,,,,,
15727,2995684,-1,86,8,-1,-1,-1,-1,-1,-1,24,1,29,-1,-1,-1,-1,,,,,
15729,2995869,-1,216,32,-1,-1,-1,-1,-1,-1,7,1,10,-1,-1,-1,-1,,,,,
15730,2995934,-1,152,4,-1,-1,-1,-1,-1,-1,7,1,18,-1,-1,-1,-1,,,,,
15734,2996429,-1,376,32,-1,-1,-1,-1,-1,-1,7,1,10,-1,-1,-1,-1,,,,,
15735,2996495,-1,309,4,-1,-1,-1,-1,-1,-1,7,1,18,-1,-1,-1,-1,,,,,
15736,2996506,-1,2382,32,-1,-1,-1,-1,-1,-1,1,1,-1,-1,-1,-1,-1,,,,,
15737,2996521,-1,356,4,-1,-1,-1,-1,-1,-1,44,1,254,-1,-1,-1,-1,,,,,
15740,2996939,-1,173,32,-1,-1,-1,-1,-1,-1,7,1,10,-1,-1,-1,-1,,,,,
15741,2997003,-1,110,4,-1,-1,-1,-1,-1,-1,7,1,18,-1,-1,-1,-1,,,,,
15753,2997636,-1,150,32,-1,-1,-1,-1,-1,-1,24,1,101,-1,-1,-1,-1,,,,,
15755,2997693,-1,94,8,-1,-1,-1,-1,-1,-1,24,1,101,-1,-1,-1,-1,,,,,
15760,2997962,-1,168,32,-1,-1,-1,-1,-1,-1,7,1,10,-1,-1,-1,-1,,,,,
15761,2998035,-1,97,4,-1,-1,-1,-1,-1,-1,7,1,18,-1,-1,-1,-1,,,,,
15762,2998133,-1,515,2,-1,-1,-1,-1,-1,-1,44,1,254,-1,-1,-1,-1,,,,,
15768,2998788,-1,83,32,-1,-1,-1,-1,-1,-1,7,1,10,-1,-1,-1,-1,,,,,
15769,2998802,-1,104,1,-1,-1,-1,-1,-1,-1,44,1,254,-1,-1,-1,-1,,,,,
15770,2998874,-1,18,4,-1,-1,-1,-1,-1,-1,7,1,18,-1,-1,-1,-1,,,,,
15771,2998892,-1,3308,32,-1,-1,-1,-1,-1,-1,1,1,-1,-1,-1,-1,-1,,,,,
15775,2998976,-1,860,1,-1,-1,-1,-1,-1,-1,44,1,254,-1,-1,-1,-1,,,,,
15777,2999099,-1,80,32,-1,-1,-1,-1,-1,-1,7,1,10,-1,-1,-1,-1,,,,,
15778,2999185,-1,160,32,-1,-1,-1,-1,-1,-1,7,1,10,-1,-1,-1,-1,,,,,
15779,2999250,-1,95,4,-1,-1,-1,-1,-1,-1,7,1,18,-1,-1,-1,-1,,,,,
15782,2999646,-1,364,32,-1,-1,-1,-1,-1,-1,7,1,10,-1,-1,-1,-1,,,,,
15783,2999724,-1,287,4,-1,-1,-1,-1,-1,-1,7,1,18,-1,-1,-1,-1,,,,,
15784,2999870,-1,254,32,-1,-1,-1,-1,-1,-1,44,1,254,-1,-1,-1,-1,,,,,
15785,3000038,-1,218,32,-1,-1,-1,-1,-1,-1,7,1,10,-1,-1,-1,-1,,,,,
15786,3000112,-1,143,4,-1,-1,-1,-1,-1,-1,7,1,18,-1,-1,-1,-1,,,,,
15788,3000423,-1,148,32,-1,-1,-1,-1,-1,-1,24,1,101,-1,-1,-1,-1,,,,,
15789,3000471,-1,101,8,-1,-1,-1,-1,-1,-1,24,1,101,-1,-1,-1,-1,,,,,
15793,3001598,-1,216,32,-1,-1,-1,-1,-1,-1,24,1,101,-1,-1,-1,-1,,,,,
15794,3001648,-1,168,8,-1,-1,-1,-1,-1,-1,24,1,101,-1,-1,-1,-1,,,,,
15795,3002200,-1,3420,32,-1,-1,-1,-1,-1,-1,1,1,-1,-1,-1,-1,-1,,,,,
15796,3002215,-1,519,32,-1,-1,-1,-1,-1,-1,7,1,10,-1,-1,-1,-1,,,,,
15797,3002332,-1,402,4,-1,-1,-1,-1,-1,-1,7,1,18,-1,-1,-1,-1,,,,,
15798,3002546,-1,103,32,-1,-1,-1,-1,-1,-1,4,1,3,-1,-1,-1,-1,,,,,
15799,3002654,-1,20,1,-1,-1,-1,-1,-1,-1,4,1,4,-1,-1,-1,-1,,,,,
15800,3002762,-1,248,32,-1,-1,-1,-1,-1,-1,7,1,10,-1,-1,-1,-1,,,,,
15801,3002840,-1,168,4,-1,-1,-1,-1,-1,-1,7,1,18,-1,-1,-1,-1,,,,,
15802,3003236,-1,295,32,-1,-1,-1,-1,-1,-1,4,1,3,-1,-1,-1,-1,,,,,
15803,3003534,-1,21,1,-1,-1,-1,-1,-1,-1,4,1,4,-1,-1,-1,-1,,,,,
15804,3003787,-1,530,8,-1,-1,-1,-1,-1,-1,11,1,11,-1,-1,-1,-1,,,,,
15805,3004230,-1,264,32,-1,-1,-1,-1,-1,-1,7,1,10,-1,-1,-1,-1,,,,,
15806,3004384,-1,392,32,-1,-1,-1,-1,-1,-1,4,1,3,-1,-1,-1,-1,,,,,
15807,3004395,-1,670,8,-1,-1,-1,-1,-1,-1,11,1,11,-1,-1,-1,-1,,,,,
15808,3004527,-1,193,32,-1,-1,-1,-1,-1,-1,7,1,10,-1,-1,-1,-1,,,,,
15809,3004650,-1,69,4,-1,-1,-1,-1,-1,-1,7,1,18,-1,-1,-1,-1,,,,,
15810,3004780,-1,16,1,-1,-1,-1,-1,-1,-1,4,1,4,-1,-1,-1,-1,,,,,
15811,3004856,-1,491,32,-1,-1,-1,-1,-1,-1,7,1,10,-1,-1,-1,-1,,,,,
15812,3004928,-1,418,4,-1,-1,-1,-1,-1,-1,7,1,18,-1,-1,-1,-1,,,,,
15813,3005095,-1,236,32,-1,-1,-1,-1,-1,-1,4,1,3,-1,-1,-1,-1,,,,,
15814,3005372,-1,115,32,-1,-1,-1,-1,-1,-1,7,1,10,-1,-1,-1,-1,,,,,
15815,3005424,-1,1112,32,-1,-1,-1,-1,-1,-1,4,1,3,-1,-1,-1,-1,,,,,
15816,3005464,-1,41,4,-1,-1,-1,-1,-1,-1,7,1,18,-1,-1,-1,-1,,,,,
15817,3005495,-1,81,32,-1,-1,-1,-1,-1,-1,7,1,10,-1,-1,-1,-1,,,,,
15818,3005592,-1,46,32,-1,-1,-1,-1,-1,-1,7,1,10,-1,-1,-1,-1,,,,,
15819,3005618,-1,3393,32,-1,-1,-1,-1,-1,-1,1,1,-1,-1,-1,-1,-1,,,,,
15820,3005658,-1,248,8,-1,-1,-1,-1,-1,-1,11,1,11,-1,-1,-1,-1,,,,,
15821,3005663,-1,331,32,-1,-1,-1,-1,-1,-1,7,1,10,-1,-1,-1,-1,,,,,
15822,3006043,-1,16,32,-1,-1,-1,-1,-1,-1,7,1,10,-1,-1,-1,-1,,,,,
15823,3006162,-1,220,32,-1,-1,-1,-1,-1,-1,24,1,101,-1,-1,-1,-1,,,,,
15824,3006167,-1,262,8,-1,-1,-1,-1,-1,-1,11,1,11,-1,-1,-1,-1,,,,,
15825,3006212,-1,172,8,-1,-1,-1,-1,-1,-1,24,1,101,-1,-1,-1,-1,,,,,
15826,3006311,-1,28,1,-1,-1,-1,-1,-1,-1,9,2,9,-1,-1,-1,-1,,,,,
15827,3006487,-1,164,32,-1,-1,-1,-1,-1,-1,7,1,10,-1,-1,-1,-1,,,,,
15828,3006698,-1,892,32,-1,-1,-1,-1,-1,-1,7,1,10,-1,-1,-1,-1,,,,,
15829,3006761,-1,19,1,-1,-1,-1,-1,-1,-1,11,1,11,-1,-1,-1,-1,,,,,
15830,3006794,-1,79,1,-1,-1,-1,-1,-1,-1,11,1,11,-1,-1,-1,-1,,,,,
15831,3006803,-1,495,32,-1,-1,-1,-1,-1,-1,4,1,3,-1,-1,-1,-1,,,,,
15832,3007062,-1,65,1,-1,-1,-1,-1,-1,-1,11,1,11,-1,-1,-1,-1,,,,,
15833,3007539,-1,2327,32,-1,-1,-1,-1,-1,-1,4,1,3,-1,-1,-1,-1,,,,,
15834,3007554,-1,49,1,-1,-1,-1,-1,-1,-1,12,2,1,-1,-1,-1,-1,,,,,
15835,3007554,-1,12,1,-1,-1,-1,-1,-1,-1,14,2,1,-1,-1,-1,-1,,,,,
15836,3007634,-1,7,1,-1,-1,-1,-1,-1,-1,12,2,1,-1,-1,-1,-1,,,,,
15837,3007639,-1,59,1,-1,-1,-1,-1,-1,-1,12,2,1,-1,-1,-1,-1,,,,,
15838,3007725,-1,20,1,-1,-1,-1,-1,-1,-1,12,2,1,-1,-1,-1,-1,,,,,
15839,3007767,-1,53,1,-1,-1,-1,-1,-1,-1,12,2,1,-1,-1,-1,-1,,,,,
15840,3007872,-1,52,1,-1,-1,-1,-1,-1,-1,12,2,1,-1,-1,-1,-1,,,,,
15841,3007950,-1,15,1,-1,-1,-1,-1,-1,-1,12,2,1,-1,-1,-1,-1,,,,,
15842,3007989,-1,311,32,-1,-1,-1,-1,-1,-1,7,1,10,-1,-1,-1,-1,,,,,
15843,3007997,-1,16,1,-1,-1,-1,-1,-1,-1,12,2,1,-1,-1,-1,-1,,,,,
15844,3008048,-1,252,4,-1,-1,-1,-1,-1,-1,7,1,18,-1,-1,-1,-1,,,,,
15845,3008094,-1,20,1,-1,-1,-1,-1,-1,-1,12,2,1,-1,-1,-1,-1,,,,,
15846,3009011,-1,3274,32,-1,-1,-1,-1,-1,-1,1,1,-1,-1,-1,-1,-1,,,,,
15847,3009657,-1,89,32,-1,-1,-1,-1,-1,-1,7,1,10,-1,-1,-1,-1,,,,,
15848,3009666,-1,89,32,-1,-1,-1,-1,-1,-1,7,1,10,-1,-1,-1,-1,,,,,
15849,3009746,-1,19,4,-1,-1,-1,-1,-1,-1,7,1,18,-1,-1,-1,-1,,,,,
15850,3009749,-1,7,4,-1,-1,-1,-1,-1,-1,7,1,18,-1,-1,-1,-1,,,,,
15851,3009860,-1,102,32,-1,-1,-1,-1,-1,-1,7,1,10,-1,-1,-1,-1,,,,,
15852,3009870,-1,16,1,-1,-1,-1,-1,-1,-1,4,1,4,-1,-1,-1,-1,,,,,
15853,3009924,-1,41,4,-1,-1,-1,-1,-1,-1,7,1,18,-1,-1,-1,-1,,,,,
15854,3009984,-1,471,32,-1,-1,-1,-1,-1,-1,7,1,10,-1,-1,-1,-1,,,,,
15855,3010043,-1,412,4,-1,-1,-1,-1,-1,-1,7,1,18,-1,-1,-1,-1,,,,,
15856,3010162,-1,24724,32,-1,-1,-1,-1,-1,-1,7,1,10,-1,-1,-1,-1,,,,,
15857,3010217,-1,58929,4,-1,-1,-1,-1,-1,-1,7,1,18,-1,-1,-1,-1,,,,,
15858,3010264,-1,24626,32,-1,-1,-1,-1,-1,-1,7,1,10,-1,-1,-1,-1,,,,,
15859,3010320,-1,58813,4,-1,-1,-1,-1,-1,-1,7,1,18,-1,-1,-1,-1,,,,,
15860,3010376,-1,25761,32,-1,-1,-1,-1,-1,-1,7,1,10,-1,-1,-1,-1,,,,,
15861,3010441,-1,25698,4,-1,-1,-1,-1,-1,-1,7,1,18,-1,-1,-1,-1,,,,,
15862,3011133,-1,333,32,-1,-1,-1,-1,-1,-1,7,1,10,-1,-1,-1,-1,,,,,
15863,3011191,-1,274,4,-1,-1,-1,-1,-1,-1,7,1,18,-1,-1,-1,-1,,,,,
15864,3011494,-1,333,32,-1,-1,-1,-1,-1,-1,7,1,10,-1,-1,-1,-1,,,,,
15865,3011553,-1,273,4,-1,-1,-1,-1,-1,-1,7,1,18,-1,-1,-1,-1,,,,,
15866,3011837,-1,324,32,-1,-1,-1,-1,-1,-1,7,1,10,-1,-1,-1,-1,,,,,
15867,3011892,-1,269,4,-1,-1,-1,-1,-1,-1,7,1,18,-1,-1,-1,-1,,,,,
15868,3034897,-1,9357,64,-1,-1,-1,-1,-1,-1,4,1,-1,-1,-1,-1,-1,,,,,
15912,3046653,-1,158,1,-1,-1,-1,-1,-1,-1,23,1,134,-1,-1,-1,-1,,,,,
15913,3049108,-1,39,1,-1,-1,-1,-1,-1,-1,23,1,134,-1,-1,-1,-1,,,,,
15914,3049658,-1,35,1,-1,-1,-1,-1,-1,-1,23,1,134,-1,-1,-1,-1,,,,,
15915,3050375,-1,74,1,-1,-1,-1,-1,-1,-1,23,1,134,-1,-1,-1,-1,,,,,
15916,3051338,-1,30,1,-1,-1,-1,-1,-1,-1,23,1,134,-1,-1,-1,-1,,,,,
15917,3051497,-1,35,1,-1,-1,-1,-1,-1,-1,23,1,134,-1,-1,-1,-1,,,,,
15918,3053521,-1,158,64,-1,-1,-1,-1,-1,-1,12,2,14,-1,-1,-1,-1,,,,,
15919,3053704,-1,14,1,-1,-1,-1,-1,-1,-1,12,2,1,-1,-1,-1,-1,,,,,
15920,3053952,-1,52,8,-1,-1,-1,-1,-1,-1,11,1,11,-1,-1,-1,-1,,,,,
15921,3054051,-1,69,8,-1,-1,-1,-1,-1,-1,11,1,11,-1,-1,-1,-1,,,,,
15922,3054282,-1,68,8,-1,-1,-1,-1,-1,-1,11,1,11,-1,-1,-1,-1,,,,,
15923,3054505,-1,9344,64,-1,-1,-1,-1,-1,-1,4,1,3,-1,-1,-1,-1,,,,,
15924,3054573,-1,113,8,-1,-1,-1,-1,-1,-1,11,1,11,-1,-1,-1,-1,,,,,
15925,3054854,-1,68,8,-1,-1,-1,-1,-1,-1,11,1,11,-1,-1,-1,-1,,,,,
15926,3055096,-1,391,8,-1,-1,-1,-1,-1,-1,11,1,11,-1,-1,-1,-1,,,,,
15927,3055836,-1,103,8,-1,-1,-1,-1,-1,-1,11,1,11,-1,-1,-1,-1,,,,,
15928,3056588,-1,99,8,-1,-1,-1,-1,-1,-1,11,1,11,-1,-1,-1,-1,,,,,
15929,3056856,-1,86,8,-1,-1,-1,-1,-1,-1,11,1,11,-1,-1,-1,-1,,,,,
15930,3057061,-1,89,8,-1,-1,-1,-1,-1,-1,11,1,11,-1,-1,-1,-1,,,,,
15931,3057531,-1,84,8,-1,-1,-1,-1,-1,-1,11,1,11,-1,-1,-1,-1,,,,,
15932,3057889,-1,106,8,-1,-1,-1,-1,-1,-1,11,1,11,-1,-1,-1,-1,,,,,
15933,3058211,-1,104,8,-1,-1,-1,-1,-1,-1,11,1,11,-1,-1,-1,-1,,,,,
15934,3058709,-1,204,8,-1,-1,-1,-1,-1,-1,11,1,11,-1,-1,-1,-1,,,,,
15935,3060300,-1,13,1,-1,-1,-1,-1,-1,-1,9,2,9,-1,-1,-1,-1,,,,,
15937,3061069,-1,29,2,-1,-1,-1,-1,-1,-1,40,2,71,-1,-1,-1,-1,,,,,
15939,3061293,-1,23,2,-1,-1,-1,-1,-1,-1,40,2,71,-1,-1,-1,-1,,,,,
15940,3061454,-1,100,1,-1,-1,-1,-1,-1,-1,40,2,140,-1,-1,-1,-1,,,,,
15947,3062751,-1,4,1,-1,-1,-1,-1,-1,-1,12,2,1,-1,-1,-1,-1,,,,,
15949,3063305,-1,221,32,-1,-1,-1,-1,-1,-1,12,2,14,-1,-1,-1,-1,,,,,
15955,3063853,-1,14,1,-1,-1,-1,-1,-1,-1,4,1,4,-1,-1,-1,-1,,,,,
15956,3064107,-1,205,32,-1,-1,-1,-1,-1,-1,44,1,254,-1,-1,-1,-1,,,,,
15958,3064492,-1,299,32,-1,-1,-1,-1,-1,-1,24,1,101,-1,-1,-1,-1,,,,,
15959,3064523,-1,269,8,-1,-1,-1,-1,-1,-1,24,1,101,-1,-1,-1,-1,,,,,
15960,3064556,-1,6,64,-1,-1,-1,-1,-1,-1,44,1,254,-1,-1,-1,-1,,,,,
15961,3064623,-1,293,64,-1,-1,-1,-1,-1,-1,44,1,254,-1,-1,-1,-1,,,,,
15963,3064768,-1,19,1,-1,-1,-1,-1,-1,-1,12,2,1,-1,-1,-1,-1,,,,,
15969,3065990,-1,283,32,-1,-1,-1,-1,-1,-1,24,1,101,-1,-1,-1,-1,,,,,
15970,3066023,-1,249,8,-1,-1,-1,-1,-1,-1,24,1,101,-1,-1,-1,-1,,,,,
15976,3067165,-1,314,32,-1,-1,-1,-1,-1,-1,24,1,101,-1,-1,-1,-1,,,,,
15977,3067192,-1,288,8,-1,-1,-1,-1,-1,-1,24,1,101,-1,-1,-1,-1,,,,,
15979,3067448,-1,6800,32,-1,-1,-1,-1,-1,-1,4,1,3,-1,-1,-1,-1,,,,,
15986,3068714,-1,162,32,-1,-1,-1,-1,-1,-1,24,1,101,-1,-1,-1,-1,,,,,
15987,3068745,-1,132,8,-1,-1,-1,-1,-1,-1,24,1,101,-1,-1,-1,-1,,,,,
15993,3070118,-1,4139,32,-1,-1,-1,-1,-1,-1,7,1,10,-1,-1,-1,-1,,,,,
15994,3070184,-1,5460,4,-1,-1,-1,-1,-1,-1,7,1,18,-1,-1,-1,-1,,,,,
15996,3070525,-1,75,4,-1,-1,-1,-1,-1,-1,8,1,286,-1,-1,-1,-1,,,,,
15997,3070664,-1,217,4,-1,-1,-1,-1,-1,-1,8,1,286,-1,-1,-1,-1,,,,,
15999,3071111,-1,1151,32,-1,-1,-1,-1,-1,-1,24,1,101,-1,-1,-1,-1,,,,,
16000,3071116,-1,82,4,-1,-1,-1,-1,-1,-1,8,1,286,-1,-1,-1,-1,,,,,
16001,3071139,-1,1123,8,-1,-1,-1,-1,-1,-1,24,1,101,-1,-1,-1,-1,,,,,
16002,3071314,-1,84,4,-1,-1,-1,-1,-1,-1,8,1,286,-1,-1,-1,-1,,,,,
16003,3071474,-1,76,4,-1,-1,-1,-1,-1,-1,8,1,286,-1,-1,-1,-1,,,,,
16004,3071602,-1,623,4,-1,-1,-1,-1,-1,-1,8,1,286,-1,-1,-1,-1,,,,,
16009,3072748,-1,1920,32,-1,-1,-1,-1,-1,-1,44,1,254,-1,-1,-1,-1,,,,,
16011,3073321,-1,36,4,-1,-1,-1,-1,-1,-1,8,1,286,-1,-1,-1,-1,,,,,
16013,3073425,-1,73,4,-1,-1,-1,-1,-1,-1,8,1,286,-1,-1,-1,-1,,,,,
16014,3073612,-1,77,4,-1,-1,-1,-1,-1,-1,8,1,286,-1,-1,-1,-1,,,,,
16019,3074255,-1,26,1,-1,-1,-1,-1,-1,-1,4,1,4,-1,-1,-1,-1,,,,,
16020,3074273,-1,88,32,-1,-1,-1,-1,-1,-1,24,1,101,-1,-1,-1,-1,,,,,
16021,3074315,-1,46,8,-1,-1,-1,-1,-1,-1,24,1,101,-1,-1,-1,-1,,,,,
16023,3074663,-1,125,32,-1,-1,-1,-1,-1,-1,24,1,101,-1,-1,-1,-1,,,,,
16024,3074738,-1,206,32,-1,-1,-1,-1,-1,-1,44,1,254,-1,-1,-1,-1,,,,,
16028,3075486,-1,56,32,-1,-1,-1,-1,-1,-1,7,1,10,-1,-1,-1,-1,,,,,
16030,3075635,-1,159,64,-1,-1,-1,-1,-1,-1,12,2,14,-1,-1,-1,-1,,,,,
16031,3075648,-1,2019,32,-1,-1,-1,-1,-1,-1,7,1,10,-1,-1,-1,-1,,,,,
16032,3075703,-1,4883,4,-1,-1,-1,-1,-1,-1,7,1,18,-1,-1,-1,-1,,,,,
16038,3077266,-1,1384,64,-1,-1,-1,-1,-1,-1,4,1,3,-1,-1,-1,-1,,,,,
16040,3077726,-1,212,32,-1,-1,-1,-1,-1,-1,44,1,254,-1,-1,-1,-1,,,,,
16045,3078856,-1,1999,64,-1,-1,-1,-1,-1,-1,4,1,3,-1,-1,-1,-1,,,,,
16047,3079441,-1,55,32,-1,-1,-1,-1,-1,-1,24,1,101,-1,-1,-1,-1,,,,,
16049,3079603,-1,98,32,-1,-1,-1,-1,-1,-1,24,1,101,-1,-1,-1,-1,,,,,
16050,3079631,-1,70,8,-1,-1,-1,-1,-1,-1,24,1,101,-1,-1,-1,-1,,,,,
16053,3079922,-1,110,32,-1,-1,-1,-1,-1,-1,53,2,11,-1,-1,-1,-1,,,,,
16056,3080590,-1,3863,32,-1,-1,-1,-1,-1,-1,7,1,10,-1,-1,-1,-1,,,,,
16057,3080650,-1,4021,4,-1,-1,-1,-1,-1,-1,7,1,18,-1,-1,-1,-1,,,,,
16058,3080860,-1,27,1,-1,-1,-1,-1,-1,-1,4,1,4,-1,-1,-1,-1,,,,,
16059,3080904,-1,236,32,-1,-1,-1,-1,-1,-1,44,1,254,-1,-1,-1,-1,,,,,
16064,3081669,-1,73,32,-1,-1,-1,-1,-1,-1,24,1,101,-1,-1,-1,-1,,,,,
16065,3081692,-1,50,8,-1,-1,-1,-1,-1,-1,24,1,101,-1,-1,-1,-1,,,,,
16068,3084212,-1,1254,64,-1,-1,-1,-1,-1,-1,4,1,3,-1,-1,-1,-1,,,,,
16069,3084487,-1,218,32,-1,-1,-1,-1,-1,-1,44,1,254,-1,-1,-1,-1,,,,,
16070,3084686,-1,0,32,-1,-1,-1,-1,-1,-1,7,1,10,-1,-1,-1,-1,,,,,
16071,3084753,-1,0,4,-1,-1,-1,-1,-1,-1,7,1,18,-1,-1,-1,-1,,,,,
16072,3085640,-1,89,32,-1,-1,-1,-1,-1,-1,24,1,101,-1,-1,-1,-1,,,,,
16073,3085661,-1,69,8,-1,-1,-1,-1,-1,-1,24,1,101,-1,-1,-1,-1,,,,,
16074,3085820,-1,7,1,-1,-1,-1,-1,-1,-1,7,1,12,-1,-1,-1,-1,,,,,
16075,3086733,-1,251,32,-1,-1,-1,-1,-1,-1,44,1,254,-1,-1,-1,-1,,,,,
16076,3088243,-1,1659,64,-1,-1,-1,-1,-1,-1,4,1,3,-1,-1,-1,-1,,,,,
16077,3088651,-1,19,1,-1,-1,-1,-1,-1,-1,12,2,1,-1,-1,-1,-1,,,,,
16078,3088674,-1,3310,32,-1,-1,-1,-1,-1,-1,7,1,10,-1,-1,-1,-1,,,,,
16079,3088688,-1,66,1,-1,-1,-1,-1,-1,-1,12,2,1,-1,-1,-1,-1,,,,,
16080,3088751,-1,3233,4,-1,-1,-1,-1,-1,-1,7,1,18,-1,-1,-1,-1,,,,,
16081,3089532,-1,16,1,-1,-1,-1,-1,-1,-1,4,1,4,-1,-1,-1,-1,,,,,
16082,3090266,-1,5952,64,-1,-1,-1,-1,-1,-1,4,1,3,-1,-1,-1,-1,,,,,
16083,3090835,-1,7,1,-1,-1,-1,-1,-1,-1,2,1,9,-1,-1,-1,-1,,,,,
16084,3091987,-1,2817,32,-1,-1,-1,-1,-1,-1,7,1,10,-1,-1,-1,-1,,,,,
16085,3092049,-1,2756,4,-1,-1,-1,-1,-1,-1,7,1,18,-1,-1,-1,-1,,,,,
16086,3092701,-1,16,1,-1,-1,-1,-1,-1,-1,9,2,9,-1,-1,-1,-1,,,,,
16087,3094764,-1,112,2,-1,-1,-1,-1,-1,-1,10,1,341,-1,-1,-1,-1,,,,,
16088,3094819,-1,4794,32,-1,-1,-1,-1,-1,-1,7,1,10,-1,-1,-1,-1,,,,,
16089,3094886,-1,4722,4,-1,-1,-1,-1,-1,-1,7,1,18,-1,-1,-1,-1,,,,,
16090,3094894,-1,99,4,-1,-1,-1,-1,-1,-1,10,1,341,-1,-1,-1,-1,,,,,
16091,3094997,-1,99,4,-1,-1,-1,-1,-1,-1,10,1,341,-1,-1,-1,-1,,,,,
16092,3096220,-1,14,1,-1,-1,-1,-1,-1,-1,4,1,4,-1,-1,-1,-1,,,,,
16096,3099609,-1,10927,64,-1,-1,-1,-1,-1,-1,4,1,-1,-1,-1,-1,-1,,,,,
16097,3099621,-1,10939,64,-1,-1,-1,-1,-1,-1,4,1,-1,-1,-1,-1,-1,,,,,
16098,3110565,-1,10925,128,-1,-1,-1,-1,-1,-1,17,1,-1,-1,-1,-1,-1,,,,,
16099,3121495,-1,9557,128,-1,-1,-1,-1,-1,-1,2,1,-1,-1,-1,-1,-1,,,,,
16100,3131055,-1,3731,64,-1,-1,-1,-1,-1,-1,1,1,-1,-1,-1,-1,-1,,,,,
16101,3131057,-1,3267,64,-1,-1,-1,-1,-1,-1,1,1,-1,-1,-1,-1,-1,,,,,
16110,3146702,-1,3,1,-1,-1,-1,-1,-1,-1,9,2,9,-1,-1,-1,-1,,,,,
16111,3146707,-1,3,1,-1,-1,-1,-1,-1,-1,9,2,107,-1,-1,-1,-1,,,,,
16112,3149550,-1,3,32,-1,-1,-1,-1,-1,-1,7,1,10,-1,-1,-1,-1,,,,,
16113,3149601,-1,3,32,-1,-1,-1,-1,-1,-1,7,1,10,-1,-1,-1,-1,,,,,
16114,3149622,-1,3,32,-1,-1,-1,-1,-1,-1,7,1,10,-1,-1,-1,-1,,,,,
16121,3150086,-1,3,1,-1,-1,-1,-1,-1,-1,14,2,1,-1,-1,-1,-1,,,,,
16122,3150183,-1,5,1,-1,-1,-1,-1,-1,-1,12,2,1,-1,-1,-1,-1,,,,,
16125,3152003,-1,0,64,-1,-1,-1,-1,-1,-1,4,1,3,-1,-1,-1,-1,,,,,
16126,3152050,-1,0,32,-1,-1,-1,-1,-1,-1,7,1,10,-1,-1,-1,-1,,,,,
16127,3152176,-1,32,4,-1,-1,-1,-1,-1,-1,7,1,18,-1,-1,-1,-1,,,,,
16128,3152198,-1,241,32,-1,-1,-1,-1,-1,-1,7,1,10,-1,-1,-1,-1,,,,,
16130,3152302,-1,137,4,-1,-1,-1,-1,-1,-1,7,1,18,-1,-1,-1,-1,,,,,
16131,3152320,-1,33,1,-1,-1,-1,-1,-1,-1,23,1,145,-1,-1,-1,-1,,,,,
16132,3152376,-1,17,1,-1,-1,-1,-1,-1,-1,23,1,145,-1,-1,-1,-1,,,,,
16133,3152523,-1,60,1,-1,-1,-1,-1,-1,-1,23,1,134,-1,-1,-1,-1,,,,,
16138,3152684,-1,139,32,-1,-1,-1,-1,-1,-1,7,1,10,-1,-1,-1,-1,,,,,
16139,3152746,-1,76,4,-1,-1,-1,-1,-1,-1,7,1,18,-1,-1,-1,-1,,,,,
16140,3153071,-1,164,32,-1,-1,-1,-1,-1,-1,7,1,10,-1,-1,-1,-1,,,,,
16141,3153131,-1,104,4,-1,-1,-1,-1,-1,-1,7,1,18,-1,-1,-1,-1,,,,,
16143,3153444,-1,172,32,-1,-1,-1,-1,-1,-1,7,1,10,-1,-1,-1,-1,,,,,
16144,3153505,-1,110,4,-1,-1,-1,-1,-1,-1,7,1,18,-1,-1,-1,-1,,,,,
16145,3153649,-1,2433,64,-1,-1,-1,-1,-1,-1,4,1,3,-1,-1,-1,-1,,,,,
16147,3153955,-1,153,32,-1,-1,-1,-1,-1,-1,7,1,10,-1,-1,-1,-1,,,,,
16148,3154024,-1,84,4,-1,-1,-1,-1,-1,-1,7,1,18,-1,-1,-1,-1,,,,,
16151,3154172,-1,765,32,-1,-1,-1,-1,-1,-1,7,1,10,-1,-1,-1,-1,,,,,
16153,3154246,-1,692,4,-1,-1,-1,-1,-1,-1,7,1,18,-1,-1,-1,-1,,,,,
16155,3154684,-1,5,1,-1,-1,-1,-1,-1,-1,7,1,9,-1,-1,-1,-1,,,,,
16156,3154759,-1,4,1,-1,-1,-1,-1,-1,-1,7,1,9,-1,-1,-1,-1,,,,,
16157,3154971,-1,25950,32,-1,-1,-1,-1,-1,-1,7,1,10,-1,-1,-1,-1,,,,,
16158,3155032,-1,25891,4,-1,-1,-1,-1,-1,-1,7,1,18,-1,-1,-1,-1,,,,,
16161,3155765,-1,102,8,-1,-1,-1,-1,-1,-1,11,1,11,-1,-1,-1,-1,,,,,
16164,3155973,-1,472,8,-1,-1,-1,-1,-1,-1,11,1,11,-1,-1,-1,-1,,,,,
16168,3156151,-1,4218,64,-1,-1,-1,-1,-1,-1,4,1,3,-1,-1,-1,-1,,,,,
16170,3156816,-1,391,8,-1,-1,-1,-1,-1,-1,11,1,11,-1,-1,-1,-1,,,,,
16171,3157028,-1,66,1,-1,-1,-1,-1,-1,-1,23,1,134,-1,-1,-1,-1,,,,,
16173,3157152,-1,55,1,-1,-1,-1,-1,-1,-1,23,1,134,-1,-1,-1,-1,,,,,
16174,3157254,-1,25,1,-1,-1,-1,-1,-1,-1,4,1,4,-1,-1,-1,-1,,,,,
16177,3157450,-1,18,1,-1,-1,-1,-1,-1,-1,23,1,134,-1,-1,-1,-1,,,,,
16178,3157482,-1,4,8,-1,-1,-1,-1,-1,-1,11,1,11,-1,-1,-1,-1,,,,,
16180,3157514,-1,2,1,-1,-1,-1,-1,-1,-1,23,1,134,-1,-1,-1,-1,,,,,
16181,3157531,-1,33588,8,-1,-1,-1,-1,-1,-1,11,1,11,-1,-1,-1,-1,,,,,
16182,3157586,-1,23,1,-1,-1,-1,-1,-1,-1,23,1,145,-1,-1,-1,-1,,,,,
16183,3157626,-1,45,1,-1,-1,-1,-1,-1,-1,23,1,134,-1,-1,-1,-1,,,,,
16185,3157775,-1,102,1,-1,-1,-1,-1,-1,-1,23,1,134,-1,-1,-1,-1,,,,,
16186,3157964,-1,79,1,-1,-1,-1,-1,-1,-1,23,1,134,-1,-1,-1,-1,,,,,
16187,3158106,-1,97,1,-1,-1,-1,-1,-1,-1,23,1,134,-1,-1,-1,-1,,,,,
16188,3158143,-1,22,1,-1,-1,-1,-1,-1,-1,4,1,4,-1,-1,-1,-1,,,,,
16190,3158443,-1,100,1,-1,-1,-1,-1,-1,-1,23,1,134,-1,-1,-1,-1,,,,,
16192,3158608,-1,62,1,-1,-1,-1,-1,-1,-1,23,1,134,-1,-1,-1,-1,,,,,
16193,3158763,-1,64,1,-1,-1,-1,-1,-1,-1,23,1,134,-1,-1,-1,-1,,,,,
16194,3158882,-1,75,1,-1,-1,-1,-1,-1,-1,23,1,134,-1,-1,-1,-1,,,,,
16198,3159030,-1,24,1,-1,-1,-1,-1,-1,-1,4,1,4,-1,-1,-1,-1,,,,,
16200,3159160,-1,81,1,-1,-1,-1,-1,-1,-1,23,1,134,-1,-1,-1,-1,,,,,
16204,3160371,-1,22,1,-1,-1,-1,-1,-1,-1,4,1,4,-1,-1,-1,-1,,,,,
16207,3160495,-1,774,64,-1,-1,-1,-1,-1,-1,4,1,3,-1,-1,-1,-1,,,,,
16210,3160828,-1,942,16,-1,-1,-1,-1,-1,-1,23,1,134,-1,-1,-1,-1,,,,,
16212,3161333,-1,309,64,-1,-1,-1,-1,-1,-1,4,1,3,-1,-1,-1,-1,,,,,
16214,3161689,-1,7256,64,-1,-1,-1,-1,-1,-1,4,1,3,-1,-1,-1,-1,,,,,
16215,3161926,-1,4,16,-1,-1,-1,-1,-1,-1,23,1,134,-1,-1,-1,-1,,,,,
16217,3161970,-1,1563,16,-1,-1,-1,-1,-1,-1,23,1,134,-1,-1,-1,-1,,,,,
16224,3163089,-1,14,1,-1,-1,-1,-1,-1,-1,4,1,4,-1,-1,-1,-1,,,,,
16230,3163761,-1,14,1,-1,-1,-1,-1,-1,-1,4,1,4,-1,-1,-1,-1,,,,,
16235,3164798,-1,14,1,-1,-1,-1,-1,-1,-1,4,1,4,-1,-1,-1,-1,,,,,
16254,3168950,-1,15,1,-1,-1,-1,-1,-1,-1,4,1,4,-1,-1,-1,-1,,,,,
16294,3179102,-1,13,1,-1,-1,-1,-1,-1,-1,9,2,9,-1,-1,-1,-1,,,,,
16308,3184056,-1,24,1,-1,-1,-1,-1,-1,-1,4,1,4,-1,-1,-1,-1,,,,,
16316,3186006,-1,5095,64,-1,-1,-1,-1,-1,-1,4,1,-1,-1,-1,-1,-1,,,,,
16338,3191124,-1,31,128,-1,-1,-1,-1,-1,-1,1,1,-1,-1,-1,-1,-1,,,,,
16339,3191161,-1,28,128,-1,-1,-1,-1,-1,-1,2,1,-1,-1,-1,-1,-1,,,,,
16340,3191194,-1,10924,64,-1,-1,-1,-1,-1,-1,4,1,-1,-1,-1,-1,-1,,,,,
16411,3202124,-1,26,128,-1,-1,-1,-1,-1,-1,2,1,-1,-1,-1,-1,-1,,,,,
16412,3202153,-1,23,128,-1,-1,-1,-1,-1,-1,2,1,-1,-1,-1,-1,-1,,,,,
16413,3202179,-1,19,128,-1,-1,-1,-1,-1,-1,2,1,-1,-1,-1,-1,-1,,,,,
16414,3202205,-1,18,128,-1,-1,-1,-1,-1,-1,2,1,-1,-1,-1,-1,-1,,,,,
16415,3202226,-1,25,128,-1,-1,-1,-1,-1,-1,2,1,-1,-1,-1,-1,-1,,,,,
16416,3202254,-1,30,128,-1,-1,-1,-1,-1,-1,2,1,-1,-1,-1,-1,-1,,,,,
16417,3202286,-1,19,128,-1,-1,-1,-1,-1,-1,2,1,-1,-1,-1,-1,-1,,,,,
16418,3202308,-1,32,128,-1,-1,-1,-1,-1,-1,2,1,-1,-1,-1,-1,-1,,,,,
16419,3202344,-1,41,128,-1,-1,-1,-1,-1,-1,2,1,-1,-1,-1,-1,-1,,,,,
16420,3202388,-1,27,128,-1,-1,-1,-1,-1,-1,2,1,-1,-1,-1,-1,-1,,,,,
16421,3202418,-1,34,128,-1,-1,-1,-1,-1,-1,2,1,-1,-1,-1,-1,-1,,,,,
16422,3202454,-1,26,128,-1,-1,-1,-1,-1,-1,2,1,-1,-1,-1,-1,-1,,,,,
16423,3202483,-1,22,128,-1,-1,-1,-1,-1,-1,2,1,-1,-1,-1,-1,-1,,,,,
16424,3202508,-1,18,128,-1,-1,-1,-1,-1,-1,2,1,-1,-1,-1,-1,-1,,,,,
16425,3202529,-1,17,128,-1,-1,-1,-1,-1,-1,2,1,-1,-1,-1,-1,-1,,,,,
16426,3202549,-1,27,128,-1,-1,-1,-1,-1,-1,2,1,-1,-1,-1,-1,-1,,,,,
16427,3202578,-1,18,128,-1,-1,-1,-1,-1,-1,2,1,-1,-1,-1,-1,-1,,,,,
16428,3202599,-1,19,128,-1,-1,-1,-1,-1,-1,2,1,-1,-1,-1,-1,-1,,,,,
16429,3202623,-1,17,128,-1,-1,-1,-1,-1,-1,2,1,-1,-1,-1,-1,-1,,,,,
16430,3202643,-1,22,128,-1,-1,-1,-1,-1,-1,2,1,-1,-1,-1,-1,-1,,,,,
16431,3202668,-1,29,128,-1,-1,-1,-1,-1,-1,2,1,-1,-1,-1,-1,-1,,,,,
16432,3202700,-1,35,128,-1,-1,-1,-1,-1,-1,2,1,-1,-1,-1,-1,-1,,,,,
16433,3202740,-1,33,128,-1,-1,-1,-1,-1,-1,2,1,-1,-1,-1,-1,-1,,,,,
16434,3202776,-1,21,128,-1,-1,-1,-1,-1,-1,2,1,-1,-1,-1,-1,-1,,,,,
16435,3202805,-1,36,128,-1,-1,-1,-1,-1,-1,2,1,-1,-1,-1,-1,-1,,,,,
16436,3202843,-1,20,128,-1,-1,-1,-1,-1,-1,2,1,-1,-1,-1,-1,-1,,,,,
16437,3202866,-1,17,128,-1,-1,-1,-1,-1,-1,2,1,-1,-1,-1,-1,-1,,,,,
16438,3202886,-1,24,128,-1,-1,-1,-1,-1,-1,2,1,-1,-1,-1,-1,-1,,,,,
16439,3202913,-1,20,128,-1,-1,-1,-1,-1,-1,2,1,-1,-1,-1,-1,-1,,,,,
16440,3202936,-1,26,128,-1,-1,-1,-1,-1,-1,2,1,-1,-1,-1,-1,-1,,,,,
16441,3202965,-1,33,128,-1,-1,-1,-1,-1,-1,2,1,-1,-1,-1,-1,-1,,,,,
16442,3203002,-1,23,128,-1,-1,-1,-1,-1,-1,2,1,-1,-1,-1,-1,-1,,,,,
16443,3203028,-1,21,128,-1,-1,-1,-1,-1,-1,2,1,-1,-1,-1,-1,-1,,,,,
16444,3203052,-1,19,128,-1,-1,-1,-1,-1,-1,2,1,-1,-1,-1,-1,-1,,,,,
16445,3203074,-1,17,128,-1,-1,-1,-1,-1,-1,2,1,-1,-1,-1,-1,-1,,,,,
16446,3203094,-1,22,128,-1,-1,-1,-1,-1,-1,2,1,-1,-1,-1,-1,-1,,,,,
16447,3203118,-1,18,128,-1,-1,-1,-1,-1,-1,2,1,-1,-1,-1,-1,-1,,,,,
16448,3203139,-1,28,128,-1,-1,-1,-1,-1,-1,2,1,-1,-1,-1,-1,-1,,,,,
16449,3203172,-1,27,128,-1,-1,-1,-1,-1,-1,2,1,-1,-1,-1,-1,-1,,,,,
16450,3203201,-1,27,128,-1,-1,-1,-1,-1,-1,2,1,-1,-1,-1,-1,-1,,,,,
16451,3203230,-1,26,128,-1,-1,-1,-1,-1,-1,2,1,-1,-1,-1,-1,-1,,,,,
16452,3203259,-1,37,128,-1,-1,-1,-1,-1,-1,2,1,-1,-1,-1,-1,-1,,,,,
16453,3203299,-1,19,128,-1,-1,-1,-1,-1,-1,2,1,-1,-1,-1,-1,-1,,,,,
16454,3203320,-1,25,128,-1,-1,-1,-1,-1,-1,2,1,-1,-1,-1,-1,-1,,,,,
16455,3203348,-1,3,128,-1,-1,-1,-1,-1,-1,2,1,-1,-1,-1,-1,-1,,,,,
16456,3207405,-1,3459,128,-1,-1,-1,-1,-1,-1,1,1,-1,-1,-1,-1,-1,,,,,
16457,3210870,-1,3726,128,-1,-1,-1,-1,-1,-1,1,1,-1,-1,-1,-1,-1,,,,,
16458,3214600,-1,3441,128,-1,-1,-1,-1,-1,-1,1,1,-1,-1,-1,-1,-1,,,,,
16495,3221610,-1,18,1,-1,-1,-1,-1,-1,-1,23,1,12,-1,-1,-1,-1,,,,,
16508,3222683,-1,975,16,-1,-1,-1,-1,-1,-1,23,1,134,-1,-1,-1,-1,,,,,
16517,3223719,-1,19,1,-1,-1,-1,-1,-1,-1,23,1,12,-1,-1,-1,-1,,,,,
16522,3223970,-1,21,16,-1,-1,-1,-1,-1,-1,23,1,134,-1,-1,-1,-1,,,,,
16523,3224021,-1,707,16,-1,-1,-1,-1,-1,-1,23,1,134,-1,-1,-1,-1,,,,,
16532,3224887,-1,20,1,-1,-1,-1,-1,-1,-1,23,1,12,-1,-1,-1,-1,,,,,
16585,3233102,-1,10,1,-1,-1,-1,-1,-1,-1,9,2,9,-1,-1,-1,-1,,,,,
16594,3239017,-1,238,32,-1,-1,-1,-1,-1,-1,7,1,10,-1,-1,-1,-1,,,,,
16595,3239087,-1,168,4,-1,-1,-1,-1,-1,-1,7,1,18,-1,-1,-1,-1,,,,,
16597,3239281,-1,3,32,-1,-1,-1,-1,-1,-1,7,1,10,-1,-1,-1,-1,,,,,
16598,3239303,-1,25800,32,-1,-1,-1,-1,-1,-1,7,1,10,-1,-1,-1,-1,,,,,
16599,3239362,-1,25743,4,-1,-1,-1,-1,-1,-1,7,1,18,-1,-1,-1,-1,,,,,
16601,3239754,-1,622,64,-1,-1,-1,-1,-1,-1,4,1,3,-1,-1,-1,-1,,,,,
16605,3240418,-1,10031,64,-1,-1,-1,-1,-1,-1,4,1,3,-1,-1,-1,-1,,,,,
16652,3250454,-1,30,1,-1,-1,-1,-1,-1,-1,4,1,4,-1,-1,-1,-1,,,,,
16655,3250538,-1,2471,64,-1,-1,-1,-1,-1,-1,4,1,3,-1,-1,-1,-1,,,,,
16668,3253069,-1,1229,64,-1,-1,-1,-1,-1,-1,4,1,3,-1,-1,-1,-1,,,,,
16675,3254300,-1,23,1,-1,-1,-1,-1,-1,-1,4,1,4,-1,-1,-1,-1,,,,,
16699,3261309,-1,4695,64,-1,-1,-1,-1,-1,-1,4,1,3,-1,-1,-1,-1,,,,,
16718,3265502,-1,15,1,-1,-1,-1,-1,-1,-1,9,2,9,-1,-1,-1,-1,,,,,
16722,3266007,-1,17,1,-1,-1,-1,-1,-1,-1,4,1,4,-1,-1,-1,-1,,,,,
16724,3266153,-1,7,1,-1,-1,-1,-1,-1,-1,7,1,9,-1,-1,-1,-1,,,,,
16731,3267101,-1,12090,32,-1,-1,-1,-1,-1,-1,7,1,10,-1,-1,-1,-1,,,,,
16732,3267161,-1,12033,4,-1,-1,-1,-1,-1,-1,7,1,18,-1,-1,-1,-1,,,,,
16739,3268431,-1,25,1,-1,-1,-1,-1,-1,-1,4,1,4,-1,-1,-1,-1,,,,,
16741,3268541,-1,3874,64,-1,-1,-1,-1,-1,-1,4,1,3,-1,-1,-1,-1,,,,,
16750,3270615,-1,562,1,-1,-1,-1,-1,-1,-1,6,1,6,-1,-1,-1,-1,,,,,
16753,3271326,-1,25,1,-1,-1,-1,-1,-1,-1,12,2,1,-1,-1,-1,-1,,,,,
16759,3272377,-1,34,1,-1,-1,-1,-1,-1,-1,6,1,6,-1,-1,-1,-1,,,,,
16761,3272423,-1,28,1,-1,-1,-1,-1,-1,-1,4,1,4,-1,-1,-1,-1,,,,,
16762,3272426,-1,6758,64,-1,-1,-1,-1,-1,-1,4,1,-1,-1,-1,-1,-1,,,,,
16769,3273459,-1,567,1,-1,-1,-1,-1,-1,-1,6,1,6,-1,-1,-1,-1,,,,,
16778,3275360,-1,348,1,-1,-1,-1,-1,-1,-1,6,1,6,-1,-1,-1,-1,,,,,
16798,3279198,-1,9589,128,-1,-1,-1,-1,-1,-1,2,1,-1,-1,-1,-1,-1,,,,,
16799,3288791,-1,3473,128,-1,-1,-1,-1,-1,-1,1,1,-1,-1,-1,-1,-1,,,,,
16800,3292270,-1,10924,64,-1,-1,-1,-1,-1,-1,4,1,-1,-1,-1,-1,-1,,,,,
16858,3304359,-1,977,16,-1,-1,-1,-1,-1,-1,23,1,134,-1,-1,-1,-1,,,,,
16865,3305405,-1,19,1,-1,-1,-1,-1,-1,-1,23,1,12,-1,-1,-1,-1,,,,,
16867,3305769,-1,18,1,-1,-1,-1,-1,-1,-1,23,1,12,-1,-1,-1,-1,,,,,
16868,3305797,-1,949,16,-1,-1,-1,-1,-1,-1,23,1,134,-1,-1,-1,-1,,,,,
16882,3308236,-1,17,1,-1,-1,-1,-1,-1,-1,23,1,12,-1,-1,-1,-1,,,,,
16883,3308306,-1,26,32,-1,-1,-1,-1,-1,-1,7,1,10,-1,-1,-1,-1,,,,,
16905,3312578,-1,5952,64,-1,-1,-1,-1,-1,-1,4,1,3,-1,-1,-1,-1,,,,,
16910,3313702,-1,161,32,-1,-1,-1,-1,-1,-1,44,1,254,-1,-1,-1,-1,,,,,
16914,3314895,-1,193,32,-1,-1,-1,-1,-1,-1,44,1,254,-1,-1,-1,-1,,,,,
16915,3315716,-1,20,1,-1,-1,-1,-1,-1,-1,4,1,4,-1,-1,-1,-1,,,,,
16916,3316998,-1,85,1,-1,-1,-1,-1,-1,-1,51,1,325,-1,-1,-1,-1,,,,,
16917,3317200,-1,167,32,-1,-1,-1,-1,-1,-1,51,1,325,-1,-1,-1,-1,,,,,
16918,3317542,-1,467,64,-1,-1,-1,-1,-1,-1,51,1,325,-1,-1,-1,-1,,,,,
16919,3318061,-1,491,64,-1,-1,-1,-1,-1,-1,51,1,325,-1,-1,-1,-1,,,,,
16920,3318533,-1,21,1,-1,-1,-1,-1,-1,-1,4,1,4,-1,-1,-1,-1,,,,,
16921,3318589,-1,89,32,-1,-1,-1,-1,-1,-1,24,1,101,-1,-1,-1,-1,,,,,
16922,3318630,-1,1864,64,-1,-1,-1,-1,-1,-1,4,1,3,-1,-1,-1,-1,,,,,
16923,3318637,-1,42,8,-1,-1,-1,-1,-1,-1,24,1,101,-1,-1,-1,-1,,,,,
16925,3319089,-1,491,64,-1,-1,-1,-1,-1,-1,51,1,325,-1,-1,-1,-1,,,,,
16926,3319741,-1,93,32,-1,-1,-1,-1,-1,-1,24,1,101,-1,-1,-1,-1,,,,,
16927,3319759,-1,74,8,-1,-1,-1,-1,-1,-1,24,1,101,-1,-1,-1,-1,,,,,
16930,3320732,-1,2099,64,-1,-1,-1,-1,-1,-1,4,1,3,-1,-1,-1,-1,,,,,
16936,3321325,-1,3282,32,-1,-1,-1,-1,-1,-1,7,1,10,-1,-1,-1,-1,,,,,
16937,3321386,-1,3404,4,-1,-1,-1,-1,-1,-1,7,1,18,-1,-1,-1,-1,,,,,
16952,3324218,-1,59,1,-1,-1,-1,-1,-1,-1,11,1,11,-1,-1,-1,-1,,,,,
16953,3324405,-1,69,1,-1,-1,-1,-1,-1,-1,11,1,11,-1,-1,-1,-1,,,,,
16954,3324594,-1,6375,32,-1,-1,-1,-1,-1,-1,11,1,11,-1,-1,-1,-1,,,,,
16956,3324644,-1,22,1,-1,-1,-1,-1,-1,-1,4,1,4,-1,-1,-1,-1,,,,,
16957,3324819,-1,6157,32,-1,-1,-1,-1,-1,-1,7,1,10,-1,-1,-1,-1,,,,,
16958,3324879,-1,6999,4,-1,-1,-1,-1,-1,-1,7,1,18,-1,-1,-1,-1,,,,,
16959,3324936,-1,108,32,-1,-1,-1,-1,-1,-1,4,1,3,-1,-1,-1,-1,,,,,
16960,3325047,-1,15,1,-1,-1,-1,-1,-1,-1,4,1,4,-1,-1,-1,-1,,,,,
16962,3325147,-1,77,32,-1,-1,-1,-1,-1,-1,14,2,26,-1,-1,-1,-1,,,,,
16963,3325365,-1,20,1,-1,-1,-1,-1,-1,-1,4,1,4,-1,-1,-1,-1,,,,,
16970,3326184,-1,141,32,-1,-1,-1,-1,-1,-1,24,1,101,-1,-1,-1,-1,,,,,
16971,3326202,-1,124,8,-1,-1,-1,-1,-1,-1,24,1,101,-1,-1,-1,-1,,,,,
16978,3327356,-1,142,32,-1,-1,-1,-1,-1,-1,4,1,3,-1,-1,-1,-1,,,,,
16979,3327501,-1,21,1,-1,-1,-1,-1,-1,-1,4,1,4,-1,-1,-1,-1,,,,,
16981,3327779,-1,85,32,-1,-1,-1,-1,-1,-1,4,1,3,-1,-1,-1,-1,,,,,
16982,3327867,-1,14,1,-1,-1,-1,-1,-1,-1,4,1,4,-1,-1,-1,-1,,,,,
16989,3328870,-1,20,2,-1,-1,-1,-1,-1,-1,38,2,71,-1,-1,-1,-1,,,,,
16990,3328922,-1,20,1,-1,-1,-1,-1,-1,-1,38,2,107,-1,-1,-1,-1,,,,,
16992,3329147,-1,21,1,-1,-1,-1,-1,-1,-1,38,2,107,-1,-1,-1,-1,,,,,
16993,3329158,-1,1630,32,-1,-1,-1,-1,-1,-1,4,1,3,-1,-1,-1,-1,,,,,
16994,3329249,-1,21,1,-1,-1,-1,-1,-1,-1,38,2,9,-1,-1,-1,-1,,,,,
17002,3330791,-1,20,1,-1,-1,-1,-1,-1,-1,4,1,4,-1,-1,-1,-1,,,,,
17003,3330866,-1,2409,32,-1,-1,-1,-1,-1,-1,4,1,3,-1,-1,-1,-1,,,,,
17004,3330999,-1,87,32,-1,-1,-1,-1,-1,-1,24,1,101,-1,-1,-1,-1,,,,,
17005,3331050,-1,37,8,-1,-1,-1,-1,-1,-1,24,1,101,-1,-1,-1,-1,,,,,
17007,3331498,-1,61,32,-1,-1,-1,-1,-1,-1,24,1,101,-1,-1,-1,-1,,,,,
17009,3331528,-1,32,8,-1,-1,-1,-1,-1,-1,24,1,101,-1,-1,-1,-1,,,,,
17014,3331866,-1,58,32,-1,-1,-1,-1,-1,-1,24,1,101,-1,-1,-1,-1,,,,,
17015,3331890,-1,35,8,-1,-1,-1,-1,-1,-1,24,1,101,-1,-1,-1,-1,,,,,
17016,3331916,-1,2491,32,-1,-1,-1,-1,-1,-1,7,1,10,-1,-1,-1,-1,,,,,
17017,3331978,-1,2428,4,-1,-1,-1,-1,-1,-1,7,1,18,-1,-1,-1,-1,,,,,
17018,3332180,-1,18,1,-1,-1,-1,-1,-1,-1,4,1,4,-1,-1,-1,-1,,,,,
17020,3332292,-1,9,1,-1,-1,-1,-1,-1,-1,49,1,342,-1,-1,-1,-1,,,,,
17021,3332338,-1,5,1,-1,-1,-1,-1,-1,-1,49,1,342,-1,-1,-1,-1,,,,,
17022,3332359,-1,32,1,-1,-1,-1,-1,-1,-1,49,1,342,-1,-1,-1,-1,,,,,
17024,3333045,-1,156,8,-1,-1,-1,-1,-1,-1,39,2,149,-1,-1,-1,-1,,,,,
17027,3333218,-1,1,1,-1,-1,-1,-1,-1,-1,49,1,342,-1,-1,-1,-1,,,,,
17029,3333226,-1,69,1,-1,-1,-1,-1,-1,-1,49,1,342,-1,-1,-1,-1,,,,,
17030,3333281,-1,25,1,-1,-1,-1,-1,-1,-1,4,1,4,-1,-1,-1,-1,,,,,
17034,3334121,-1,286,16,-1,-1,-1,-1,-1,-1,39,2,181,-1,-1,-1,-1,,,,,
17035,3334256,-1,9,1,-1,-1,-1,-1,-1,-1,12,2,1,-1,-1,-1,-1,,,,,
17036,3334268,-1,18,1,-1,-1,-1,-1,-1,-1,12,2,1,-1,-1,-1,-1,,,,,
17037,3334290,-1,18,1,-1,-1,-1,-1,-1,-1,7,1,12,-1,-1,-1,-1,,,,,
17039,3335112,-1,333,32,-1,-1,-1,-1,-1,-1,4,1,3,-1,-1,-1,-1,,,,,
17040,3335192,-1,154,32,-1,-1,-1,-1,-1,-1,24,1,101,-1,-1,-1,-1,,,,,
17041,3335211,-1,1883,32,-1,-1,-1,-1,-1,-1,7,1,10,-1,-1,-1,-1,,,,,
17042,3335235,-1,112,8,-1,-1,-1,-1,-1,-1,24,1,101,-1,-1,-1,-1,,,,,
17043,3335304,-1,2112,4,-1,-1,-1,-1,-1,-1,7,1,18,-1,-1,-1,-1,,,,,
17044,3335439,-1,1109,32,-1,-1,-1,-1,-1,-1,11,1,11,-1,-1,-1,-1,,,,,
17045,3335542,-1,1560,32,-1,-1,-1,-1,-1,-1,4,1,3,-1,-1,-1,-1,,,,,
17048,3336499,-1,95,8,-1,-1,-1,-1,-1,-1,39,2,149,-1,-1,-1,-1,,,,,
17051,3336747,-1,1988,32,-1,-1,-1,-1,-1,-1,11,1,11,-1,-1,-1,-1,,,,,
17053,3337070,-1,2450,16,-1,-1,-1,-1,-1,-1,39,2,181,-1,-1,-1,-1,,,,,
17054,3337114,-1,44,1,-1,-1,-1,-1,-1,-1,4,1,4,-1,-1,-1,-1,,,,,
17055,3337118,-1,126,32,-1,-1,-1,-1,-1,-1,24,1,101,-1,-1,-1,-1,,,,,
17056,3337183,-1,2452,32,-1,-1,-1,-1,-1,-1,4,1,-1,-1,-1,-1,-1,,,,,
17057,3337187,-1,56,8,-1,-1,-1,-1,-1,-1,24,1,101,-1,-1,-1,-1,,,,,
17059,3337424,-1,5789,32,-1,-1,-1,-1,-1,-1,7,1,10,-1,-1,-1,-1,,,,,
17060,3337491,-1,5722,4,-1,-1,-1,-1,-1,-1,7,1,18,-1,-1,-1,-1,,,,,
17061,3337777,-1,424,1,-1,-1,-1,-1,-1,-1,46,1,343,-1,-1,-1,-1,,,,,
17066,3338876,-1,36,1,-1,-1,-1,-1,-1,-1,46,1,343,-1,-1,-1,-1,,,,,
17068,3339119,-1,177,32,-1,-1,-1,-1,-1,-1,24,1,101,-1,-1,-1,-1,,,,,
17069,3339156,-1,141,8,-1,-1,-1,-1,-1,-1,24,1,101,-1,-1,-1,-1,,,,,
17071,3339679,-1,2446,32,-1,-1,-1,-1,-1,-1,4,1,3,-1,-1,-1,-1,,,,,
17073,3339824,-1,131,32,-1,-1,-1,-1,-1,-1,24,1,101,-1,-1,-1,-1,,,,,
17074,3339866,-1,178,8,-1,-1,-1,-1,-1,-1,24,1,101,-1,-1,-1,-1,,,,,
17077,3340214,-1,158,32,-1,-1,-1,-1,-1,-1,24,1,101,-1,-1,-1,-1,,,,,
17078,3340241,-1,141,8,-1,-1,-1,-1,-1,-1,24,1,101,-1,-1,-1,-1,,,,,
17079,3340344,-1,34,1,-1,-1,-1,-1,-1,-1,46,1,343,-1,-1,-1,-1,,,,,
17081,3340485,-1,32,1,-1,-1,-1,-1,-1,-1,46,1,284,-1,-1,-1,-1,,,,,
17082,3340602,-1,26,1,-1,-1,-1,-1,-1,-1,46,1,284,-1,-1,-1,-1,,,,,
17088,3341559,-1,146,32,-1,-1,-1,-1,-1,-1,24,1,101,-1,-1,-1,-1,,,,,
17089,3341579,-1,127,8,-1,-1,-1,-1,-1,-1,24,1,101,-1,-1,-1,-1,,,,,
17091,3342127,-1,15,1,-1,-1,-1,-1,-1,-1,4,1,4,-1,-1,-1,-1,,,,,
17093,3342441,-1,417,32,-1,-1,-1,-1,-1,-1,4,1,3,-1,-1,-1,-1,,,,,
17094,3342462,-1,222,32,-1,-1,-1,-1,-1,-1,12,2,14,-1,-1,-1,-1,,,,,
17099,3343015,-1,2371,32,-1,-1,-1,-1,-1,-1,4,1,3,-1,-1,-1,-1,,,,,
17101,3343604,-1,79,2,-1,-1,-1,-1,-1,-1,12,2,109,-1,-1,-1,-1,,,,,
17102,3343611,-1,74,2,-1,-1,-1,-1,-1,-1,12,2,110,-1,-1,-1,-1,,,,,
17103,3343620,-1,67,2,-1,-1,-1,-1,-1,-1,12,2,111,-1,-1,-1,-1,,,,,
17104,3343629,-1,59,2,-1,-1,-1,-1,-1,-1,12,2,112,-1,-1,-1,-1,,,,,
17106,3344140,-1,21,2,-1,-1,-1,-1,-1,-1,12,2,90,-1,-1,-1,-1,,,,,
17107,3344177,-1,6,32,-1,-1,-1,-1,-1,-1,24,1,101,-1,-1,-1,-1,,,,,
17110,3344266,-1,21,1,-1,-1,-1,-1,-1,-1,4,1,4,-1,-1,-1,-1,,,,,
17111,3344285,-1,224,32,-1,-1,-1,-1,-1,-1,12,2,14,-1,-1,-1,-1,,,,,
17115,3344583,-1,81,32,-1,-1,-1,-1,-1,-1,7,1,10,-1,-1,-1,-1,,,,,
17116,3344594,-1,211,32,-1,-1,-1,-1,-1,-1,24,1,101,-1,-1,-1,-1,,,,,
17117,3344677,-1,17,4,-1,-1,-1,-1,-1,-1,7,1,18,-1,-1,-1,-1,,,,,
17118,3344684,-1,117,8,-1,-1,-1,-1,-1,-1,24,1,101,-1,-1,-1,-1,,,,,
17119,3344725,-1,90,32,-1,-1,-1,-1,-1,-1,7,1,10,-1,-1,-1,-1,,,,,
17120,3344807,-1,9,4,-1,-1,-1,-1,-1,-1,7,1,18,-1,-1,-1,-1,,,,,
17121,3344812,-1,2991,8,-1,-1,-1,-1,-1,-1,39,2,148,-1,-1,-1,-1,,,,,
17122,3344834,-1,205,32,-1,-1,-1,-1,-1,-1,24,1,101,-1,-1,-1,-1,,,,,
17123,3344896,-1,145,8,-1,-1,-1,-1,-1,-1,24,1,101,-1,-1,-1,-1,,,,,
17124,3345006,-1,21,32,-1,-1,-1,-1,-1,-1,7,1,10,-1,-1,-1,-1,,,,,
17125,3345042,-1,29,32,-1,-1,-1,-1,-1,-1,7,1,10,-1,-1,-1,-1,,,,,
17126,3345102,-1,237,32,-1,-1,-1,-1,-1,-1,24,1,101,-1,-1,-1,-1,,,,,
17127,3345165,-1,21,1,-1,-1,-1,-1,-1,-1,12,2,1,-1,-1,-1,-1,,,,,
17128,3345168,-1,18,32,-1,-1,-1,-1,-1,-1,7,1,10,-1,-1,-1,-1,,,,,
17129,3345172,-1,167,8,-1,-1,-1,-1,-1,-1,24,1,101,-1,-1,-1,-1,,,,,
17130,3345208,-1,50,32,-1,-1,-1,-1,-1,-1,7,1,10,-1,-1,-1,-1,,,,,
17131,3345263,-1,58,32,-1,-1,-1,-1,-1,-1,7,1,10,-1,-1,-1,-1,,,,,
17132,3345389,-1,17,1,-1,-1,-1,-1,-1,-1,4,1,4,-1,-1,-1,-1,,,,,
17133,3345455,-1,1548,64,-1,-1,-1,-1,-1,-1,4,1,3,-1,-1,-1,-1,,,,,
17134,3345625,-1,1254,32,-1,-1,-1,-1,-1,-1,7,1,10,-1,-1,-1,-1,,,,,
17135,3345710,-1,1170,4,-1,-1,-1,-1,-1,-1,7,1,18,-1,-1,-1,-1,,,,,
17136,3346064,-1,5,1,-1,-1,-1,-1,-1,-1,39,2,9,-1,-1,-1,-1,,,,,
17137,3346157,-1,29,1,-1,-1,-1,-1,-1,-1,39,2,9,-1,-1,-1,-1,,,,,
17138,3346239,-1,31,1,-1,-1,-1,-1,-1,-1,39,2,9,-1,-1,-1,-1,,,,,
17139,3346274,-1,40,1,-1,-1,-1,-1,-1,-1,46,1,344,-1,-1,-1,-1,,,,,
17140,3346319,-1,37,1,-1,-1,-1,-1,-1,-1,46,1,344,-1,-1,-1,-1,,,,,
17141,3346396,-1,28,1,-1,-1,-1,-1,-1,-1,46,1,284,-1,-1,-1,-1,,,,,
17142,3346465,-1,186,1,-1,-1,-1,-1,-1,-1,46,1,285,-1,-1,-1,-1,,,,,
17143,3347007,-1,15,1,-1,-1,-1,-1,-1,-1,4,1,4,-1,-1,-1,-1,,,,,
17144,3347095,-1,66,32,-1,-1,-1,-1,-1,-1,7,1,10,-1,-1,-1,-1,,,,,
17145,3347098,-1,1478,64,-1,-1,-1,-1,-1,-1,4,1,3,-1,-1,-1,-1,,,,,
17146,3347238,-1,57,32,-1,-1,-1,-1,-1,-1,7,1,10,-1,-1,-1,-1,,,,,
17147,3347429,-1,116,32,-1,-1,-1,-1,-1,-1,7,1,10,-1,-1,-1,-1,,,,,
17149,3347485,-1,60,4,-1,-1,-1,-1,-1,-1,7,1,18,-1,-1,-1,-1,,,,,
17150,3347689,-1,201,32,-1,-1,-1,-1,-1,-1,24,1,101,-1,-1,-1,-1,,,,,
17151,3347719,-1,172,8,-1,-1,-1,-1,-1,-1,24,1,101,-1,-1,-1,-1,,,,,
17152,3347788,-1,6,1,-1,-1,-1,-1,-1,-1,39,2,9,-1,-1,-1,-1,,,,,
17154,3347893,-1,9684,8,-1,-1,-1,-1,-1,-1,39,2,148,-1,-1,-1,-1,,,,,
17155,3348148,-1,1387,32,-1,-1,-1,-1,-1,-1,7,1,10,-1,-1,-1,-1,,,,,
17156,3348209,-1,1326,4,-1,-1,-1,-1,-1,-1,7,1,18,-1,-1,-1,-1,,,,,
17158,3348579,-1,17,1,-1,-1,-1,-1,-1,-1,4,1,4,-1,-1,-1,-1,,,,,
17161,3348845,-1,7,1,-1,-1,-1,-1,-1,-1,39,2,9,-1,-1,-1,-1,,,,,
17165,3349656,-1,658,32,-1,-1,-1,-1,-1,-1,24,1,101,-1,-1,-1,-1,,,,,
17166,3349687,-1,630,8,-1,-1,-1,-1,-1,-1,24,1,101,-1,-1,-1,-1,,,,,
17167,3349836,-1,13247,32,-1,-1,-1,-1,-1,-1,7,1,10,-1,-1,-1,-1,,,,,
17169,3349898,-1,13189,4,-1,-1,-1,-1,-1,-1,7,1,18,-1,-1,-1,-1,,,,,
17174,3350384,-1,658,32,-1,-1,-1,-1,-1,-1,24,1,101,-1,-1,-1,-1,,,,,
17175,3350423,-1,621,8,-1,-1,-1,-1,-1,-1,24,1,101,-1,-1,-1,-1,,,,,
17178,3351445,-1,1367,64,-1,-1,-1,-1,-1,-1,4,1,3,-1,-1,-1,-1,,,,,
17183,3351906,-1,13,1,-1,-1,-1,-1,-1,-1,9,2,9,-1,-1,-1,-1,,,,,
17186,3352815,-1,17,1,-1,-1,-1,-1,-1,-1,4,1,4,-1,-1,-1,-1,,,,,
17190,3353264,-1,1376,64,-1,-1,-1,-1,-1,-1,4,1,3,-1,-1,-1,-1,,,,,
17196,3354643,-1,24,1,-1,-1,-1,-1,-1,-1,4,1,4,-1,-1,-1,-1,,,,,
17202,3355824,-1,931,64,-1,-1,-1,-1,-1,-1,4,1,3,-1,-1,-1,-1,,,,,
17208,3356843,-1,1348,64,-1,-1,-1,-1,-1,-1,4,1,3,-1,-1,-1,-1,,,,,
17216,3358192,-1,25,1,-1,-1,-1,-1,-1,-1,4,1,4,-1,-1,-1,-1,,,,,
17218,3358807,-1,4270,64,-1,-1,-1,-1,-1,-1,4,1,-1,-1,-1,-1,-1,,,,,
17240,3363092,-1,3734,128,-1,-1,-1,-1,-1,-1,1,1,-1,-1,-1,-1,-1,,,,,
17241,3366831,-1,3725,128,-1,-1,-1,-1,-1,-1,1,1,-1,-1,-1,-1,-1,,,,,
17242,3370565,-1,10925,128,-1,-1,-1,-1,-1,-1,2,1,-1,-1,-1,-1,-1,,,,,
17243,3381495,-1,10924,64,-1,-1,-1,-1,-1,-1,4,1,-1,-1,-1,-1,-1,,,,,
17244,3381775,-1,24040,32,-1,-1,-1,-1,-1,-1,7,1,10,-1,-1,-1,-1,,,,,
17246,3381834,-1,23981,4,-1,-1,-1,-1,-1,-1,7,1,18,-1,-1,-1,-1,,,,,
17323,3397709,-1,147,32,-1,-1,-1,-1,-1,-1,54,1,345,-1,-1,-1,-1,,,,,
17324,3397823,-1,18,1,-1,-1,-1,-1,-1,-1,4,1,4,-1,-1,-1,-1,,,,,
17325,3397953,-1,14943,32,-1,-1,-1,-1,-1,-1,4,1,3,-1,-1,-1,-1,,,,,
17329,3401772,-1,3,1,-1,-1,-1,-1,-1,-1,2,1,9,-1,-1,-1,-1,,,,,
17331,3402235,-1,65,1,-1,-1,-1,-1,-1,-1,46,1,285,-1,-1,-1,-1,,,,,
17332,3402310,-1,35,1,-1,-1,-1,-1,-1,-1,46,1,285,-1,-1,-1,-1,,,,,
17338,3402697,-1,29,1,-1,-1,-1,-1,-1,-1,46,1,285,-1,-1,-1,-1,,,,,
17340,3403230,-1,18,1,-1,-1,-1,-1,-1,-1,12,2,1,-1,-1,-1,-1,,,,,
17349,3405626,-1,23,1,-1,-1,-1,-1,-1,-1,46,1,285,-1,-1,-1,-1,,,,,
17350,3405900,-1,17,1,-1,-1,-1,-1,-1,-1,9,2,9,-1,-1,-1,-1,,,,,
17352,3406116,-1,42,32,-1,-1,-1,-1,-1,-1,7,1,10,-1,-1,-1,-1,,,,,
17357,3406444,-1,51,32,-1,-1,-1,-1,-1,-1,7,1,10,-1,-1,-1,-1,,,,,
17359,3406536,-1,197,32,-1,-1,-1,-1,-1,-1,7,1,10,-1,-1,-1,-1,,,,,
17360,3406594,-1,138,4,-1,-1,-1,-1,-1,-1,7,1,18,-1,-1,-1,-1,,,,,
17361,3406749,-1,5,1,-1,-1,-1,-1,-1,-1,7,1,9,-1,-1,-1,-1,,,,,
17362,3406833,-1,5,1,-1,-1,-1,-1,-1,-1,7,1,9,-1,-1,-1,-1,,,,,
17364,3407011,-1,4,1,-1,-1,-1,-1,-1,-1,7,1,9,-1,-1,-1,-1,,,,,
17365,3407033,-1,8976,32,-1,-1,-1,-1,-1,-1,7,1,10,-1,-1,-1,-1,,,,,
17366,3407092,-1,8921,4,-1,-1,-1,-1,-1,-1,7,1,18,-1,-1,-1,-1,,,,,
17368,3407442,-1,52,8,-1,-1,-1,-1,-1,-1,39,2,148,-1,-1,-1,-1,,,,,
17369,3407546,-1,14,1,-1,-1,-1,-1,-1,-1,7,1,9,-1,-1,-1,-1,,,,,
17370,3407554,-1,31,1,-1,-1,-1,-1,-1,-1,39,2,9,-1,-1,-1,-1,,,,,
17376,3408374,-1,72,1,-1,-1,-1,-1,-1,-1,46,1,285,-1,-1,-1,-1,,,,,
17377,3408385,-1,32,16,-1,-1,-1,-1,-1,-1,39,2,181,-1,-1,-1,-1,,,,,
17385,3410118,-1,6135,16,-1,-1,-1,-1,-1,-1,39,2,181,-1,-1,-1,-1,,,,,
17387,3410359,-1,63,1,-1,-1,-1,-1,-1,-1,46,1,285,-1,-1,-1,-1,,,,,
17389,3410815,-1,23,1,-1,-1,-1,-1,-1,-1,4,1,4,-1,-1,-1,-1,,,,,
17402,3412899,-1,13,1,-1,-1,-1,-1,-1,-1,4,1,4,-1,-1,-1,-1,,,,,
17404,3413256,-1,9,1,-1,-1,-1,-1,-1,-1,4,1,4,-1,-1,-1,-1,,,,,
17405,3413384,-1,2874,32,-1,-1,-1,-1,-1,-1,4,1,3,-1,-1,-1,-1,,,,,
17407,3413752,-1,4,32,-1,-1,-1,-1,-1,-1,44,1,254,-1,-1,-1,-1,,,,,
17410,3413956,-1,88,1,-1,-1,-1,-1,-1,-1,46,1,285,-1,-1,-1,-1,,,,,
17411,3414010,-1,246,32,-1,-1,-1,-1,-1,-1,44,1,254,-1,-1,-1,-1,,,,,
17413,3414083,-1,23,1,-1,-1,-1,-1,-1,-1,8,1,338,-1,-1,-1,-1,,,,,
17416,3414232,-1,39,1,-1,-1,-1,-1,-1,-1,55,1,11,-1,-1,-1,-1,,,,,
17418,3414648,-1,715,32,-1,-1,-1,-1,-1,-1,24,1,101,-1,-1,-1,-1,,,,,
17419,3414703,-1,662,8,-1,-1,-1,-1,-1,-1,24,1,101,-1,-1,-1,-1,,,,,
17421,3415455,-1,26,1,-1,-1,-1,-1,-1,-1,8,1,338,-1,-1,-1,-1,,,,,
17427,3415833,-1,28,4,-1,-1,-1,-1,-1,-1,8,1,338,-1,-1,-1,-1,,,,,
17428,3415962,-1,34,8,-1,-1,-1,-1,-1,-1,8,1,338,-1,-1,-1,-1,,,,,
17429,3415988,-1,0,32,-1,-1,-1,-1,-1,-1,24,1,101,-1,-1,-1,-1,,,,,
17430,3416029,-1,0,32,-1,-1,-1,-1,-1,-1,14,2,11,-1,-1,-1,-1,,,,,
17431,3416061,-1,0,8,-1,-1,-1,-1,-1,-1,24,1,101,-1,-1,-1,-1,,,,,
17433,3416264,-1,25,1,-1,-1,-1,-1,-1,-1,4,1,4,-1,-1,-1,-1,,,,,
17434,3416311,-1,0,32,-1,-1,-1,-1,-1,-1,7,1,10,-1,-1,-1,-1,,,,,
17435,3416372,-1,0,4,-1,-1,-1,-1,-1,-1,7,1,18,-1,-1,-1,-1,,,,,
17436,3417856,-1,5662,32,-1,-1,-1,-1,-1,-1,7,1,10,-1,-1,-1,-1,,,,,
17437,3417906,-1,37,1,-1,-1,-1,-1,-1,-1,4,1,4,-1,-1,-1,-1,,,,,
17438,3417923,-1,5594,4,-1,-1,-1,-1,-1,-1,7,1,18,-1,-1,-1,-1,,,,,
17439,3417994,-1,4811,32,-1,-1,-1,-1,-1,-1,4,1,3,-1,-1,-1,-1,,,,,
17448,3419893,-1,211,32,-1,-1,-1,-1,-1,-1,44,1,254,-1,-1,-1,-1,,,,,
17450,3420382,-1,740,32,-1,-1,-1,-1,-1,-1,24,1,101,-1,-1,-1,-1,,,,,
17451,3420449,-1,675,8,-1,-1,-1,-1,-1,-1,24,1,101,-1,-1,-1,-1,,,,,
17459,3421733,-1,704,32,-1,-1,-1,-1,-1,-1,44,1,254,-1,-1,-1,-1,,,,,
17460,3421932,-1,4499,16,-1,-1,-1,-1,-1,-1,39,2,181,-1,-1,-1,-1,,,,,
17463,3422064,-1,28,1,-1,-1,-1,-1,-1,-1,4,1,4,-1,-1,-1,-1,,,,,
17465,3422169,-1,21,4,-1,-1,-1,-1,-1,-1,51,1,346,-1,-1,-1,-1,,,,,
17468,3422359,-1,22,1,-1,-1,-1,-1,-1,-1,51,1,346,-1,-1,-1,-1,,,,,
17469,3422665,-1,224,32,-1,-1,-1,-1,-1,-1,24,1,101,-1,-1,-1,-1,,,,,
17470,3422728,-1,163,8,-1,-1,-1,-1,-1,-1,24,1,101,-1,-1,-1,-1,,,,,
17472,3422808,-1,16,1,-1,-1,-1,-1,-1,-1,4,1,4,-1,-1,-1,-1,,,,,
17473,3422884,-1,4369,32,-1,-1,-1,-1,-1,-1,4,1,3,-1,-1,-1,-1,,,,,
17474,3422960,-1,28,1,-1,-1,-1,-1,-1,-1,46,1,284,-1,-1,-1,-1,,,,,
17476,3423554,-1,209,32,-1,-1,-1,-1,-1,-1,24,1,101,-1,-1,-1,-1,,,,,
17477,3423618,-1,148,8,-1,-1,-1,-1,-1,-1,24,1,101,-1,-1,-1,-1,,,,,
17479,3423656,-1,128,32,-1,-1,-1,-1,-1,-1,7,1,10,-1,-1,-1,-1,,,,,
17481,3423716,-1,69,4,-1,-1,-1,-1,-1,-1,7,1,18,-1,-1,-1,-1,,,,,
17484,3423888,-1,52,8,-1,-1,-1,-1,-1,-1,8,1,338,-1,-1,-1,-1,,,,,
17485,3423908,-1,28,4,-1,-1,-1,-1,-1,-1,55,1,11,-1,-1,-1,-1,,,,,
17487,3423968,-1,99,4,-1,-1,-1,-1,-1,-1,55,1,11,-1,-1,-1,-1,,,,,
17488,3424111,-1,91,32,-1,-1,-1,-1,-1,-1,8,1,338,-1,-1,-1,-1,,,,,
17489,3424124,-1,29,4,-1,-1,-1,-1,-1,-1,55,1,347,-1,-1,-1,-1,,,,,
17490,3424246,-1,38,1,-1,-1,-1,-1,-1,-1,46,1,284,-1,-1,-1,-1,,,,,
17491,3424265,-1,22,4,-1,-1,-1,-1,-1,-1,55,1,347,-1,-1,-1,-1,,,,,
17492,3424389,-1,21,4,-1,-1,-1,-1,-1,-1,55,1,71,-1,-1,-1,-1,,,,,
17493,3424412,-1,536,32,-1,-1,-1,-1,-1,-1,44,1,254,-1,-1,-1,-1,,,,,
17495,3424475,-1,20,4,-1,-1,-1,-1,-1,-1,55,1,347,-1,-1,-1,-1,,,,,
17496,3424511,-1,552,16,-1,-1,-1,-1,-1,-1,8,1,286,-1,-1,-1,-1,,,,,
17497,3424599,-1,31,1,-1,-1,-1,-1,-1,-1,46,1,284,-1,-1,-1,-1,,,,,
17498,3424634,-1,33,1,-1,-1,-1,-1,-1,-1,46,1,284,-1,-1,-1,-1,,,,,
17500,3425083,-1,217,32,-1,-1,-1,-1,-1,-1,12,2,14,-1,-1,-1,-1,,,,,
17506,3425661,-1,526,32,-1,-1,-1,-1,-1,-1,44,1,254,-1,-1,-1,-1,,,,,
17507,3425676,-1,222,32,-1,-1,-1,-1,-1,-1,12,2,14,-1,-1,-1,-1,,,,,
17508,3426306,-1,27,1,-1,-1,-1,-1,-1,-1,46,1,284,-1,-1,-1,-1,,,,,
17510,3426476,-1,217,32,-1,-1,-1,-1,-1,-1,12,2,14,-1,-1,-1,-1,,,,,
17511,3426741,-1,161,64,-1,-1,-1,-1,-1,-1,12,2,14,-1,-1,-1,-1,,,,,
17513,3426967,-1,1817,32,-1,-1,-1,-1,-1,-1,7,1,10,-1,-1,-1,-1,,,,,
17514,3427024,-1,1761,4,-1,-1,-1,-1,-1,-1,7,1,18,-1,-1,-1,-1,,,,,
17517,3427417,-1,6932,32,-1,-1,-1,-1,-1,-1,4,1,3,-1,-1,-1,-1,,,,,
17519,3427478,-1,41,1,-1,-1,-1,-1,-1,-1,46,1,284,-1,-1,-1,-1,,,,,
17522,3428112,-1,78,1,-1,-1,-1,-1,-1,-1,51,1,324,-1,-1,-1,-1,,,,,
17526,3428830,-1,14,1,-1,-1,-1,-1,-1,-1,46,1,298,-1,-1,-1,-1,,,,,
17527,3428908,-1,5441,32,-1,-1,-1,-1,-1,-1,7,1,10,-1,-1,-1,-1,,,,,
17528,3428921,-1,63,1,-1,-1,-1,-1,-1,-1,46,1,292,-1,-1,-1,-1,,,,,
17530,3428989,-1,5360,4,-1,-1,-1,-1,-1,-1,7,1,18,-1,-1,-1,-1,,,,,
17533,3429414,-1,387,1,-1,-1,-1,-1,-1,-1,46,1,292,-1,-1,-1,-1,,,,,
17534,3429510,-1,235,32,-1,-1,-1,-1,-1,-1,12,2,14,-1,-1,-1,-1,,,,,
17539,3429688,-1,130,4,-1,-1,-1,-1,-1,-1,15,1,19,-1,-1,-1,-1,,,,,
17540,3429709,-1,111,2,-1,-1,-1,-1,-1,-1,15,1,20,-1,-1,-1,-1,,,,,
17542,3429919,-1,16,1,-1,-1,-1,-1,-1,-1,15,1,12,-1,-1,-1,-1,,,,,
17543,3429946,-1,28,1,-1,-1,-1,-1,-1,-1,15,1,12,-1,-1,-1,-1,,,,,
17544,3429947,-1,33,1,-1,-1,-1,-1,-1,-1,46,1,292,-1,-1,-1,-1,,,,,
17545,3429978,-1,161,4,-1,-1,-1,-1,-1,-1,15,1,19,-1,-1,-1,-1,,,,,
17546,3430000,-1,142,2,-1,-1,-1,-1,-1,-1,15,1,20,-1,-1,-1,-1,,,,,
17549,3430199,-1,28,1,-1,-1,-1,-1,-1,-1,51,1,324,-1,-1,-1,-1,,,,,
17550,3430469,-1,31,1,-1,-1,-1,-1,-1,-1,51,1,324,-1,-1,-1,-1,,,,,
17559,3431274,-1,23,1,-1,-1,-1,-1,-1,-1,51,1,324,-1,-1,-1,-1,,,,,
17560,3431408,-1,32,1,-1,-1,-1,-1,-1,-1,15,1,12,-1,-1,-1,-1,,,,,
17561,3431456,-1,22,1,-1,-1,-1,-1,-1,-1,15,1,12,-1,-1,-1,-1,,,,,
17562,3431482,-1,158,4,-1,-1,-1,-1,-1,-1,15,1,19,-1,-1,-1,-1,,,,,
17563,3431504,-1,139,2,-1,-1,-1,-1,-1,-1,15,1,20,-1,-1,-1,-1,,,,,
17565,3431601,-1,52,1,-1,-1,-1,-1,-1,-1,51,1,324,-1,-1,-1,-1,,,,,
17570,3432511,-1,21,1,-1,-1,-1,-1,-1,-1,15,1,12,-1,-1,-1,-1,,,,,
17571,3432548,-1,18,1,-1,-1,-1,-1,-1,-1,15,1,12,-1,-1,-1,-1,,,,,
17572,3432569,-1,157,4,-1,-1,-1,-1,-1,-1,15,1,19,-1,-1,-1,-1,,,,,
17574,3432590,-1,139,2,-1,-1,-1,-1,-1,-1,15,1,20,-1,-1,-1,-1,,,,,
17575,3432801,-1,48,1,-1,-1,-1,-1,-1,-1,51,1,324,-1,-1,-1,-1,,,,,
17577,3433470,-1,52,1,-1,-1,-1,-1,-1,-1,51,1,324,-1,-1,-1,-1,,,,,
17579,3433593,-1,83,1,-1,-1,-1,-1,-1,-1,51,1,324,-1,-1,-1,-1,,,,,
17580,3433786,-1,67,32,-1,-1,-1,-1,-1,-1,24,1,101,-1,-1,-1,-1,,,,,
17581,3433818,-1,35,8,-1,-1,-1,-1,-1,-1,24,1,101,-1,-1,-1,-1,,,,,
17583,3433913,-1,23,32,-1,-1,-1,-1,-1,-1,56,1,348,-1,-1,-1,-1,,,,,
17585,3434002,-1,347,32,-1,-1,-1,-1,-1,-1,56,1,348,-1,-1,-1,-1,,,,,
17588,3441698,-1,99,128,-1,-1,-1,-1,-1,-1,12,2,14,-1,-1,-1,-1,,,,,
17589,3442061,-1,12786,32,-1,-1,-1,-1,-1,-1,7,1,10,-1,-1,-1,-1,,,,,
17590,3442121,-1,12729,4,-1,-1,-1,-1,-1,-1,7,1,18,-1,-1,-1,-1,,,,,
17592,3442360,-1,85,2,-1,-1,-1,-1,-1,-1,42,1,349,-1,-1,-1,-1,,,,,
17593,3442467,-1,1176,2,-1,-1,-1,-1,-1,-1,42,1,349,-1,-1,-1,-1,,,,,
17596,3443110,-1,19,1,-1,-1,-1,-1,-1,-1,4,1,4,-1,-1,-1,-1,,,,,
17600,3443899,-1,2495,2,-1,-1,-1,-1,-1,-1,42,1,349,-1,-1,-1,-1,,,,,
17606,3445209,-1,9625,64,-1,-1,-1,-1,-1,-1,4,1,-1,-1,-1,-1,-1,,,,,
17614,3447030,-1,1588,2,-1,-1,-1,-1,-1,-1,42,1,349,-1,-1,-1,-1,,,,,
17621,3448899,-1,5954,2,-1,-1,-1,-1,-1,-1,42,1,349,-1,-1,-1,-1,,,,,
17636,3453324,-1,15,1,-1,-1,-1,-1,-1,-1,12,2,1,-1,-1,-1,-1,,,,,
17643,3454857,-1,10944,128,-1,-1,-1,-1,-1,-1,17,1,-1,-1,-1,-1,-1,,,,,
17644,3465805,-1,10925,128,-1,-1,-1,-1,-1,-1,17,1,-1,-1,-1,-1,-1,,,,,
17645,3476736,-1,3464,128,-1,-1,-1,-1,-1,-1,1,1,-1,-1,-1,-1,-1,,,,,
17648,3480475,-1,9624,32,-1,-1,-1,-1,-1,-1,7,1,10,-1,-1,-1,-1,,,,,
17649,3480530,-1,9579,4,-1,-1,-1,-1,-1,-1,7,1,18,-1,-1,-1,-1,,,,,
17655,3481631,-1,3688,64,-1,-1,-1,-1,-1,-1,4,1,3,-1,-1,-1,-1,,,,,
17663,3483289,-1,20,1,-1,-1,-1,-1,-1,-1,4,1,2,-1,-1,-1,-1,,,,,
17670,3485323,-1,28,1,-1,-1,-1,-1,-1,-1,4,1,4,-1,-1,-1,-1,,,,,
17671,3485336,-1,25,32,-1,-1,-1,-1,-1,-1,21,1,350,-1,-1,-1,-1,,,,,
17672,3485371,-1,21,32,-1,-1,-1,-1,-1,-1,21,1,350,-1,-1,-1,-1,,,,,
17673,3485609,-1,40,32,-1,-1,-1,-1,-1,-1,21,1,351,-1,-1,-1,-1,,,,,
17674,3486807,-1,1266,64,-1,-1,-1,-1,-1,-1,4,1,3,-1,-1,-1,-1,,,,,
17675,3487501,-1,19,1,-1,-1,-1,-1,-1,-1,12,2,1,-1,-1,-1,-1,,,,,
17676,3488075,-1,18,1,-1,-1,-1,-1,-1,-1,4,1,4,-1,-1,-1,-1,,,,,
17677,3488145,-1,522,64,-1,-1,-1,-1,-1,-1,4,1,3,-1,-1,-1,-1,,,,,
17678,3489077,-1,830,64,-1,-1,-1,-1,-1,-1,56,1,348,-1,-1,-1,-1,,,,,
17681,3489990,-1,315,64,-1,-1,-1,-1,-1,-1,56,1,348,-1,-1,-1,-1,,,,,
17682,3490124,-1,67,32,-1,-1,-1,-1,-1,-1,24,1,101,-1,-1,-1,-1,,,,,
17683,3490157,-1,34,8,-1,-1,-1,-1,-1,-1,24,1,101,-1,-1,-1,-1,,,,,
17685,3490401,-1,1279,32,-1,-1,-1,-1,-1,-1,7,1,10,-1,-1,-1,-1,,,,,
17686,3490473,-1,1507,4,-1,-1,-1,-1,-1,-1,7,1,18,-1,-1,-1,-1,,,,,
17689,3491000,-1,7032,64,-1,-1,-1,-1,-1,-1,4,1,3,-1,-1,-1,-1,,,,,
17691,3491106,-1,28,4,-1,-1,-1,-1,-1,-1,55,1,347,-1,-1,-1,-1,,,,,
17694,3491320,-1,20,4,-1,-1,-1,-1,-1,-1,55,1,347,-1,-1,-1,-1,,,,,
17695,3491377,-1,123,4,-1,-1,-1,-1,-1,-1,55,1,11,-1,-1,-1,-1,,,,,
17697,3491684,-1,42,32,-1,-1,-1,-1,-1,-1,56,1,-1,-1,-1,-1,-1,,,,,
17698,3491859,-1,66,4,-1,-1,-1,-1,-1,-1,55,1,347,-1,-1,-1,-1,,,,,
17699,3491982,-1,132,32,-1,-1,-1,-1,-1,-1,7,1,10,-1,-1,-1,-1,,,,,
17700,3492041,-1,18,4,-1,-1,-1,-1,-1,-1,55,1,347,-1,-1,-1,-1,,,,,
17701,3492046,-1,29,4,-1,-1,-1,-1,-1,-1,7,1,18,-1,-1,-1,-1,,,,,
17702,3492103,-1,76,2,-1,-1,-1,-1,-1,-1,55,1,347,-1,-1,-1,-1,,,,,
17704,3492199,-1,3277,32,-1,-1,-1,-1,-1,-1,56,1,-1,-1,-1,-1,-1,,,,,
17705,3492306,-1,12,1,-1,-1,-1,-1,-1,-1,9,2,9,-1,-1,-1,-1,,,,,
17706,3492376,-1,67,32,-1,-1,-1,-1,-1,-1,7,1,10,-1,-1,-1,-1,,,,,
17708,3492699,-1,14,16,-1,-1,-1,-1,-1,-1,56,1,348,-1,-1,-1,-1,,,,,
17710,3492866,-1,1,16,-1,-1,-1,-1,-1,-1,56,1,348,-1,-1,-1,-1,,,,,
17712,3492913,-1,211,32,-1,-1,-1,-1,-1,-1,56,1,348,-1,-1,-1,-1,,,,,
17713,3493143,-1,126,32,-1,-1,-1,-1,-1,-1,56,1,348,-1,-1,-1,-1,,,,,
17714,3493350,-1,65,32,-1,-1,-1,-1,-1,-1,7,1,10,-1,-1,-1,-1,,,,,
17716,3493529,-1,81,32,-1,-1,-1,-1,-1,-1,56,1,348,-1,-1,-1,-1,,,,,
17717,3493713,-1,263,32,-1,-1,-1,-1,-1,-1,56,1,348,-1,-1,-1,-1,,,,,
17718,3494023,-1,62,32,-1,-1,-1,-1,-1,-1,7,1,10,-1,-1,-1,-1,,,,,
17724,3494694,-1,59,32,-1,-1,-1,-1,-1,-1,7,1,10,-1,-1,-1,-1,,,,,
17725,3494803,-1,262,32,-1,-1,-1,-1,-1,-1,56,1,348,-1,-1,-1,-1,,,,,
17727,3495360,-1,60,32,-1,-1,-1,-1,-1,-1,7,1,10,-1,-1,-1,-1,,,,,
17728,3495476,-1,142,32,-1,-1,-1,-1,-1,-1,56,1,-1,-1,-1,-1,-1,,,,,
17730,3495723,-1,66,32,-1,-1,-1,-1,-1,-1,7,1,10,-1,-1,-1,-1,,,,,
17731,3495729,-1,1131,32,-1,-1,-1,-1,-1,-1,56,1,-1,-1,-1,-1,-1,,,,,
17736,3496394,-1,70,32,-1,-1,-1,-1,-1,-1,7,1,10,-1,-1,-1,-1,,,,,
17737,3496767,-1,70,32,-1,-1,-1,-1,-1,-1,7,1,10,-1,-1,-1,-1,,,,,
17738,3496924,-1,3300,32,-1,-1,-1,-1,-1,-1,56,1,-1,-1,-1,-1,-1,,,,,
17739,3496954,-1,54,4,-1,-1,-1,-1,-1,-1,55,1,347,-1,-1,-1,-1,,,,,
17741,3497139,-1,60,32,-1,-1,-1,-1,-1,-1,7,1,10,-1,-1,-1,-1,,,,,
17743,3497489,-1,126,4,-1,-1,-1,-1,-1,-1,55,1,347,-1,-1,-1,-1,,,,,
17745,3497832,-1,69,4,-1,-1,-1,-1,-1,-1,55,1,347,-1,-1,-1,-1,,,,,
17746,3498027,-1,102,4,-1,-1,-1,-1,-1,-1,55,1,347,-1,-1,-1,-1,,,,,
17747,3498038,-1,29,1,-1,-1,-1,-1,-1,-1,4,1,4,-1,-1,-1,-1,,,,,
17748,3498120,-1,100,32,-1,-1,-1,-1,-1,-1,7,1,10,-1,-1,-1,-1,,,,,
17750,3498219,-1,18,4,-1,-1,-1,-1,-1,-1,7,1,18,-1,-1,-1,-1,,,,,
17752,3498265,-1,48,8,-1,-1,-1,-1,-1,-1,21,1,352,-1,-1,-1,-1,,,,,
17753,3498282,-1,495,32,-1,-1,-1,-1,-1,-1,7,1,10,-1,-1,-1,-1,,,,,
17755,3498353,-1,59,32,-1,-1,-1,-1,-1,-1,21,1,352,-1,-1,-1,-1,,,,,
17757,3498405,-1,276,4,-1,-1,-1,-1,-1,-1,55,1,347,-1,-1,-1,-1,,,,,
17759,3498873,-1,8,32,-1,-1,-1,-1,-1,-1,56,1,-1,-1,-1,-1,-1,,,,,
17760,3498943,-1,22,1,-1,-1,-1,-1,-1,-1,15,1,12,-1,-1,-1,-1,,,,,
17761,3498970,-1,458,4,-1,-1,-1,-1,-1,-1,15,1,19,-1,-1,-1,-1,,,,,
17762,3498983,-1,16,32,-1,-1,-1,-1,-1,-1,56,1,-1,-1,-1,-1,-1,,,,,
17763,3498992,-1,436,2,-1,-1,-1,-1,-1,-1,15,1,20,-1,-1,-1,-1,,,,,
17764,3498999,-1,2484,8,-1,-1,-1,-1,-1,-1,39,2,148,-1,-1,-1,-1,,,,,
17765,3499247,-1,640,32,-1,-1,-1,-1,-1,-1,7,1,10,-1,-1,-1,-1,,,,,
17766,3499309,-1,21,1,-1,-1,-1,-1,-1,-1,55,1,71,-1,-1,-1,-1,,,,,
17767,3499317,-1,571,4,-1,-1,-1,-1,-1,-1,7,1,18,-1,-1,-1,-1,,,,,
17768,3499344,-1,58,1,-1,-1,-1,-1,-1,-1,55,1,71,-1,-1,-1,-1,,,,,
17770,3499479,-1,54,1,-1,-1,-1,-1,-1,-1,55,1,71,-1,-1,-1,-1,,,,,
17771,3499546,-1,243,1,-1,-1,-1,-1,-1,-1,55,1,71,-1,-1,-1,-1,,,,,
17776,3499897,-1,3760,32,-1,-1,-1,-1,-1,-1,7,1,10,-1,-1,-1,-1,,,,,
17778,3499958,-1,3817,4,-1,-1,-1,-1,-1,-1,7,1,18,-1,-1,-1,-1,,,,,
17779,3499992,-1,12,1,-1,-1,-1,-1,-1,-1,7,1,9,-1,-1,-1,-1,,,,,
17780,3500148,-1,4,1,-1,-1,-1,-1,-1,-1,7,1,9,-1,-1,-1,-1,,,,,
17781,3500291,-1,211,2,-1,-1,-1,-1,-1,-1,55,1,347,-1,-1,-1,-1,,,,,
17783,3500617,-1,3281,32,-1,-1,-1,-1,-1,-1,56,1,-1,-1,-1,-1,-1,,,,,
17784,3500646,-1,210,32,-1,-1,-1,-1,-1,-1,24,1,101,-1,-1,-1,-1,,,,,
17785,3500714,-1,141,8,-1,-1,-1,-1,-1,-1,24,1,101,-1,-1,-1,-1,,,,,
17787,3500969,-1,84,32,-1,-1,-1,-1,-1,-1,24,1,101,-1,-1,-1,-1,,,,,
17788,3500988,-1,65,8,-1,-1,-1,-1,-1,-1,24,1,101,-1,-1,-1,-1,,,,,
17789,3501167,-1,113,1,-1,-1,-1,-1,-1,-1,55,1,347,-1,-1,-1,-1,,,,,
17790,3501188,-1,62,32,-1,-1,-1,-1,-1,-1,56,1,-1,-1,-1,-1,-1,,,,,
17791,3501262,-1,34,32,-1,-1,-1,-1,-1,-1,56,1,-1,-1,-1,-1,-1,,,,,
17793,3501392,-1,216,32,-1,-1,-1,-1,-1,-1,24,1,101,-1,-1,-1,-1,,,,,
17794,3501457,-1,153,8,-1,-1,-1,-1,-1,-1,24,1,101,-1,-1,-1,-1,,,,,
17797,3501678,-1,64,1,-1,-1,-1,-1,-1,-1,55,1,353,-1,-1,-1,-1,,,,,
17799,3501705,-1,378,8,-1,-1,-1,-1,-1,-1,11,1,11,-1,-1,-1,-1,,,,,
17800,3501711,-1,78,32,-1,-1,-1,-1,-1,-1,56,1,-1,-1,-1,-1,-1,,,,,
17801,3501730,-1,5296,8,-1,-1,-1,-1,-1,-1,39,2,148,-1,-1,-1,-1,,,,,
17802,3501767,-1,150,1,-1,-1,-1,-1,-1,-1,55,1,353,-1,-1,-1,-1,,,,,
17804,3501911,-1,203,1,-1,-1,-1,-1,-1,-1,15,1,12,-1,-1,-1,-1,,,,,
17806,3502257,-1,244,8,-1,-1,-1,-1,-1,-1,11,1,11,-1,-1,-1,-1,,,,,
17807,3502268,-1,29,1,-1,-1,-1,-1,-1,-1,15,1,12,-1,-1,-1,-1,,,,,
17808,3502307,-1,21,1,-1,-1,-1,-1,-1,-1,15,1,12,-1,-1,-1,-1,,,,,
17809,3502397,-1,50,32,-1,-1,-1,-1,-1,-1,56,1,-1,-1,-1,-1,-1,,,,,
17810,3502462,-1,21,1,-1,-1,-1,-1,-1,-1,15,1,9,-1,-1,-1,-1,,,,,
17811,3502630,-1,21,1,-1,-1,-1,-1,-1,-1,15,1,9,-1,-1,-1,-1,,,,,
17812,3502660,-1,22,1,-1,-1,-1,-1,-1,-1,15,1,9,-1,-1,-1,-1,,,,,
17813,3502716,-1,3154,1,-1,-1,-1,-1,-1,-1,15,1,12,-1,-1,-1,-1,,,,,
17814,3502751,-1,102,8,-1,-1,-1,-1,-1,-1,28,1,64,-1,-1,-1,-1,,,,,
17816,3502872,-1,33,32,-1,-1,-1,-1,-1,-1,56,1,-1,-1,-1,-1,-1,,,,,
17817,3502909,-1,44,32,-1,-1,-1,-1,-1,-1,56,1,-1,-1,-1,-1,-1,,,,,
17818,3502958,-1,40,32,-1,-1,-1,-1,-1,-1,56,1,-1,-1,-1,-1,-1,,,,,
17819,3503004,-1,23,32,-1,-1,-1,-1,-1,-1,56,1,-1,-1,-1,-1,-1,,,,,
17820,3503111,-1,116,32,-1,-1,-1,-1,-1,-1,56,1,-1,-1,-1,-1,-1,,,,,
17821,3503126,-1,27,1,-1,-1,-1,-1,-1,-1,55,1,353,-1,-1,-1,-1,,,,,
17823,3503183,-1,21,2,-1,-1,-1,-1,-1,-1,55,1,353,-1,-1,-1,-1,,,,,
17824,3503219,-1,21,2,-1,-1,-1,-1,-1,-1,55,1,353,-1,-1,-1,-1,,,,,
17825,3503289,-1,21,1,-1,-1,-1,-1,-1,-1,55,1,353,-1,-1,-1,-1,,,,,
17826,3503342,-1,1845,32,-1,-1,-1,-1,-1,-1,55,1,11,-1,-1,-1,-1,,,,,
17828,3503482,-1,32,8,-1,-1,-1,-1,-1,-1,28,1,54,-1,-1,-1,-1,,,,,
17829,3503534,-1,90,8,-1,-1,-1,-1,-1,-1,28,1,54,-1,-1,-1,-1,,,,,
17830,3503593,-1,286,1,-1,-1,-1,-1,-1,-1,55,1,353,-1,-1,-1,-1,,,,,
17831,3503663,-1,3728,32,-1,-1,-1,-1,-1,-1,4,1,-1,-1,-1,-1,-1,,,,,
17834,3503910,-1,125,2,-1,-1,-1,-1,-1,-1,55,1,347,-1,-1,-1,-1,,,,,
17836,3504009,-1,38,32,-1,-1,-1,-1,-1,-1,56,1,-1,-1,-1,-1,-1,,,,,
17837,3504051,-1,42,32,-1,-1,-1,-1,-1,-1,56,1,-1,-1,-1,-1,-1,,,,,
17838,3504079,-1,1023,1,-1,-1,-1,-1,-1,-1,39,2,9,-1,-1,-1,-1,,,,,
17840,3504386,-1,6928,32,-1,-1,-1,-1,-1,-1,7,1,10,-1,-1,-1,-1,,,,,
17841,3504453,-1,7161,4,-1,-1,-1,-1,-1,-1,7,1,18,-1,-1,-1,-1,,,,,
17842,3504510,-1,131,1,-1,-1,-1,-1,-1,-1,55,1,347,-1,-1,-1,-1,,,,,
17843,3504724,-1,528,4,-1,-1,-1,-1,-1,-1,55,1,347,-1,-1,-1,-1,,,,,
17845,3505192,-1,105,32,-1,-1,-1,-1,-1,-1,56,1,-1,-1,-1,-1,-1,,,,,
17847,3505301,-1,70,32,-1,-1,-1,-1,-1,-1,56,1,-1,-1,-1,-1,-1,,,,,
17848,3505376,-1,76,32,-1,-1,-1,-1,-1,-1,56,1,-1,-1,-1,-1,-1,,,,,
17853,3505833,-1,124,1,-1,-1,-1,-1,-1,-1,55,1,347,-1,-1,-1,-1,,,,,
17854,3505889,-1,22,1,-1,-1,-1,-1,-1,-1,15,1,12,-1,-1,-1,-1,,,,,
17855,3505929,-1,21,1,-1,-1,-1,-1,-1,-1,15,1,12,-1,-1,-1,-1,,,,,
17856,3505963,-1,21,1,-1,-1,-1,-1,-1,-1,15,1,12,-1,-1,-1,-1,,,,,
17857,3506004,-1,24,1,-1,-1,-1,-1,-1,-1,15,1,9,-1,-1,-1,-1,,,,,
17859,3506298,-1,125,1,-1,-1,-1,-1,-1,-1,55,1,347,-1,-1,-1,-1,,,,,
17860,3506452,-1,25,1,-1,-1,-1,-1,-1,-1,8,1,338,-1,-1,-1,-1,,,,,
17861,3506552,-1,85,32,-1,-1,-1,-1,-1,-1,8,1,338,-1,-1,-1,-1,,,,,
17862,3506644,-1,153,1,-1,-1,-1,-1,-1,-1,55,1,347,-1,-1,-1,-1,,,,,
17864,3506782,-1,139,8,-1,-1,-1,-1,-1,-1,40,2,354,-1,-1,-1,-1,,,,,
17865,3506886,-1,4,1,-1,-1,-1,-1,-1,-1,12,2,1,-1,-1,-1,-1,,,,,
17866,3506893,-1,16,1,-1,-1,-1,-1,-1,-1,12,2,1,-1,-1,-1,-1,,,,,
17867,3506925,-1,107,8,-1,-1,-1,-1,-1,-1,40,2,354,-1,-1,-1,-1,,,,,
17868,3506933,-1,17,1,-1,-1,-1,-1,-1,-1,12,2,1,-1,-1,-1,-1,,,,,
17869,3506966,-1,175,1,-1,-1,-1,-1,-1,-1,55,1,347,-1,-1,-1,-1,,,,,
17870,3507060,-1,52,8,-1,-1,-1,-1,-1,-1,40,2,354,-1,-1,-1,-1,,,,,
17872,3507121,-1,63,8,-1,-1,-1,-1,-1,-1,40,2,354,-1,-1,-1,-1,,,,,
17873,3507146,-1,154,8,-1,-1,-1,-1,-1,-1,39,2,148,-1,-1,-1,-1,,,,,
17874,3507192,-1,42,8,-1,-1,-1,-1,-1,-1,40,2,354,-1,-1,-1,-1,,,,,
17875,3507229,-1,5230,32,-1,-1,-1,-1,-1,-1,24,1,101,-1,-1,-1,-1,,,,,
17876,3507315,-1,5728,8,-1,-1,-1,-1,-1,-1,24,1,101,-1,-1,-1,-1,,,,,
17877,3507323,-1,16,1,-1,-1,-1,-1,-1,-1,4,1,4,-1,-1,-1,-1,,,,,
17878,3507373,-1,30,1,-1,-1,-1,-1,-1,-1,8,1,338,-1,-1,-1,-1,,,,,
17881,3507473,-1,8790,8,-1,-1,-1,-1,-1,-1,40,2,354,-1,-1,-1,-1,,,,,
17884,3507692,-1,3611,32,-1,-1,-1,-1,-1,-1,4,1,-1,-1,-1,-1,-1,,,,,
17885,3508013,-1,44,1,-1,-1,-1,-1,-1,-1,8,1,338,-1,-1,-1,-1,,,,,
17887,3508142,-1,21,1,-1,-1,-1,-1,-1,-1,8,1,338,-1,-1,-1,-1,,,,,
17888,3508287,-1,29,1,-1,-1,-1,-1,-1,-1,8,1,338,-1,-1,-1,-1,,,,,
17889,3508406,-1,38,1,-1,-1,-1,-1,-1,-1,8,1,338,-1,-1,-1,-1,,,,,
17891,3508532,-1,39,1,-1,-1,-1,-1,-1,-1,8,1,338,-1,-1,-1,-1,,,,,
17893,3509014,-1,26,1,-1,-1,-1,-1,-1,-1,8,1,286,-1,-1,-1,-1,,,,,
17895,3509244,-1,39,1,-1,-1,-1,-1,-1,-1,8,1,286,-1,-1,-1,-1,,,,,
17899,3509428,-1,28,1,-1,-1,-1,-1,-1,-1,8,1,286,-1,-1,-1,-1,,,,,
17900,3509512,-1,46,1,-1,-1,-1,-1,-1,-1,8,1,286,-1,-1,-1,-1,,,,,
17901,3509711,-1,28,1,-1,-1,-1,-1,-1,-1,8,1,286,-1,-1,-1,-1,,,,,
17902,3509816,-1,31,1,-1,-1,-1,-1,-1,-1,8,1,286,-1,-1,-1,-1,,,,,
17904,3509914,-1,21,1,-1,-1,-1,-1,-1,-1,8,1,286,-1,-1,-1,-1,,,,,
17905,3510008,-1,32,1,-1,-1,-1,-1,-1,-1,8,1,286,-1,-1,-1,-1,,,,,
17906,3510093,-1,32,1,-1,-1,-1,-1,-1,-1,8,1,286,-1,-1,-1,-1,,,,,
17907,3510200,-1,45,1,-1,-1,-1,-1,-1,-1,8,1,286,-1,-1,-1,-1,,,,,
17908,3510203,-1,1471,2,-1,-1,-1,-1,-1,-1,42,1,349,-1,-1,-1,-1,,,,,
17910,3510443,-1,45,1,-1,-1,-1,-1,-1,-1,8,1,286,-1,-1,-1,-1,,,,,
17911,3510683,-1,32,1,-1,-1,-1,-1,-1,-1,8,1,286,-1,-1,-1,-1,,,,,
17913,3510795,-1,51,1,-1,-1,-1,-1,-1,-1,8,1,286,-1,-1,-1,-1,,,,,
17914,3510919,-1,30,1,-1,-1,-1,-1,-1,-1,8,1,286,-1,-1,-1,-1,,,,,
17919,3511322,-1,3728,32,-1,-1,-1,-1,-1,-1,4,1,-1,-1,-1,-1,-1,,,,,
17920,3511615,-1,3017,32,-1,-1,-1,-1,-1,-1,7,1,10,-1,-1,-1,-1,,,,,
17921,3511692,-1,3241,4,-1,-1,-1,-1,-1,-1,7,1,18,-1,-1,-1,-1,,,,,
17922,3511730,-1,391,2,-1,-1,-1,-1,-1,-1,42,1,349,-1,-1,-1,-1,,,,,
17925,3512471,-1,200,32,-1,-1,-1,-1,-1,-1,1,1,355,-1,-1,-1,-1,,,,,
17933,3514211,-1,400,32,-1,-1,-1,-1,-1,-1,24,1,101,-1,-1,-1,-1,,,,,
17934,3514283,-1,329,8,-1,-1,-1,-1,-1,-1,24,1,101,-1,-1,-1,-1,,,,,
17935,3514340,-1,118,8,-1,-1,-1,-1,-1,-1,39,2,148,-1,-1,-1,-1,,,,,
17940,3514938,-1,1333,32,-1,-1,-1,-1,-1,-1,7,1,10,-1,-1,-1,-1,,,,,
17942,3515025,-1,1547,4,-1,-1,-1,-1,-1,-1,7,1,18,-1,-1,-1,-1,,,,,
17943,3515068,-1,3725,32,-1,-1,-1,-1,-1,-1,4,1,-1,-1,-1,-1,-1,,,,,
17944,3515122,-1,252,32,-1,-1,-1,-1,-1,-1,24,1,101,-1,-1,-1,-1,,,,,
17945,3515223,-1,151,8,-1,-1,-1,-1,-1,-1,24,1,101,-1,-1,-1,-1,,,,,
17948,3515581,-1,218,32,-1,-1,-1,-1,-1,-1,24,1,101,-1,-1,-1,-1,,,,,
17949,3515608,-1,192,8,-1,-1,-1,-1,-1,-1,24,1,101,-1,-1,-1,-1,,,,,
17950,3515841,-1,140,32,-1,-1,-1,-1,-1,-1,1,1,356,-1,-1,-1,-1,,,,,
17951,3515991,-1,211,32,-1,-1,-1,-1,-1,-1,1,1,356,-1,-1,-1,-1,,,,,
17956,3516574,-1,1112,32,-1,-1,-1,-1,-1,-1,7,1,10,-1,-1,-1,-1,,,,,
17957,3516640,-1,1046,4,-1,-1,-1,-1,-1,-1,7,1,18,-1,-1,-1,-1,,,,,
17959,3516752,-1,495,32,-1,-1,-1,-1,-1,-1,24,1,101,-1,-1,-1,-1,,,,,
17961,3516826,-1,421,8,-1,-1,-1,-1,-1,-1,24,1,101,-1,-1,-1,-1,,,,,
17970,3517845,-1,417,32,-1,-1,-1,-1,-1,-1,24,1,101,-1,-1,-1,-1,,,,,
17971,3517870,-1,394,8,-1,-1,-1,-1,-1,-1,24,1,101,-1,-1,-1,-1,,,,,
17973,3518296,-1,185,32,-1,-1,-1,-1,-1,-1,24,1,101,-1,-1,-1,-1,,,,,
17974,3518313,-1,168,8,-1,-1,-1,-1,-1,-1,24,1,101,-1,-1,-1,-1,,,,,
17975,3518489,-1,451,32,-1,-1,-1,-1,-1,-1,24,1,101,-1,-1,-1,-1,,,,,
17976,3518507,-1,437,8,-1,-1,-1,-1,-1,-1,24,1,101,-1,-1,-1,-1,,,,,
17980,3519023,-1,5105,64,-1,-1,-1,-1,-1,-1,42,1,215,-1,-1,-1,-1,,,,,
17983,3519125,-1,64,32,-1,-1,-1,-1,-1,-1,24,1,101,-1,-1,-1,-1,,,,,
17984,3519258,-1,141,32,-1,-1,-1,-1,-1,-1,24,1,101,-1,-1,-1,-1,,,,,
17985,3519352,-1,346,32,-1,-1,-1,-1,-1,-1,1,1,357,-1,-1,-1,-1,,,,,
17986,3519512,-1,57,32,-1,-1,-1,-1,-1,-1,24,1,101,-1,-1,-1,-1,,,,,
17987,3519603,-1,244,32,-1,-1,-1,-1,-1,-1,24,1,101,-1,-1,-1,-1,,,,,
17990,3520630,-1,136,32,-1,-1,-1,-1,-1,-1,1,1,357,-1,-1,-1,-1,,,,,
17994,3520789,-1,142,32,-1,-1,-1,-1,-1,-1,1,1,357,-1,-1,-1,-1,,,,,
17996,3520999,-1,95,32,-1,-1,-1,-1,-1,-1,1,1,357,-1,-1,-1,-1,,,,,
17998,3521634,-1,229,32,-1,-1,-1,-1,-1,-1,24,1,101,-1,-1,-1,-1,,,,,
17999,3521695,-1,168,8,-1,-1,-1,-1,-1,-1,24,1,101,-1,-1,-1,-1,,,,,
18001,3521970,-1,133,32,-1,-1,-1,-1,-1,-1,24,1,101,-1,-1,-1,-1,,,,,
18003,3522128,-1,56,32,-1,-1,-1,-1,-1,-1,24,1,101,-1,-1,-1,-1,,,,,
18008,3522968,-1,235,32,-1,-1,-1,-1,-1,-1,24,1,101,-1,-1,-1,-1,,,,,
18009,3523030,-1,173,8,-1,-1,-1,-1,-1,-1,24,1,101,-1,-1,-1,-1,,,,,
18011,3523243,-1,140,32,-1,-1,-1,-1,-1,-1,24,1,101,-1,-1,-1,-1,,,,,
18012,3523301,-1,81,8,-1,-1,-1,-1,-1,-1,24,1,101,-1,-1,-1,-1,,,,,
18014,3523558,-1,6,32,-1,-1,-1,-1,-1,-1,7,1,10,-1,-1,-1,-1,,,,,
18015,3523568,-1,46995,32,-1,-1,-1,-1,-1,-1,7,1,10,-1,-1,-1,-1,,,,,
18016,3523635,-1,46928,4,-1,-1,-1,-1,-1,-1,7,1,18,-1,-1,-1,-1,,,,,
18019,3524141,-1,125,32,-1,-1,-1,-1,-1,-1,24,1,101,-1,-1,-1,-1,,,,,
18020,3524176,-1,92,8,-1,-1,-1,-1,-1,-1,24,1,101,-1,-1,-1,-1,,,,,
18024,3524701,-1,14,1,-1,-1,-1,-1,-1,-1,9,2,9,-1,-1,-1,-1,,,,,
18025,3524728,-1,222,32,-1,-1,-1,-1,-1,-1,24,1,101,-1,-1,-1,-1,,,,,
18026,3524752,-1,90,32,-1,-1,-1,-1,-1,-1,1,1,357,-1,-1,-1,-1,,,,,
18027,3524804,-1,148,8,-1,-1,-1,-1,-1,-1,24,1,101,-1,-1,-1,-1,,,,,
18029,3524966,-1,231,32,-1,-1,-1,-1,-1,-1,1,1,357,-1,-1,-1,-1,,,,,
18030,3525272,-1,111,32,-1,-1,-1,-1,-1,-1,1,1,357,-1,-1,-1,-1,,,,,
18032,3525386,-1,185,32,-1,-1,-1,-1,-1,-1,1,1,357,-1,-1,-1,-1,,,,,
18037,3526058,-1,109,32,-1,-1,-1,-1,-1,-1,1,1,357,-1,-1,-1,-1,,,,,
18081,3535152,-1,34756,64,-1,-1,-1,-1,-1,-1,42,1,215,-1,-1,-1,-1,,,,,
18082,3535551,-1,28,1,-1,-1,-1,-1,-1,-1,12,2,1,-1,-1,-1,-1,,,,,
18083,3540908,-1,81,1,-1,-1,-1,-1,-1,-1,8,1,286,-1,-1,-1,-1,,,,,
18084,3541067,-1,159,4,-1,-1,-1,-1,-1,-1,8,1,286,-1,-1,-1,-1,,,,,
18085,3541253,-1,358,4,-1,-1,-1,-1,-1,-1,8,1,286,-1,-1,-1,-1,,,,,
18086,3541658,-1,179,4,-1,-1,-1,-1,-1,-1,8,1,286,-1,-1,-1,-1,,,,,
18087,3541881,-1,78,4,-1,-1,-1,-1,-1,-1,8,1,286,-1,-1,-1,-1,,,,,
18088,3542444,-1,83,4,-1,-1,-1,-1,-1,-1,8,1,286,-1,-1,-1,-1,,,,,
18097,3570123,-1,440,32,-1,-1,-1,-1,-1,-1,11,1,11,-1,-1,-1,-1,,,,,
18098,3570563,-1,0,32,-1,-1,-1,-1,-1,-1,4,1,3,-1,-1,-1,-1,,,,,
18099,3571839,-1,0,32,-1,-1,-1,-1,-1,-1,7,1,10,-1,-1,-1,-1,,,,,
18100,3571899,-1,0,4,-1,-1,-1,-1,-1,-1,7,1,18,-1,-1,-1,-1,,,,,
18101,3571921,-1,0,32,-1,-1,-1,-1,-1,-1,11,1,11,-1,-1,-1,-1,,,,,
18102,3572079,-1,0,32,-1,-1,-1,-1,-1,-1,4,1,-1,-1,-1,-1,-1,,,,,
18112,3575971,-1,85,32,-1,-1,-1,-1,-1,-1,7,1,10,-1,-1,-1,-1,,,,,
18113,3576029,-1,26,1,-1,-1,-1,-1,-1,-1,8,1,286,-1,-1,-1,-1,,,,,
18114,3576032,-1,23,32,-1,-1,-1,-1,-1,-1,11,1,11,-1,-1,-1,-1,,,,,
18115,3576035,-1,36,4,-1,-1,-1,-1,-1,-1,7,1,18,-1,-1,-1,-1,,,,,
18116,3576066,-1,891,32,-1,-1,-1,-1,-1,-1,11,1,11,-1,-1,-1,-1,,,,,
18119,3576352,-1,5005,32,-1,-1,-1,-1,-1,-1,7,1,10,-1,-1,-1,-1,,,,,
18121,3576416,-1,4940,4,-1,-1,-1,-1,-1,-1,7,1,18,-1,-1,-1,-1,,,,,
18124,3577185,-1,887,32,-1,-1,-1,-1,-1,-1,11,1,11,-1,-1,-1,-1,,,,,
18132,3578701,-1,13,1,-1,-1,-1,-1,-1,-1,9,2,9,-1,-1,-1,-1,,,,,
18133,3578876,-1,872,32,-1,-1,-1,-1,-1,-1,11,1,11,-1,-1,-1,-1,,,,,
18140,3580212,-1,102,1,-1,-1,-1,-1,-1,-1,8,1,286,-1,-1,-1,-1,,,,,
18142,3580408,-1,127,1,-1,-1,-1,-1,-1,-1,8,1,286,-1,-1,-1,-1,,,,,
18143,3580667,-1,119,1,-1,-1,-1,-1,-1,-1,8,1,286,-1,-1,-1,-1,,,,,
18145,3580955,-1,103,1,-1,-1,-1,-1,-1,-1,8,1,286,-1,-1,-1,-1,,,,,
18147,3581168,-1,135,1,-1,-1,-1,-1,-1,-1,8,1,286,-1,-1,-1,-1,,,,,
18148,3581377,-1,6,1,-1,-1,-1,-1,-1,-1,7,1,9,-1,-1,-1,-1,,,,,
18150,3581435,-1,636,1,-1,-1,-1,-1,-1,-1,8,1,286,-1,-1,-1,-1,,,,,
18154,3581869,-1,542,64,-1,-1,-1,-1,-1,-1,51,1,325,-1,-1,-1,-1,,,,,
18156,3582201,-1,38,1,-1,-1,-1,-1,-1,-1,8,1,286,-1,-1,-1,-1,,,,,
18158,3582454,-1,22,1,-1,-1,-1,-1,-1,-1,8,1,286,-1,-1,-1,-1,,,,,
18159,3582540,-1,27,1,-1,-1,-1,-1,-1,-1,8,1,286,-1,-1,-1,-1,,,,,
18160,3582584,-1,60,32,-1,-1,-1,-1,-1,-1,7,1,10,-1,-1,-1,-1,,,,,
18161,3582634,-1,25,1,-1,-1,-1,-1,-1,-1,8,1,286,-1,-1,-1,-1,,,,,
18162,3582656,-1,317,32,-1,-1,-1,-1,-1,-1,7,1,10,-1,-1,-1,-1,,,,,
18163,3582818,-1,46,1,-1,-1,-1,-1,-1,-1,8,1,286,-1,-1,-1,-1,,,,,
18165,3582922,-1,49,1,-1,-1,-1,-1,-1,-1,8,1,286,-1,-1,-1,-1,,,,,
18166,3582995,-1,229,32,-1,-1,-1,-1,-1,-1,7,1,10,-1,-1,-1,-1,,,,,
18167,3583016,-1,1680,32,-1,-1,-1,-1,-1,-1,4,1,3,-1,-1,-1,-1,,,,,
18168,3583081,-1,142,4,-1,-1,-1,-1,-1,-1,7,1,18,-1,-1,-1,-1,,,,,
18169,3583278,-1,428,32,-1,-1,-1,-1,-1,-1,7,1,10,-1,-1,-1,-1,,,,,
18171,3583341,-1,365,4,-1,-1,-1,-1,-1,-1,7,1,18,-1,-1,-1,-1,,,,,
18172,3583395,-1,29,1,-1,-1,-1,-1,-1,-1,51,1,324,-1,-1,-1,-1,,,,,
18173,3583455,-1,112,32,-1,-1,-1,-1,-1,-1,8,1,338,-1,-1,-1,-1,,,,,
18174,3583459,-1,276,1,-1,-1,-1,-1,-1,-1,55,1,353,-1,-1,-1,-1,,,,,
18175,3583472,-1,71,1,-1,-1,-1,-1,-1,-1,51,1,324,-1,-1,-1,-1,,,,,
18176,3583594,-1,567,1,-1,-1,-1,-1,-1,-1,51,1,324,-1,-1,-1,-1,,,,,
18178,3583733,-1,28,1,-1,-1,-1,-1,-1,-1,8,1,338,-1,-1,-1,-1,,,,,
18179,3583764,-1,111,1,-1,-1,-1,-1,-1,-1,55,1,347,-1,-1,-1,-1,,,,,
18180,3583974,-1,49,1,-1,-1,-1,-1,-1,-1,8,1,338,-1,-1,-1,-1,,,,,
18182,3584223,-1,107,1,-1,-1,-1,-1,-1,-1,55,1,347,-1,-1,-1,-1,,,,,
18183,3584323,-1,21,1,-1,-1,-1,-1,-1,-1,8,1,338,-1,-1,-1,-1,,,,,
18184,3584408,-1,42,4,-1,-1,-1,-1,-1,-1,8,1,338,-1,-1,-1,-1,,,,,
18185,3584421,-1,46,1,-1,-1,-1,-1,-1,-1,51,1,324,-1,-1,-1,-1,,,,,
18186,3584492,-1,356,32,-1,-1,-1,-1,-1,-1,7,1,10,-1,-1,-1,-1,,,,,
18187,3584560,-1,288,4,-1,-1,-1,-1,-1,-1,7,1,18,-1,-1,-1,-1,,,,,
18188,3584612,-1,38,8,-1,-1,-1,-1,-1,-1,8,1,338,-1,-1,-1,-1,,,,,
18190,3584796,-1,20,1,-1,-1,-1,-1,-1,-1,8,1,338,-1,-1,-1,-1,,,,,
18191,3584836,-1,3564,32,-1,-1,-1,-1,-1,-1,4,1,-1,-1,-1,-1,-1,,,,,
18192,3584911,-1,23,1,-1,-1,-1,-1,-1,-1,8,1,338,-1,-1,-1,-1,,,,,
18193,3584993,-1,86,16,-1,-1,-1,-1,-1,-1,8,1,338,-1,-1,-1,-1,,,,,
18194,3585016,-1,228,32,-1,-1,-1,-1,-1,-1,7,1,10,-1,-1,-1,-1,,,,,
18195,3585084,-1,159,4,-1,-1,-1,-1,-1,-1,7,1,18,-1,-1,-1,-1,,,,,
18197,3585512,-1,23,1,-1,-1,-1,-1,-1,-1,12,2,1,-1,-1,-1,-1,,,,,
18202,3585989,-1,104,1,-1,-1,-1,-1,-1,-1,55,1,347,-1,-1,-1,-1,,,,,
18204,3586327,-1,112,1,-1,-1,-1,-1,-1,-1,55,1,347,-1,-1,-1,-1,,,,,
18205,3586455,-1,1273,64,-1,-1,-1,-1,-1,-1,42,1,215,-1,-1,-1,-1,,,,,
18208,3586912,-1,159,1,-1,-1,-1,-1,-1,-1,51,1,324,-1,-1,-1,-1,,,,,
18209,3587026,-1,120,1,-1,-1,-1,-1,-1,-1,55,1,347,-1,-1,-1,-1,,,,,
18211,3587453,-1,117,1,-1,-1,-1,-1,-1,-1,55,1,347,-1,-1,-1,-1,,,,,
18213,3587589,-1,269,32,-1,-1,-1,-1,-1,-1,1,1,357,-1,-1,-1,-1,,,,,
18214,3587861,-1,100,32,-1,-1,-1,-1,-1,-1,1,1,357,-1,-1,-1,-1,,,,,
18215,3587963,-1,97,32,-1,-1,-1,-1,-1,-1,1,1,357,-1,-1,-1,-1,,,,,
18216,3588075,-1,120,32,-1,-1,-1,-1,-1,-1,1,1,357,-1,-1,-1,-1,,,,,
18217,3588112,-1,208,1,-1,-1,-1,-1,-1,-1,55,1,347,-1,-1,-1,-1,,,,,
18219,3588197,-1,114,32,-1,-1,-1,-1,-1,-1,1,1,357,-1,-1,-1,-1,,,,,
18220,3588313,-1,108,32,-1,-1,-1,-1,-1,-1,1,1,357,-1,-1,-1,-1,,,,,
18221,3588402,-1,3621,32,-1,-1,-1,-1,-1,-1,4,1,-1,-1,-1,-1,-1,,,,,
18222,3588424,-1,125,32,-1,-1,-1,-1,-1,-1,1,1,357,-1,-1,-1,-1,,,,,
18223,3588482,-1,84,1,-1,-1,-1,-1,-1,-1,51,1,324,-1,-1,-1,-1,,,,,
18224,3588554,-1,143,32,-1,-1,-1,-1,-1,-1,1,1,357,-1,-1,-1,-1,,,,,
18226,3588851,-1,36,1,-1,-1,-1,-1,-1,-1,51,1,324,-1,-1,-1,-1,,,,,
18227,3588952,-1,84,1,-1,-1,-1,-1,-1,-1,51,1,324,-1,-1,-1,-1,,,,,
18229,3589073,-1,97,1,-1,-1,-1,-1,-1,-1,51,1,324,-1,-1,-1,-1,,,,,
18230,3589103,-1,241,1,-1,-1,-1,-1,-1,-1,55,1,347,-1,-1,-1,-1,,,,,
18231,3589301,-1,105,1,-1,-1,-1,-1,-1,-1,51,1,324,-1,-1,-1,-1,,,,,
18235,3589445,-1,45,1,-1,-1,-1,-1,-1,-1,51,1,324,-1,-1,-1,-1,,,,,
18237,3589555,-1,82,1,-1,-1,-1,-1,-1,-1,51,1,324,-1,-1,-1,-1,,,,,
18245,3591204,-1,239,4,-1,-1,-1,-1,-1,-1,55,1,347,-1,-1,-1,-1,,,,,
18248,3592023,-1,3544,32,-1,-1,-1,-1,-1,-1,4,1,-1,-1,-1,-1,-1,,,,,
18254,3592929,-1,24,1,-1,-1,-1,-1,-1,-1,38,2,107,-1,-1,-1,-1,,,,,
18255,3593011,-1,257,2,-1,-1,-1,-1,-1,-1,38,2,71,-1,-1,-1,-1,,,,,
18257,3593355,-1,2680,2,-1,-1,-1,-1,-1,-1,38,2,71,-1,-1,-1,-1,,,,,
18259,3593740,-1,21,1,-1,-1,-1,-1,-1,-1,55,1,347,-1,-1,-1,-1,,,,,
18261,3593816,-1,208,1,-1,-1,-1,-1,-1,-1,55,1,347,-1,-1,-1,-1,,,,,
18269,3595570,-1,3559,32,-1,-1,-1,-1,-1,-1,4,1,-1,-1,-1,-1,-1,,,,,
18272,3595891,-1,50,1,-1,-1,-1,-1,-1,-1,51,1,324,-1,-1,-1,-1,,,,,
18275,3596124,-1,210,32,-1,-1,-1,-1,-1,-1,7,1,10,-1,-1,-1,-1,,,,,
18276,3596175,-1,20,1,-1,-1,-1,-1,-1,-1,51,1,324,-1,-1,-1,-1,,,,,
18277,3596182,-1,153,4,-1,-1,-1,-1,-1,-1,7,1,18,-1,-1,-1,-1,,,,,
18278,3596321,-1,37,1,-1,-1,-1,-1,-1,-1,51,1,324,-1,-1,-1,-1,,,,,
18280,3596687,-1,50,32,-1,-1,-1,-1,-1,-1,7,1,10,-1,-1,-1,-1,,,,,
18281,3596708,-1,24,2,-1,-1,-1,-1,-1,-1,38,2,71,-1,-1,-1,-1,,,,,
18282,3596762,-1,55,32,-1,-1,-1,-1,-1,-1,7,1,10,-1,-1,-1,-1,,,,,
18283,3596840,-1,354,32,-1,-1,-1,-1,-1,-1,7,1,10,-1,-1,-1,-1,,,,,
18285,3596903,-1,290,4,-1,-1,-1,-1,-1,-1,7,1,18,-1,-1,-1,-1,,,,,
18286,3596919,-1,21,1,-1,-1,-1,-1,-1,-1,51,1,358,-1,-1,-1,-1,,,,,
18287,3596980,-1,39,1,-1,-1,-1,-1,-1,-1,51,1,324,-1,-1,-1,-1,,,,,
18288,3597142,-1,38,1,-1,-1,-1,-1,-1,-1,51,1,324,-1,-1,-1,-1,,,,,
18290,3597407,-1,28,32,-1,-1,-1,-1,-1,-1,7,1,10,-1,-1,-1,-1,,,,,
18291,3597501,-1,8968,2,-1,-1,-1,-1,-1,-1,42,1,349,-1,-1,-1,-1,,,,,
18292,3597530,-1,367,32,-1,-1,-1,-1,-1,-1,7,1,10,-1,-1,-1,-1,,,,,
18293,3597590,-1,70,1,-1,-1,-1,-1,-1,-1,51,1,324,-1,-1,-1,-1,,,,,
18294,3597602,-1,296,4,-1,-1,-1,-1,-1,-1,7,1,18,-1,-1,-1,-1,,,,,
18298,3597910,-1,120,1,-1,-1,-1,-1,-1,-1,51,1,324,-1,-1,-1,-1,,,,,
18299,3597917,-1,232,32,-1,-1,-1,-1,-1,-1,7,1,10,-1,-1,-1,-1,,,,,
18300,3597982,-1,167,4,-1,-1,-1,-1,-1,-1,7,1,18,-1,-1,-1,-1,,,,,
18301,3597997,-1,252,4,-1,-1,-1,-1,-1,-1,55,1,347,-1,-1,-1,-1,,,,,
18302,3598126,-1,94,1,-1,-1,-1,-1,-1,-1,51,1,324,-1,-1,-1,-1,,,,,
18303,3598269,-1,149,1,-1,-1,-1,-1,-1,-1,51,1,324,-1,-1,-1,-1,,,,,
18305,3598454,-1,353,32,-1,-1,-1,-1,-1,-1,7,1,10,-1,-1,-1,-1,,,,,
18306,3598458,-1,80,1,-1,-1,-1,-1,-1,-1,51,1,324,-1,-1,-1,-1,,,,,
18307,3598487,-1,34,2,-1,-1,-1,-1,-1,-1,55,1,347,-1,-1,-1,-1,,,,,
18308,3598534,-1,272,4,-1,-1,-1,-1,-1,-1,7,1,18,-1,-1,-1,-1,,,,,
18309,3598543,-1,288,2,-1,-1,-1,-1,-1,-1,55,1,347,-1,-1,-1,-1,,,,,
18311,3598826,-1,239,32,-1,-1,-1,-1,-1,-1,7,1,10,-1,-1,-1,-1,,,,,
18312,3598892,-1,172,4,-1,-1,-1,-1,-1,-1,7,1,18,-1,-1,-1,-1,,,,,
18313,3598899,-1,348,2,-1,-1,-1,-1,-1,-1,55,1,347,-1,-1,-1,-1,,,,,
18314,3598977,-1,48,1,-1,-1,-1,-1,-1,-1,51,1,324,-1,-1,-1,-1,,,,,
18316,3599131,-1,3578,32,-1,-1,-1,-1,-1,-1,4,1,-1,-1,-1,-1,-1,,,,,
18317,3599231,-1,41,1,-1,-1,-1,-1,-1,-1,51,1,324,-1,-1,-1,-1,,,,,
18318,3599290,-1,50,1,-1,-1,-1,-1,-1,-1,51,1,324,-1,-1,-1,-1,,,,,
18319,3599293,-1,319,2,-1,-1,-1,-1,-1,-1,55,1,347,-1,-1,-1,-1,,,,,
18324,3599694,-1,63,1,-1,-1,-1,-1,-1,-1,51,1,324,-1,-1,-1,-1,,,,,
18325,3599719,-1,442,2,-1,-1,-1,-1,-1,-1,55,1,347,-1,-1,-1,-1,,,,,
18327,3600189,-1,370,2,-1,-1,-1,-1,-1,-1,55,1,347,-1,-1,-1,-1,,,,,
18328,3600215,-1,51,32,-1,-1,-1,-1,-1,-1,7,1,10,-1,-1,-1,-1,,,,,
18329,3600273,-1,339,32,-1,-1,-1,-1,-1,-1,7,1,10,-1,-1,-1,-1,,,,,
18330,3600349,-1,264,4,-1,-1,-1,-1,-1,-1,7,1,18,-1,-1,-1,-1,,,,,
18332,3600489,-1,561,1,-1,-1,-1,-1,-1,-1,51,1,324,-1,-1,-1,-1,,,,,
18333,3600638,-1,208,32,-1,-1,-1,-1,-1,-1,7,1,10,-1,-1,-1,-1,,,,,
18334,3600698,-1,149,4,-1,-1,-1,-1,-1,-1,7,1,18,-1,-1,-1,-1,,,,,
18336,3601097,-1,42,1,-1,-1,-1,-1,-1,-1,51,1,324,-1,-1,-1,-1,,,,,
18337,3601222,-1,369,1,-1,-1,-1,-1,-1,-1,51,1,324,-1,-1,-1,-1,,,,,
18338,3601840,-1,466,1,-1,-1,-1,-1,-1,-1,51,1,324,-1,-1,-1,-1,,,,,
18339,3602144,-1,26,32,-1,-1,-1,-1,-1,-1,7,1,10,-1,-1,-1,-1,,,,,
18340,3602196,-1,342,32,-1,-1,-1,-1,-1,-1,7,1,10,-1,-1,-1,-1,,,,,
18341,3602259,-1,278,4,-1,-1,-1,-1,-1,-1,7,1,18,-1,-1,-1,-1,,,,,
18342,3602316,-1,2769,2,-1,-1,-1,-1,-1,-1,38,2,71,-1,-1,-1,-1,,,,,
18343,3602320,-1,984,1,-1,-1,-1,-1,-1,-1,51,1,324,-1,-1,-1,-1,,,,,
18344,3602556,-1,129,32,-1,-1,-1,-1,-1,-1,7,1,10,-1,-1,-1,-1,,,,,
18345,3602622,-1,3849,1,-1,-1,-1,-1,-1,-1,15,1,12,-1,-1,-1,-1,,,,,
18346,3602654,-1,3818,1,-1,-1,-1,-1,-1,-1,15,1,9,-1,-1,-1,-1,,,,,
18347,3602695,-1,280,32,-1,-1,-1,-1,-1,-1,7,1,10,-1,-1,-1,-1,,,,,
18348,3602714,-1,1668,32,-1,-1,-1,-1,-1,-1,4,1,-1,-1,-1,-1,-1,,,,,
18349,3602994,-1,187,32,-1,-1,-1,-1,-1,-1,7,1,10,-1,-1,-1,-1,,,,,
18350,3603200,-1,6,32,-1,-1,-1,-1,-1,-1,7,1,10,-1,-1,-1,-1,,,,,
18351,3603221,-1,893,32,-1,-1,-1,-1,-1,-1,7,1,10,-1,-1,-1,-1,,,,,
18352,3603821,-1,2323,1,-1,-1,-1,-1,-1,-1,51,1,324,-1,-1,-1,-1,,,,,
18353,3604390,-1,22,1,-1,-1,-1,-1,-1,-1,4,1,4,-1,-1,-1,-1,,,,,
18354,3604463,-1,5,64,-1,-1,-1,-1,-1,-1,4,1,3,-1,-1,-1,-1,,,,,
18355,3604469,-1,11,1,-1,-1,-1,-1,-1,-1,4,1,4,-1,-1,-1,-1,,,,,
18356,3604568,-1,181,32,-1,-1,-1,-1,-1,-1,7,1,10,-1,-1,-1,-1,,,,,
18357,3605380,-1,6,64,-1,-1,-1,-1,-1,-1,4,1,3,-1,-1,-1,-1,,,,,
18358,3605387,-1,11,1,-1,-1,-1,-1,-1,-1,4,1,4,-1,-1,-1,-1,,,,,
18359,3605431,-1,14,1,-1,-1,-1,-1,-1,-1,4,1,4,-1,-1,-1,-1,,,,,
18360,3605543,-1,228,32,-1,-1,-1,-1,-1,-1,7,1,10,-1,-1,-1,-1,,,,,
18361,3605555,-1,3,32,-1,-1,-1,-1,-1,-1,4,1,3,-1,-1,-1,-1,,,,,
18362,3605560,-1,27,1,-1,-1,-1,-1,-1,-1,4,1,4,-1,-1,-1,-1,,,,,
18363,3605736,-1,54,32,-1,-1,-1,-1,-1,-1,4,1,-1,-1,-1,-1,-1,,,,,
18364,3605791,-1,679,32,-1,-1,-1,-1,-1,-1,4,1,-1,-1,-1,-1,-1,,,,,
18365,3606177,-1,293,1,-1,-1,-1,-1,-1,-1,51,1,324,-1,-1,-1,-1,,,,,
18366,3619287,-1,94,128,-1,-1,-1,-1,-1,-1,14,2,11,-1,-1,-1,-1,,,,,
18367,3619930,-1,32474,64,-1,-1,-1,-1,-1,-1,4,1,3,-1,-1,-1,-1,,,,,
18368,3627272,-1,22,1,-1,-1,-1,-1,-1,-1,12,2,1,-1,-1,-1,-1,,,,,
18638,3652406,-1,18,1,-1,-1,-1,-1,-1,-1,4,1,4,-1,-1,-1,-1,,,,,
18640,3652483,-1,21,1,-1,-1,-1,-1,-1,-1,4,1,4,-1,-1,-1,-1,,,,,
18646,3653007,-1,1652,64,-1,-1,-1,-1,-1,-1,4,1,3,-1,-1,-1,-1,,,,,
18664,3654185,-1,15,1,-1,-1,-1,-1,-1,-1,12,2,1,-1,-1,-1,-1,,,,,
18665,3654237,-1,165,64,-1,-1,-1,-1,-1,-1,12,2,14,-1,-1,-1,-1,,,,,
18671,3654729,-1,1172,64,-1,-1,-1,-1,-1,-1,4,1,3,-1,-1,-1,-1,,,,,
18689,3655951,-1,1289,64,-1,-1,-1,-1,-1,-1,4,1,3,-1,-1,-1,-1,,,,,
18707,3657385,-1,358,64,-1,-1,-1,-1,-1,-1,4,1,3,-1,-1,-1,-1,,,,,
18711,3657769,-1,4946,64,-1,-1,-1,-1,-1,-1,4,1,3,-1,-1,-1,-1,,,,,
18725,3662845,-1,1145,64,-1,-1,-1,-1,-1,-1,4,1,3,-1,-1,-1,-1,,,,,
18728,3663849,-1,31,1,-1,-1,-1,-1,-1,-1,15,1,12,-1,-1,-1,-1,,,,,
18729,3663886,-1,25,1,-1,-1,-1,-1,-1,-1,15,1,12,-1,-1,-1,-1,,,,,
18730,3663915,-1,673,4,-1,-1,-1,-1,-1,-1,15,1,19,-1,-1,-1,-1,,,,,
18731,3663937,-1,651,2,-1,-1,-1,-1,-1,-1,15,1,20,-1,-1,-1,-1,,,,,
18733,3664056,-1,1338,64,-1,-1,-1,-1,-1,-1,4,1,3,-1,-1,-1,-1,,,,,
18735,3664646,-1,226,4,-1,-1,-1,-1,-1,-1,15,1,19,-1,-1,-1,-1,,,,,
18736,3664668,-1,205,2,-1,-1,-1,-1,-1,-1,15,1,20,-1,-1,-1,-1,,,,,
18737,3664908,-1,294,1,-1,-1,-1,-1,-1,-1,55,1,347,-1,-1,-1,-1,,,,,
18738,3664915,-1,40,1,-1,-1,-1,-1,-1,-1,15,1,12,-1,-1,-1,-1,,,,,
18739,3664976,-1,219,32,-1,-1,-1,-1,-1,-1,7,1,10,-1,-1,-1,-1,,,,,
18741,3665041,-1,157,4,-1,-1,-1,-1,-1,-1,7,1,18,-1,-1,-1,-1,,,,,
18742,3665060,-1,39,1,-1,-1,-1,-1,-1,-1,15,1,12,-1,-1,-1,-1,,,,,
18743,3665106,-1,3895,4,-1,-1,-1,-1,-1,-1,15,1,19,-1,-1,-1,-1,,,,,
18744,3665107,-1,18,1,-1,-1,-1,-1,-1,-1,9,2,9,-1,-1,-1,-1,,,,,
18745,3665131,-1,3869,2,-1,-1,-1,-1,-1,-1,15,1,20,-1,-1,-1,-1,,,,,
18747,3665365,-1,5,32,-1,-1,-1,-1,-1,-1,7,1,10,-1,-1,-1,-1,,,,,
18748,3665379,-1,18650,32,-1,-1,-1,-1,-1,-1,7,1,10,-1,-1,-1,-1,,,,,
18749,3665400,-1,34,1,-1,-1,-1,-1,-1,-1,4,1,4,-1,-1,-1,-1,,,,,
18750,3665448,-1,18881,4,-1,-1,-1,-1,-1,-1,7,1,18,-1,-1,-1,-1,,,,,
18754,3666108,-1,728,64,-1,-1,-1,-1,-1,-1,4,1,3,-1,-1,-1,-1,,,,,
18757,3666885,-1,385,64,-1,-1,-1,-1,-1,-1,4,1,3,-1,-1,-1,-1,,,,,
18761,3667338,-1,2478,64,-1,-1,-1,-1,-1,-1,4,1,3,-1,-1,-1,-1,,,,,
18766,3669030,-1,40,2,-1,-1,-1,-1,-1,-1,55,1,347,-1,-1,-1,-1,,,,,
18767,3669090,-1,203,2,-1,-1,-1,-1,-1,-1,55,1,347,-1,-1,-1,-1,,,,,
18770,3669733,-1,212,2,-1,-1,-1,-1,-1,-1,55,1,347,-1,-1,-1,-1,,,,,
18771,3669819,-1,23,1,-1,-1,-1,-1,-1,-1,4,1,4,-1,-1,-1,-1,,,,,
18772,3670110,-1,487,64,-1,-1,-1,-1,-1,-1,4,1,3,-1,-1,-1,-1,,,,,
18774,3670222,-1,2790,4,-1,-1,-1,-1,-1,-1,15,1,19,-1,-1,-1,-1,,,,,
18775,3670244,-1,2769,2,-1,-1,-1,-1,-1,-1,15,1,20,-1,-1,-1,-1,,,,,
18777,3670652,-1,328,64,-1,-1,-1,-1,-1,-1,4,1,3,-1,-1,-1,-1,,,,,
18778,3670939,-1,36,2,-1,-1,-1,-1,-1,-1,55,1,71,-1,-1,-1,-1,,,,,
18780,3671043,-1,2545,64,-1,-1,-1,-1,-1,-1,4,1,3,-1,-1,-1,-1,,,,,
18781,3671088,-1,59,2,-1,-1,-1,-1,-1,-1,55,1,71,-1,-1,-1,-1,,,,,
18785,3671541,-1,21,2,-1,-1,-1,-1,-1,-1,55,1,71,-1,-1,-1,-1,,,,,
18786,3671578,-1,21,2,-1,-1,-1,-1,-1,-1,55,1,71,-1,-1,-1,-1,,,,,
18787,3671638,-1,21,2,-1,-1,-1,-1,-1,-1,55,1,71,-1,-1,-1,-1,,,,,
18788,3671677,-1,29,2,-1,-1,-1,-1,-1,-1,55,1,71,-1,-1,-1,-1,,,,,
18790,3671991,-1,113,2,-1,-1,-1,-1,-1,-1,55,1,71,-1,-1,-1,-1,,,,,
18791,3672148,-1,35,2,-1,-1,-1,-1,-1,-1,55,1,71,-1,-1,-1,-1,,,,,
18792,3672345,-1,52,2,-1,-1,-1,-1,-1,-1,55,1,71,-1,-1,-1,-1,,,,,
18793,3672472,-1,43,2,-1,-1,-1,-1,-1,-1,55,1,71,-1,-1,-1,-1,,,,,
18794,3672606,-1,41,2,-1,-1,-1,-1,-1,-1,55,1,71,-1,-1,-1,-1,,,,,
18795,3672701,-1,21,2,-1,-1,-1,-1,-1,-1,55,1,71,-1,-1,-1,-1,,,,,
18796,3673066,-1,102,4,-1,-1,-1,-1,-1,-1,15,1,19,-1,-1,-1,-1,,,,,
18797,3673087,-1,80,2,-1,-1,-1,-1,-1,-1,15,1,20,-1,-1,-1,-1,,,,,
18799,3673592,-1,15,1,-1,-1,-1,-1,-1,-1,4,1,4,-1,-1,-1,-1,,,,,
18802,3674441,-1,1408,64,-1,-1,-1,-1,-1,-1,4,1,3,-1,-1,-1,-1,,,,,
18804,3674561,-1,144,16,-1,-1,-1,-1,-1,-1,11,1,11,-1,-1,-1,-1,,,,,
18805,3674662,-1,4,1,-1,-1,-1,-1,-1,-1,2,1,9,-1,-1,-1,-1,,,,,
18806,3674716,-1,11617,16,-1,-1,-1,-1,-1,-1,11,1,11,-1,-1,-1,-1,,,,,
18812,3675851,-1,14,1,-1,-1,-1,-1,-1,-1,4,1,4,-1,-1,-1,-1,,,,,
18813,3675913,-1,945,64,-1,-1,-1,-1,-1,-1,4,1,3,-1,-1,-1,-1,,,,,
18817,3677050,-1,7741,64,-1,-1,-1,-1,-1,-1,4,1,3,-1,-1,-1,-1,,,,,
18819,3677326,-1,49,1,-1,-1,-1,-1,-1,-1,51,1,324,-1,-1,-1,-1,,,,,
18830,3680962,-1,122,8,-1,-1,-1,-1,-1,-1,37,1,297,-1,-1,-1,-1,,,,,
18833,3681158,-1,107,8,-1,-1,-1,-1,-1,-1,37,1,297,-1,-1,-1,-1,,,,,
18835,3681312,-1,21,1,-1,-1,-1,-1,-1,-1,4,1,4,-1,-1,-1,-1,,,,,
18836,3681415,-1,70,4,-1,-1,-1,-1,-1,-1,37,1,297,-1,-1,-1,-1,,,,,
18839,3681886,-1,3,1,-1,-1,-1,-1,-1,-1,12,2,1,-1,-1,-1,-1,,,,,
18840,3681923,-1,19,1,-1,-1,-1,-1,-1,-1,12,2,1,-1,-1,-1,-1,,,,,
18842,3682004,-1,23,1,-1,-1,-1,-1,-1,-1,12,2,1,-1,-1,-1,-1,,,,,
18843,3682088,-1,159,1,-1,-1,-1,-1,-1,-1,12,2,1,-1,-1,-1,-1,,,,,
18844,3682189,-1,82,2,-1,-1,-1,-1,-1,-1,55,1,347,-1,-1,-1,-1,,,,,
18847,3682429,-1,89,2,-1,-1,-1,-1,-1,-1,55,1,347,-1,-1,-1,-1,,,,,
18848,3682452,-1,56,4,-1,-1,-1,-1,-1,-1,37,1,297,-1,-1,-1,-1,,,,,
18849,3682532,-1,217,4,-1,-1,-1,-1,-1,-1,37,1,297,-1,-1,-1,-1,,,,,
18852,3682761,-1,43,4,-1,-1,-1,-1,-1,-1,37,1,297,-1,-1,-1,-1,,,,,
18853,3682774,-1,205,2,-1,-1,-1,-1,-1,-1,55,1,347,-1,-1,-1,-1,,,,,
18854,3682811,-1,133,4,-1,-1,-1,-1,-1,-1,37,1,297,-1,-1,-1,-1,,,,,
18856,3682888,-1,19,1,-1,-1,-1,-1,-1,-1,12,2,1,-1,-1,-1,-1,,,,,
18857,3683122,-1,38,4,-1,-1,-1,-1,-1,-1,37,1,297,-1,-1,-1,-1,,,,,
18858,3683222,-1,49,4,-1,-1,-1,-1,-1,-1,37,1,297,-1,-1,-1,-1,,,,,
18859,3683897,-1,137,2,-1,-1,-1,-1,-1,-1,55,1,347,-1,-1,-1,-1,,,,,
18860,3684036,-1,46,32,-1,-1,-1,-1,-1,-1,1,1,356,-1,-1,-1,-1,,,,,
18861,3684086,-1,188,32,-1,-1,-1,-1,-1,-1,1,1,356,-1,-1,-1,-1,,,,,
18862,3684131,-1,115,2,-1,-1,-1,-1,-1,-1,55,1,347,-1,-1,-1,-1,,,,,
18863,3684266,-1,60,4,-1,-1,-1,-1,-1,-1,37,1,297,-1,-1,-1,-1,,,,,
18864,3684279,-1,138,32,-1,-1,-1,-1,-1,-1,1,1,356,-1,-1,-1,-1,,,,,
18865,3684338,-1,120,2,-1,-1,-1,-1,-1,-1,55,1,347,-1,-1,-1,-1,,,,,
18866,3684423,-1,124,32,-1,-1,-1,-1,-1,-1,1,1,356,-1,-1,-1,-1,,,,,
18867,3684552,-1,186,2,-1,-1,-1,-1,-1,-1,55,1,347,-1,-1,-1,-1,,,,,
18868,3684591,-1,314,32,-1,-1,-1,-1,-1,-1,1,1,355,-1,-1,-1,-1,,,,,
18869,3684772,-1,239,2,-1,-1,-1,-1,-1,-1,55,1,347,-1,-1,-1,-1,,,,,
18870,3684802,-1,65,1,-1,-1,-1,-1,-1,-1,4,1,4,-1,-1,-1,-1,,,,,
18871,3684817,-1,5545,32,-1,-1,-1,-1,-1,-1,24,1,101,-1,-1,-1,-1,,,,,
18872,3684870,-1,5497,8,-1,-1,-1,-1,-1,-1,24,1,101,-1,-1,-1,-1,,,,,
18873,3684943,-1,189,32,-1,-1,-1,-1,-1,-1,7,1,10,-1,-1,-1,-1,,,,,
18874,3685004,-1,129,4,-1,-1,-1,-1,-1,-1,7,1,18,-1,-1,-1,-1,,,,,
18875,3685178,-1,37,4,-1,-1,-1,-1,-1,-1,37,1,297,-1,-1,-1,-1,,,,,
18876,3685221,-1,11928,32,-1,-1,-1,-1,-1,-1,7,1,10,-1,-1,-1,-1,,,,,
18877,3685285,-1,12164,4,-1,-1,-1,-1,-1,-1,7,1,18,-1,-1,-1,-1,,,,,
18879,3685845,-1,20,32,-1,-1,-1,-1,-1,-1,13,1,274,-1,-1,-1,-1,,,,,
18880,3686047,-1,56,4,-1,-1,-1,-1,-1,-1,37,1,297,-1,-1,-1,-1,,,,,
18881,3686302,-1,125,32,-1,-1,-1,-1,-1,-1,13,1,274,-1,-1,-1,-1,,,,,
18892,3689764,-1,65,32,-1,-1,-1,-1,-1,-1,56,1,348,-1,-1,-1,-1,,,,,
18893,3690158,-1,28,4,-1,-1,-1,-1,-1,-1,37,1,297,-1,-1,-1,-1,,,,,
18894,3690273,-1,171,4,-1,-1,-1,-1,-1,-1,37,1,297,-1,-1,-1,-1,,,,,
18895,3690457,-1,30,4,-1,-1,-1,-1,-1,-1,37,1,297,-1,-1,-1,-1,,,,,
18896,3690515,-1,27,4,-1,-1,-1,-1,-1,-1,37,1,297,-1,-1,-1,-1,,,,,
18897,3690569,-1,27,4,-1,-1,-1,-1,-1,-1,37,1,297,-1,-1,-1,-1,,,,,
18898,3690627,-1,49,1,-1,-1,-1,-1,-1,-1,37,1,1,-1,-1,-1,-1,,,,,
18899,3690695,-1,16,1,-1,-1,-1,-1,-1,-1,37,1,1,-1,-1,-1,-1,,,,,
18900,3690742,-1,143,1,-1,-1,-1,-1,-1,-1,37,1,1,-1,-1,-1,-1,,,,,
18901,3690795,-1,30,1,-1,-1,-1,-1,-1,-1,37,1,140,-1,-1,-1,-1,,,,,
18902,3690855,-1,4,1,-1,-1,-1,-1,-1,-1,12,2,1,-1,-1,-1,-1,,,,,
18903,3690922,-1,3,1,-1,-1,-1,-1,-1,-1,12,2,1,-1,-1,-1,-1,,,,,
18904,3690984,-1,196,1,-1,-1,-1,-1,-1,-1,37,1,1,-1,-1,-1,-1,,,,,
18905,3691036,-1,28,1,-1,-1,-1,-1,-1,-1,12,2,1,-1,-1,-1,-1,,,,,
18906,3691091,-1,19,1,-1,-1,-1,-1,-1,-1,12,2,1,-1,-1,-1,-1,,,,,
18907,3691108,-1,75,1,-1,-1,-1,-1,-1,-1,40,2,1,-1,-1,-1,-1,,,,,
18908,3691204,-1,219,32,-1,-1,-1,-1,-1,-1,12,2,14,-1,-1,-1,-1,,,,,
18909,3691310,-1,185,1,-1,-1,-1,-1,-1,-1,37,1,1,-1,-1,-1,-1,,,,,
18910,3691596,-1,16,1,-1,-1,-1,-1,-1,-1,37,1,1,-1,-1,-1,-1,,,,,
18911,3691654,-1,17,1,-1,-1,-1,-1,-1,-1,37,1,1,-1,-1,-1,-1,,,,,
18912,3691763,-1,101,4,-1,-1,-1,-1,-1,-1,37,1,297,-1,-1,-1,-1,,,,,
18913,3691817,-1,45,1,-1,-1,-1,-1,-1,-1,37,1,1,-1,-1,-1,-1,,,,,
18914,3692317,-1,5071,32,-1,-1,-1,-1,-1,-1,24,1,101,-1,-1,-1,-1,,,,,
18915,3692351,-1,5038,8,-1,-1,-1,-1,-1,-1,24,1,101,-1,-1,-1,-1,,,,,
18916,3692360,-1,21,1,-1,-1,-1,-1,-1,-1,12,2,1,-1,-1,-1,-1,,,,,
18917,3692414,-1,21,1,-1,-1,-1,-1,-1,-1,12,2,1,-1,-1,-1,-1,,,,,
18918,3692443,-1,244,1,-1,-1,-1,-1,-1,-1,12,2,11,-1,-1,-1,-1,,,,,
18919,3692880,-1,139,1,-1,-1,-1,-1,-1,-1,12,2,1,-1,-1,-1,-1,,,,,
18920,3692970,-1,17,4,-1,-1,-1,-1,-1,-1,37,1,297,-1,-1,-1,-1,,,,,
18921,3693012,-1,64,4,-1,-1,-1,-1,-1,-1,37,1,297,-1,-1,-1,-1,,,,,
18922,3693042,-1,21,1,-1,-1,-1,-1,-1,-1,12,2,1,-1,-1,-1,-1,,,,,
18923,3696983,-1,25,1,-1,-1,-1,-1,-1,-1,4,1,4,-1,-1,-1,-1,,,,,
18924,3697057,-1,51,32,-1,-1,-1,-1,-1,-1,56,1,348,-1,-1,-1,-1,,,,,
18925,3697194,-1,1424,64,-1,-1,-1,-1,-1,-1,4,1,3,-1,-1,-1,-1,,,,,
18926,3697395,-1,39,32,-1,-1,-1,-1,-1,-1,56,1,-1,-1,-1,-1,-1,,,,,
18927,3697451,-1,6956,32,-1,-1,-1,-1,-1,-1,7,1,10,-1,-1,-1,-1,,,,,
18928,3697519,-1,7188,4,-1,-1,-1,-1,-1,-1,7,1,18,-1,-1,-1,-1,,,,,
18929,3697524,-1,17,1,-1,-1,-1,-1,-1,-1,9,2,9,-1,-1,-1,-1,,,,,
18930,3698625,-1,1323,32,-1,-1,-1,-1,-1,-1,56,1,-1,-1,-1,-1,-1,,,,,
18931,3698626,-1,24,1,-1,-1,-1,-1,-1,-1,4,1,4,-1,-1,-1,-1,,,,,
18932,3699865,-1,1,32,-1,-1,-1,-1,-1,-1,1,1,355,-1,-1,-1,-1,,,,,
18933,3699878,-1,125,32,-1,-1,-1,-1,-1,-1,1,1,356,-1,-1,-1,-1,,,,,
18934,3700005,-1,95,32,-1,-1,-1,-1,-1,-1,1,1,356,-1,-1,-1,-1,,,,,
18935,3700102,-1,88,32,-1,-1,-1,-1,-1,-1,1,1,356,-1,-1,-1,-1,,,,,
18936,3704406,-1,10924,32,-1,-1,-1,-1,-1,-1,28,1,-1,-1,-1,-1,-1,,,,,
18937,3704709,-1,5080,32,-1,-1,-1,-1,-1,-1,7,1,10,-1,-1,-1,-1,,,,,
18938,3704765,-1,21,4,-1,-1,-1,-1,-1,-1,7,1,18,-1,-1,-1,-1,,,,,
18939,3704792,-1,9604,64,-1,-1,-1,-1,-1,-1,4,1,-1,-1,-1,-1,-1,,,,,
18940,3709794,-1,60,32,-1,-1,-1,-1,-1,-1,1,1,-1,-1,-1,-1,-1,,,,,
18941,3709890,-1,66,32,-1,-1,-1,-1,-1,-1,7,1,10,-1,-1,-1,-1,,,,,
18942,3710257,-1,60,32,-1,-1,-1,-1,-1,-1,7,1,10,-1,-1,-1,-1,,,,,
18943,3710618,-1,58,32,-1,-1,-1,-1,-1,-1,7,1,10,-1,-1,-1,-1,,,,,
18944,3710977,-1,66,32,-1,-1,-1,-1,-1,-1,7,1,10,-1,-1,-1,-1,,,,,
18945,3711345,-1,58,32,-1,-1,-1,-1,-1,-1,7,1,10,-1,-1,-1,-1,,,,,
18946,3711706,-1,60,32,-1,-1,-1,-1,-1,-1,7,1,10,-1,-1,-1,-1,,,,,
18947,3712067,-1,66,32,-1,-1,-1,-1,-1,-1,7,1,10,-1,-1,-1,-1,,,,,
18948,3712435,-1,63,32,-1,-1,-1,-1,-1,-1,7,1,10,-1,-1,-1,-1,,,,,
18949,3712800,-1,61,32,-1,-1,-1,-1,-1,-1,7,1,10,-1,-1,-1,-1,,,,,
18950,3713163,-1,61,32,-1,-1,-1,-1,-1,-1,7,1,10,-1,-1,-1,-1,,,,,
18951,3713525,-1,62,32,-1,-1,-1,-1,-1,-1,7,1,10,-1,-1,-1,-1,,,,,
18952,3713822,-1,4,1,-1,-1,-1,-1,-1,-1,12,2,1,-1,-1,-1,-1,,,,,
18953,3713835,-1,214,32,-1,-1,-1,-1,-1,-1,12,2,14,-1,-1,-1,-1,,,,,
18954,3714193,-1,65,32,-1,-1,-1,-1,-1,-1,7,1,10,-1,-1,-1,-1,,,,,
18955,3714559,-1,781,32,-1,-1,-1,-1,-1,-1,7,1,10,-1,-1,-1,-1,,,,,
18956,3714624,-1,713,4,-1,-1,-1,-1,-1,-1,7,1,18,-1,-1,-1,-1,,,,,
18957,3715361,-1,10929,128,-1,-1,-1,-1,-1,-1,17,1,-1,-1,-1,-1,-1,,,,,
18958,3726295,-1,10943,128,-1,-1,-1,-1,-1,-1,17,1,-1,-1,-1,-1,-1,,,,,
18959,3737245,-1,3487,128,-1,-1,-1,-1,-1,-1,1,1,-1,-1,-1,-1,-1,,,,,
18961,3741009,-1,19164,32,-1,-1,-1,-1,-1,-1,7,1,10,-1,-1,-1,-1,,,,,
18962,3741068,-1,19105,4,-1,-1,-1,-1,-1,-1,7,1,18,-1,-1,-1,-1,,,,,
18982,3749811,-1,163,64,-1,-1,-1,-1,-1,-1,12,2,14,-1,-1,-1,-1,,,,,
18983,3749849,-1,22,1,-1,-1,-1,-1,-1,-1,4,1,4,-1,-1,-1,-1,,,,,
18985,3750140,-1,11893,64,-1,-1,-1,-1,-1,-1,4,1,3,-1,-1,-1,-1,,,,,
18993,3751501,-1,15,1,-1,-1,-1,-1,-1,-1,9,2,9,-1,-1,-1,-1,,,,,
18994,3751869,-1,2583,2,-1,-1,-1,-1,-1,-1,38,2,71,-1,-1,-1,-1,,,,,
19036,3759211,-1,51,8,-1,-1,-1,-1,-1,-1,11,1,11,-1,-1,-1,-1,,,,,
19037,3759270,-1,48,8,-1,-1,-1,-1,-1,-1,11,1,11,-1,-1,-1,-1,,,,,
19042,3759556,-1,88,8,-1,-1,-1,-1,-1,-1,11,1,11,-1,-1,-1,-1,,,,,
19043,3759690,-1,180,1,-1,-1,-1,-1,-1,-1,11,1,11,-1,-1,-1,-1,,,,,
19050,3760348,-1,7924,32,-1,-1,-1,-1,-1,-1,7,1,10,-1,-1,-1,-1,,,,,
19051,3760411,-1,7862,4,-1,-1,-1,-1,-1,-1,7,1,18,-1,-1,-1,-1,,,,,
19064,3762038,-1,16,1,-1,-1,-1,-1,-1,-1,4,1,4,-1,-1,-1,-1,,,,,
19109,3768583,-1,31807,32,-1,-1,-1,-1,-1,-1,7,1,10,-1,-1,-1,-1,,,,,
19110,3768646,-1,31747,4,-1,-1,-1,-1,-1,-1,7,1,18,-1,-1,-1,-1,,,,,
19152,3774019,-1,11,1,-1,-1,-1,-1,-1,-1,4,1,2,-1,-1,-1,-1,,,,,
19153,3774142,-1,11887,64,-1,-1,-1,-1,-1,-1,4,1,3,-1,-1,-1,-1,,,,,
19168,3779223,-1,18,1,-1,-1,-1,-1,-1,-1,12,2,1,-1,-1,-1,-1,,,,,
19186,3783900,-1,24,1,-1,-1,-1,-1,-1,-1,9,2,9,-1,-1,-1,-1,,,,,
19196,3786031,-1,14,1,-1,-1,-1,-1,-1,-1,4,1,4,-1,-1,-1,-1,,,,,
19200,3786617,-1,10,1,-1,-1,-1,-1,-1,-1,4,1,2,-1,-1,-1,-1,,,,,
19209,3789354,-1,98,32,-1,-1,-1,-1,-1,-1,1,1,355,-1,-1,-1,-1,,,,,
19217,3790807,-1,9577,64,-1,-1,-1,-1,-1,-1,4,1,-1,-1,-1,-1,-1,,,,,
19234,3795201,-1,14,1,-1,-1,-1,-1,-1,-1,12,2,1,-1,-1,-1,-1,,,,,
19237,3796195,-1,29,1,-1,-1,-1,-1,-1,-1,4,1,2,-1,-1,-1,-1,,,,,
19238,3796254,-1,15,1,-1,-1,-1,-1,-1,-1,4,1,2,-1,-1,-1,-1,,,,,
19256,3800399,-1,9719,128,-1,-1,-1,-1,-1,-1,2,1,-1,-1,-1,-1,-1,,,,,
19257,3810121,-1,3727,128,-1,-1,-1,-1,-1,-1,17,1,-1,-1,-1,-1,-1,,,,,
19258,3813855,-1,3460,128,-1,-1,-1,-1,-1,-1,1,1,-1,-1,-1,-1,-1,,,,,
19291,3826801,-1,9711,128,-1,-1,-1,-1,-1,-1,2,1,-1,-1,-1,-1,-1,,,,,
19293,3837186,-1,12282,64,-1,-1,-1,-1,-1,-1,4,1,3,-1,-1,-1,-1,,,,,
19294,3837263,-1,18,1,-1,-1,-1,-1,-1,-1,4,1,2,-1,-1,-1,-1,,,,,
19297,3837900,-1,15,1,-1,-1,-1,-1,-1,-1,9,2,9,-1,-1,-1,-1,,,,,
19303,3839593,-1,15,1,-1,-1,-1,-1,-1,-1,12,2,1,-1,-1,-1,-1,,,,,
19341,3850455,-1,11723,64,-1,-1,-1,-1,-1,-1,4,1,3,-1,-1,-1,-1,,,,,
19371,3858620,-1,13160,64,-1,-1,-1,-1,-1,-1,13,1,274,-1,-1,-1,-1,,,,,
19372,3862180,-1,15,1,-1,-1,-1,-1,-1,-1,4,1,4,-1,-1,-1,-1,,,,,
19373,3864294,-1,266,32,-1,-1,-1,-1,-1,-1,1,1,357,-1,-1,-1,-1,,,,,
19374,3867765,-1,1327,32,-1,-1,-1,-1,-1,-1,7,1,10,-1,-1,-1,-1,,,,,
19375,3869123,-1,8085,32,-1,-1,-1,-1,-1,-1,7,1,10,-1,-1,-1,-1,,,,,
19376,3869188,-1,8023,4,-1,-1,-1,-1,-1,-1,7,1,18,-1,-1,-1,-1,,,,,
19377,3870301,-1,12,1,-1,-1,-1,-1,-1,-1,9,2,9,-1,-1,-1,-1,,,,,
19378,3870552,-1,26,1,-1,-1,-1,-1,-1,-1,12,2,1,-1,-1,-1,-1,,,,,
19379,3872045,-1,136,64,-1,-1,-1,-1,-1,-1,13,1,274,-1,-1,-1,-1,,,,,
19380,3872190,-1,222,64,-1,-1,-1,-1,-1,-1,13,1,274,-1,-1,-1,-1,,,,,
19381,3873034,-1,161,32,-1,-1,-1,-1,-1,-1,56,1,348,-1,-1,-1,-1,,,,,
19382,3874641,-1,151,32,-1,-1,-1,-1,-1,-1,56,1,348,-1,-1,-1,-1,,,,,
19383,3875574,-1,153,32,-1,-1,-1,-1,-1,-1,56,1,348,-1,-1,-1,-1,,,,,
19384,3875946,-1,154,32,-1,-1,-1,-1,-1,-1,56,1,348,-1,-1,-1,-1,,,,,
19385,3876378,-1,161,32,-1,-1,-1,-1,-1,-1,56,1,348,-1,-1,-1,-1,,,,,
19386,3876942,-1,154,32,-1,-1,-1,-1,-1,-1,56,1,348,-1,-1,-1,-1,,,,,
19387,3877186,-1,32,64,-1,-1,-1,-1,-1,-1,56,1,348,-1,-1,-1,-1,,,,,
19388,3877225,-1,9720,128,-1,-1,-1,-1,-1,-1,2,1,-1,-1,-1,-1,-1,,,,,
19389,3886949,-1,9563,128,-1,-1,-1,-1,-1,-1,2,1,-1,-1,-1,-1,-1,,,,,
19390,3896516,-1,9564,128,-1,-1,-1,-1,-1,-1,2,1,-1,-1,-1,-1,-1,,,,,
19417,3913612,-1,66,8,-1,-1,-1,-1,-1,-1,28,1,67,-1,-1,-1,-1,,,,,
19430,3917412,-1,97,128,-1,-1,-1,-1,-1,-1,12,2,14,-1,-1,-1,-1,,,,,
19431,3917542,-1,16,1,-1,-1,-1,-1,-1,-1,12,2,1,-1,-1,-1,-1,,,,,
19437,3921149,-1,20,8,-1,-1,-1,-1,-1,-1,28,1,54,-1,-1,-1,-1,,,,,
19438,3921184,-1,49,8,-1,-1,-1,-1,-1,-1,28,1,67,-1,-1,-1,-1,,,,,
19439,3921653,-1,48,8,-1,-1,-1,-1,-1,-1,28,1,67,-1,-1,-1,-1,,,,,
19440,3921936,-1,33,32,-1,-1,-1,-1,-1,-1,28,1,77,-1,-1,-1,-1,,,,,
19441,3921991,-1,106,16,-1,-1,-1,-1,-1,-1,28,1,77,-1,-1,-1,-1,,,,,
19442,3922234,-1,47,16,-1,-1,-1,-1,-1,-1,28,1,77,-1,-1,-1,-1,,,,,
19443,3922406,-1,48,8,-1,-1,-1,-1,-1,-1,28,1,54,-1,-1,-1,-1,,,,,
19444,3922583,-1,42,16,-1,-1,-1,-1,-1,-1,28,1,77,-1,-1,-1,-1,,,,,
19445,3923028,-1,54,16,-1,-1,-1,-1,-1,-1,28,1,77,-1,-1,-1,-1,,,,,
19446,3923446,-1,18,1,-1,-1,-1,-1,-1,-1,4,1,2,-1,-1,-1,-1,,,,,
19447,3923575,-1,2027,64,-1,-1,-1,-1,-1,-1,4,1,3,-1,-1,-1,-1,,,,,
19448,3924175,-1,23,2,-1,-1,-1,-1,-1,-1,55,1,347,-1,-1,-1,-1,,,,,
19449,3924265,-1,126,2,-1,-1,-1,-1,-1,-1,55,1,347,-1,-1,-1,-1,,,,,
19450,3924307,-1,15,1,-1,-1,-1,-1,-1,-1,9,2,9,-1,-1,-1,-1,,,,,
19451,3924795,-1,50,4,-1,-1,-1,-1,-1,-1,37,1,297,-1,-1,-1,-1,,,,,
19452,3924926,-1,261,4,-1,-1,-1,-1,-1,-1,37,1,297,-1,-1,-1,-1,,,,,
19453,3925192,-1,2,32,-1,-1,-1,-1,-1,-1,7,1,10,-1,-1,-1,-1,,,,,
19454,3925274,-1,16347,32,-1,-1,-1,-1,-1,-1,7,1,10,-1,-1,-1,-1,,,,,
19455,3925342,-1,16580,4,-1,-1,-1,-1,-1,-1,7,1,18,-1,-1,-1,-1,,,,,
19456,3925362,-1,146,16,-1,-1,-1,-1,-1,-1,13,1,274,-1,-1,-1,-1,,,,,
19457,3925630,-1,11640,64,-1,-1,-1,-1,-1,-1,4,1,3,-1,-1,-1,-1,,,,,
19458,3925768,-1,28,4,-1,-1,-1,-1,-1,-1,37,1,297,-1,-1,-1,-1,,,,,
19459,3925824,-1,1,4,-1,-1,-1,-1,-1,-1,37,1,297,-1,-1,-1,-1,,,,,
19460,3926144,-1,177,16,-1,-1,-1,-1,-1,-1,13,1,274,-1,-1,-1,-1,,,,,
19461,3926176,-1,52,1,-1,-1,-1,-1,-1,-1,46,1,292,-1,-1,-1,-1,,,,,
19462,3926383,-1,61,4,-1,-1,-1,-1,-1,-1,37,1,297,-1,-1,-1,-1,,,,,
19463,3926449,-1,253,16,-1,-1,-1,-1,-1,-1,13,1,274,-1,-1,-1,-1,,,,,
19464,3926629,-1,63,4,-1,-1,-1,-1,-1,-1,37,1,297,-1,-1,-1,-1,,,,,
19466,3927083,-1,96,16,-1,-1,-1,-1,-1,-1,13,1,274,-1,-1,-1,-1,,,,,
19467,3927279,-1,94,16,-1,-1,-1,-1,-1,-1,13,1,274,-1,-1,-1,-1,,,,,
19469,3927431,-1,52,1,-1,-1,-1,-1,-1,-1,46,1,284,-1,-1,-1,-1,,,,,
19470,3927534,-1,2,1,-1,-1,-1,-1,-1,-1,12,2,1,-1,-1,-1,-1,,,,,
19471,3927566,-1,30,1,-1,-1,-1,-1,-1,-1,12,2,1,-1,-1,-1,-1,,,,,
19473,3927975,-1,55,4,-1,-1,-1,-1,-1,-1,37,1,297,-1,-1,-1,-1,,,,,
19478,3928524,-1,31,1,-1,-1,-1,-1,-1,-1,46,1,359,-1,-1,-1,-1,,,,,
19479,3928697,-1,53,1,-1,-1,-1,-1,-1,-1,12,2,1,-1,-1,-1,-1,,,,,
19480,3928701,-1,104,4,-1,-1,-1,-1,-1,-1,37,1,297,-1,-1,-1,-1,,,,,
19481,3928714,-1,77,1,-1,-1,-1,-1,-1,-1,44,1,253,-1,-1,-1,-1,,,,,
19482,3928736,-1,275,2,-1,-1,-1,-1,-1,-1,55,1,347,-1,-1,-1,-1,,,,,
19484,3928901,-1,70,4,-1,-1,-1,-1,-1,-1,37,1,297,-1,-1,-1,-1,,,,,
19485,3929189,-1,163,2,-1,-1,-1,-1,-1,-1,55,1,347,-1,-1,-1,-1,,,,,
19486,3929303,-1,286,4,-1,-1,-1,-1,-1,-1,11,1,11,-1,-1,-1,-1,,,,,
19488,3929582,-1,80,4,-1,-1,-1,-1,-1,-1,40,2,297,-1,-1,-1,-1,,,,,
19489,3929640,-1,288,2,-1,-1,-1,-1,-1,-1,55,1,347,-1,-1,-1,-1,,,,,
19490,3929690,-1,136,4,-1,-1,-1,-1,-1,-1,11,1,11,-1,-1,-1,-1,,,,,
19493,3929852,-1,420,4,-1,-1,-1,-1,-1,-1,11,1,11,-1,-1,-1,-1,,,,,
19494,3929875,-1,906,1,-1,-1,-1,-1,-1,-1,44,1,254,-1,-1,-1,-1,,,,,
19497,3930085,-1,13,2,-1,-1,-1,-1,-1,-1,55,1,347,-1,-1,-1,-1,,,,,
19498,3930209,-1,29,1,-1,-1,-1,-1,-1,-1,44,1,326,-1,-1,-1,-1,,,,,
19499,3930229,-1,23,1,-1,-1,-1,-1,-1,-1,46,1,284,-1,-1,-1,-1,,,,,
19500,3930275,-1,16,4,-1,-1,-1,-1,-1,-1,40,2,297,-1,-1,-1,-1,,,,,
19501,3930293,-1,165,4,-1,-1,-1,-1,-1,-1,11,1,11,-1,-1,-1,-1,,,,,
19502,3930306,-1,1112,1,-1,-1,-1,-1,-1,-1,44,1,326,-1,-1,-1,-1,,,,,
19503,3930332,-1,101,4,-1,-1,-1,-1,-1,-1,40,2,297,-1,-1,-1,-1,,,,,
19505,3930519,-1,83,4,-1,-1,-1,-1,-1,-1,40,2,297,-1,-1,-1,-1,,,,,
19506,3930526,-1,152,4,-1,-1,-1,-1,-1,-1,11,1,11,-1,-1,-1,-1,,,,,
19507,3930630,-1,40,16,-1,-1,-1,-1,-1,-1,13,1,274,-1,-1,-1,-1,,,,,
19508,3930669,-1,458,2,-1,-1,-1,-1,-1,-1,55,1,347,-1,-1,-1,-1,,,,,
19509,3930680,-1,25,1,-1,-1,-1,-1,-1,-1,12,2,1,-1,-1,-1,-1,,,,,
19511,3931156,-1,398,2,-1,-1,-1,-1,-1,-1,55,1,347,-1,-1,-1,-1,,,,,
19516,3931578,-1,38,2,-1,-1,-1,-1,-1,-1,55,1,347,-1,-1,-1,-1,,,,,
19517,3931639,-1,228,2,-1,-1,-1,-1,-1,-1,55,1,347,-1,-1,-1,-1,,,,,
19518,3931788,-1,23,1,-1,-1,-1,-1,-1,-1,46,1,284,-1,-1,-1,-1,,,,,
19520,3931990,-1,320,2,-1,-1,-1,-1,-1,-1,55,1,347,-1,-1,-1,-1,,,,,
19521,3932232,-1,19,1,-1,-1,-1,-1,-1,-1,46,1,284,-1,-1,-1,-1,,,,,
19522,3932345,-1,262,2,-1,-1,-1,-1,-1,-1,55,1,347,-1,-1,-1,-1,,,,,
19524,3932606,-1,24,1,-1,-1,-1,-1,-1,-1,46,1,284,-1,-1,-1,-1,,,,,
19525,3932680,-1,46,2,-1,-1,-1,-1,-1,-1,55,1,347,-1,-1,-1,-1,,,,,
19527,3932777,-1,199,2,-1,-1,-1,-1,-1,-1,55,1,347,-1,-1,-1,-1,,,,,
19531,3933188,-1,93,2,-1,-1,-1,-1,-1,-1,55,1,347,-1,-1,-1,-1,,,,,
19532,3933288,-1,22,1,-1,-1,-1,-1,-1,-1,46,1,284,-1,-1,-1,-1,,,,,
19533,3933339,-1,359,2,-1,-1,-1,-1,-1,-1,55,1,347,-1,-1,-1,-1,,,,,
19535,3933683,-1,24,1,-1,-1,-1,-1,-1,-1,46,1,284,-1,-1,-1,-1,,,,,
19536,3933730,-1,288,2,-1,-1,-1,-1,-1,-1,55,1,347,-1,-1,-1,-1,,,,,
19538,3934159,-1,180,2,-1,-1,-1,-1,-1,-1,55,1,347,-1,-1,-1,-1,,,,,
19542,3934402,-1,271,2,-1,-1,-1,-1,-1,-1,55,1,347,-1,-1,-1,-1,,,,,
19544,3934541,-1,4,1,-1,-1,-1,-1,-1,-1,12,2,1,-1,-1,-1,-1,,,,,
19546,3934959,-1,62,4,-1,-1,-1,-1,-1,-1,37,1,297,-1,-1,-1,-1,,,,,
19547,3935086,-1,167,4,-1,-1,-1,-1,-1,-1,55,1,347,-1,-1,-1,-1,,,,,
19549,3935309,-1,429,4,-1,-1,-1,-1,-1,-1,55,1,347,-1,-1,-1,-1,,,,,
19550,3935454,-1,95,1,-1,-1,-1,-1,-1,-1,44,1,254,-1,-1,-1,-1,,,,,
19551,3935611,-1,78,1,-1,-1,-1,-1,-1,-1,44,1,326,-1,-1,-1,-1,,,,,
19554,3935757,-1,271,2,-1,-1,-1,-1,-1,-1,55,1,347,-1,-1,-1,-1,,,,,
19558,3936414,-1,215,2,-1,-1,-1,-1,-1,-1,55,1,347,-1,-1,-1,-1,,,,,
19559,3936523,-1,101,8,-1,-1,-1,-1,-1,-1,28,1,64,-1,-1,-1,-1,,,,,
19560,3936637,-1,50,8,-1,-1,-1,-1,-1,-1,28,1,54,-1,-1,-1,-1,,,,,
19561,3936692,-1,202,2,-1,-1,-1,-1,-1,-1,55,1,347,-1,-1,-1,-1,,,,,
19562,3936779,-1,74,4,-1,-1,-1,-1,-1,-1,44,1,254,-1,-1,-1,-1,,,,,
19564,3936999,-1,77,8,-1,-1,-1,-1,-1,-1,28,1,67,-1,-1,-1,-1,,,,,
19565,3937128,-1,254,2,-1,-1,-1,-1,-1,-1,55,1,347,-1,-1,-1,-1,,,,,
19568,3937274,-1,22,1,-1,-1,-1,-1,-1,-1,4,1,4,-1,-1,-1,-1,,,,,
19571,3937413,-1,192,2,-1,-1,-1,-1,-1,-1,55,1,347,-1,-1,-1,-1,,,,,
19572,3937469,-1,137,64,-1,-1,-1,-1,-1,-1,56,1,348,-1,-1,-1,-1,,,,,
19573,3937773,-1,11697,64,-1,-1,-1,-1,-1,-1,4,1,3,-1,-1,-1,-1,,,,,
19574,3937842,-1,287,2,-1,-1,-1,-1,-1,-1,55,1,347,-1,-1,-1,-1,,,,,
19576,3938093,-1,97,16,-1,-1,-1,-1,-1,-1,28,1,77,-1,-1,-1,-1,,,,,
19578,3938416,-1,44,16,-1,-1,-1,-1,-1,-1,28,1,77,-1,-1,-1,-1,,,,,
19579,3938477,-1,48,16,-1,-1,-1,-1,-1,-1,28,1,77,-1,-1,-1,-1,,,,,
19580,3938513,-1,166,2,-1,-1,-1,-1,-1,-1,55,1,347,-1,-1,-1,-1,,,,,
19581,3938681,-1,18,4,-1,-1,-1,-1,-1,-1,6,1,6,-1,-1,-1,-1,,,,,
19583,3938756,-1,271,2,-1,-1,-1,-1,-1,-1,55,1,347,-1,-1,-1,-1,,,,,
19588,3939458,-1,9,4,-1,-1,-1,-1,-1,-1,6,1,6,-1,-1,-1,-1,,,,,
19589,3939527,-1,22,1,-1,-1,-1,-1,-1,-1,46,1,284,-1,-1,-1,-1,,,,,
19590,3939613,-1,301,2,-1,-1,-1,-1,-1,-1,55,1,347,-1,-1,-1,-1,,,,,
19591,3939770,-1,25,1,-1,-1,-1,-1,-1,-1,46,1,284,-1,-1,-1,-1,,,,,
19593,3940032,-1,38,1,-1,-1,-1,-1,-1,-1,46,1,284,-1,-1,-1,-1,,,,,
19594,3940039,-1,281,2,-1,-1,-1,-1,-1,-1,55,1,347,-1,-1,-1,-1,,,,,
19598,3940361,-1,12,4,-1,-1,-1,-1,-1,-1,6,1,6,-1,-1,-1,-1,,,,,
19599,3940374,-1,289,2,-1,-1,-1,-1,-1,-1,55,1,347,-1,-1,-1,-1,,,,,
19602,3940885,-1,291,2,-1,-1,-1,-1,-1,-1,55,1,347,-1,-1,-1,-1,,,,,
19603,3940892,-1,93,4,-1,-1,-1,-1,-1,-1,44,1,254,-1,-1,-1,-1,,,,,
19604,3941064,-1,22,1,-1,-1,-1,-1,-1,-1,46,1,284,-1,-1,-1,-1,,,,,
19606,3941294,-1,11,4,-1,-1,-1,-1,-1,-1,6,1,6,-1,-1,-1,-1,,,,,
19607,3941374,-1,14,4,-1,-1,-1,-1,-1,-1,6,1,6,-1,-1,-1,-1,,,,,
19608,3941607,-1,21,4,-1,-1,-1,-1,-1,-1,6,1,6,-1,-1,-1,-1,,,,,
19610,3941659,-1,252,2,-1,-1,-1,-1,-1,-1,55,1,347,-1,-1,-1,-1,,,,,
19612,3941738,-1,146,32,-1,-1,-1,-1,-1,-1,44,1,254,-1,-1,-1,-1,,,,,
19613,3941749,-1,31,4,-1,-1,-1,-1,-1,-1,6,1,6,-1,-1,-1,-1,,,,,
19616,3941923,-1,28,32,-1,-1,-1,-1,-1,-1,7,1,10,-1,-1,-1,-1,,,,,
19617,3942021,-1,21,1,-1,-1,-1,-1,-1,-1,46,1,284,-1,-1,-1,-1,,,,,
19618,3942045,-1,143,2,-1,-1,-1,-1,-1,-1,55,1,347,-1,-1,-1,-1,,,,,
19619,3942138,-1,23,1,-1,-1,-1,-1,-1,-1,46,1,284,-1,-1,-1,-1,,,,,
19620,3942253,-1,968,32,-1,-1,-1,-1,-1,-1,7,1,10,-1,-1,-1,-1,,,,,
19621,3942271,-1,354,2,-1,-1,-1,-1,-1,-1,55,1,347,-1,-1,-1,-1,,,,,
19622,3942330,-1,891,4,-1,-1,-1,-1,-1,-1,7,1,18,-1,-1,-1,-1,,,,,
19624,3942620,-1,21,1,-1,-1,-1,-1,-1,-1,46,1,284,-1,-1,-1,-1,,,,,
19625,3942673,-1,263,2,-1,-1,-1,-1,-1,-1,55,1,347,-1,-1,-1,-1,,,,,
19626,3942789,-1,15,4,-1,-1,-1,-1,-1,-1,6,1,6,-1,-1,-1,-1,,,,,
19628,3943113,-1,98,4,-1,-1,-1,-1,-1,-1,44,1,254,-1,-1,-1,-1,,,,,
19629,3943249,-1,24,2,-1,-1,-1,-1,-1,-1,57,1,11,-1,-1,-1,-1,,,,,
19631,3943277,-1,117,1,-1,-1,-1,-1,-1,-1,44,1,326,-1,-1,-1,-1,,,,,
19632,3943338,-1,29,1,-1,-1,-1,-1,-1,-1,46,1,284,-1,-1,-1,-1,,,,,
19634,3943404,-1,88,1,-1,-1,-1,-1,-1,-1,46,1,284,-1,-1,-1,-1,,,,,
19637,3943518,-1,168,1,-1,-1,-1,-1,-1,-1,46,1,284,-1,-1,-1,-1,,,,,
19638,3943702,-1,101,1,-1,-1,-1,-1,-1,-1,46,1,284,-1,-1,-1,-1,,,,,
19639,3943818,-1,378,2,-1,-1,-1,-1,-1,-1,55,1,347,-1,-1,-1,-1,,,,,
19641,3944233,-1,513,2,-1,-1,-1,-1,-1,-1,55,1,347,-1,-1,-1,-1,,,,,
19642,3944323,-1,17,1,-1,-1,-1,-1,-1,-1,46,1,298,-1,-1,-1,-1,,,,,
19644,3944503,-1,165,32,-1,-1,-1,-1,-1,-1,56,1,348,-1,-1,-1,-1,,,,,
19646,3944782,-1,298,2,-1,-1,-1,-1,-1,-1,55,1,347,-1,-1,-1,-1,,,,,
19650,3945110,-1,223,2,-1,-1,-1,-1,-1,-1,55,1,347,-1,-1,-1,-1,,,,,
19651,3945361,-1,14,1,-1,-1,-1,-1,-1,-1,46,1,360,-1,-1,-1,-1,,,,,
19653,3945837,-1,164,64,-1,-1,-1,-1,-1,-1,12,2,14,-1,-1,-1,-1,,,,,
19656,3946283,-1,168,32,-1,-1,-1,-1,-1,-1,56,1,348,-1,-1,-1,-1,,,,,
19659,3946632,-1,30,1,-1,-1,-1,-1,-1,-1,46,1,360,-1,-1,-1,-1,,,,,
19661,3946930,-1,110,4,-1,-1,-1,-1,-1,-1,44,1,254,-1,-1,-1,-1,,,,,
19662,3947212,-1,200,1,-1,-1,-1,-1,-1,-1,44,1,326,-1,-1,-1,-1,,,,,
19663,3947310,-1,14,1,-1,-1,-1,-1,-1,-1,46,1,360,-1,-1,-1,-1,,,,,
19665,3947417,-1,30,1,-1,-1,-1,-1,-1,-1,46,1,360,-1,-1,-1,-1,,,,,
19666,3947661,-1,79,1,-1,-1,-1,-1,-1,-1,44,1,326,-1,-1,-1,-1,,,,,
19673,3948854,-1,295,32,-1,-1,-1,-1,-1,-1,7,1,10,-1,-1,-1,-1,,,,,
19674,3948912,-1,237,4,-1,-1,-1,-1,-1,-1,7,1,18,-1,-1,-1,-1,,,,,
19678,3949252,-1,1370,32,-1,-1,-1,-1,-1,-1,7,1,10,-1,-1,-1,-1,,,,,
19679,3949320,-1,1302,4,-1,-1,-1,-1,-1,-1,7,1,18,-1,-1,-1,-1,,,,,
19681,3949473,-1,21,1,-1,-1,-1,-1,-1,-1,4,1,4,-1,-1,-1,-1,,,,,
19683,3950088,-1,30,1,-1,-1,-1,-1,-1,-1,46,1,360,-1,-1,-1,-1,,,,,
19684,3950173,-1,30,1,-1,-1,-1,-1,-1,-1,46,1,360,-1,-1,-1,-1,,,,,
19686,3950243,-1,27,1,-1,-1,-1,-1,-1,-1,46,1,360,-1,-1,-1,-1,,,,,
19687,3950322,-1,14,1,-1,-1,-1,-1,-1,-1,46,1,360,-1,-1,-1,-1,,,,,
19688,3950400,-1,16,1,-1,-1,-1,-1,-1,-1,46,1,360,-1,-1,-1,-1,,,,,
19689,3950476,-1,13,1,-1,-1,-1,-1,-1,-1,46,1,360,-1,-1,-1,-1,,,,,
19692,3950624,-1,1257,32,-1,-1,-1,-1,-1,-1,7,1,10,-1,-1,-1,-1,,,,,
19694,3950690,-1,1192,4,-1,-1,-1,-1,-1,-1,7,1,18,-1,-1,-1,-1,,,,,
19695,3950748,-1,41,32,-1,-1,-1,-1,-1,-1,56,1,-1,-1,-1,-1,-1,,,,,
19698,3951435,-1,84,1,-1,-1,-1,-1,-1,-1,46,1,292,-1,-1,-1,-1,,,,,
19699,3951524,-1,44,1,-1,-1,-1,-1,-1,-1,46,1,292,-1,-1,-1,-1,,,,,
19700,3951528,-1,21,32,-1,-1,-1,-1,-1,-1,58,1,325,-1,-1,-1,-1,,,,,
19701,3951601,-1,21,8,-1,-1,-1,-1,-1,-1,58,1,325,-1,-1,-1,-1,,,,,
19702,3951677,-1,21,32,-1,-1,-1,-1,-1,-1,51,1,325,-1,-1,-1,-1,,,,,
19704,3951723,-1,21,1,-1,-1,-1,-1,-1,-1,51,1,324,-1,-1,-1,-1,,,,,
19705,3951884,-1,21,8,-1,-1,-1,-1,-1,-1,51,1,325,-1,-1,-1,-1,,,,,
19706,3952012,-1,21,8,-1,-1,-1,-1,-1,-1,51,1,325,-1,-1,-1,-1,,,,,
19710,3952209,-1,21,1,-1,-1,-1,-1,-1,-1,51,1,324,-1,-1,-1,-1,,,,,
19712,3952304,-1,20,8,-1,-1,-1,-1,-1,-1,51,1,325,-1,-1,-1,-1,,,,,
19713,3952350,-1,20,8,-1,-1,-1,-1,-1,-1,51,1,325,-1,-1,-1,-1,,,,,
19714,3952361,-1,1798,64,-1,-1,-1,-1,-1,-1,56,1,348,-1,-1,-1,-1,,,,,
19715,3952392,-1,21,8,-1,-1,-1,-1,-1,-1,51,1,325,-1,-1,-1,-1,,,,,
19716,3952439,-1,21,8,-1,-1,-1,-1,-1,-1,51,1,325,-1,-1,-1,-1,,,,,
19717,3952507,-1,38,8,-1,-1,-1,-1,-1,-1,51,1,325,-1,-1,-1,-1,,,,,
19718,3952655,-1,37,8,-1,-1,-1,-1,-1,-1,51,1,325,-1,-1,-1,-1,,,,,
19719,3952766,-1,475,64,-1,-1,-1,-1,-1,-1,51,1,325,-1,-1,-1,-1,,,,,
19720,3953933,-1,5735,32,-1,-1,-1,-1,-1,-1,7,1,10,-1,-1,-1,-1,,,,,
19721,3953994,-1,5674,4,-1,-1,-1,-1,-1,-1,7,1,18,-1,-1,-1,-1,,,,,
19722,3954683,-1,1623,64,-1,-1,-1,-1,-1,-1,4,1,3,-1,-1,-1,-1,,,,,
19723,3955721,-1,61,1,-1,-1,-1,-1,-1,-1,10,1,341,-1,-1,-1,-1,,,,,
19724,3955843,-1,66,2,-1,-1,-1,-1,-1,-1,10,1,341,-1,-1,-1,-1,,,,,
19725,3955971,-1,53,2,-1,-1,-1,-1,-1,-1,10,1,341,-1,-1,-1,-1,,,,,
19726,3956310,-1,23,1,-1,-1,-1,-1,-1,-1,4,1,4,-1,-1,-1,-1,,,,,
19727,3956312,-1,3313,32,-1,-1,-1,-1,-1,-1,56,1,-1,-1,-1,-1,-1,,,,,
19728,3956700,-1,14,1,-1,-1,-1,-1,-1,-1,9,2,9,-1,-1,-1,-1,,,,,
19732,3959626,-1,3308,32,-1,-1,-1,-1,-1,-1,56,1,-1,-1,-1,-1,-1,,,,,
19734,3959728,-1,4252,32,-1,-1,-1,-1,-1,-1,7,1,10,-1,-1,-1,-1,,,,,
19735,3959791,-1,4489,4,-1,-1,-1,-1,-1,-1,7,1,18,-1,-1,-1,-1,,,,,
19748,3963182,-1,151,64,-1,-1,-1,-1,-1,-1,56,1,348,-1,-1,-1,-1,,,,,
19751,3963445,-1,148,64,-1,-1,-1,-1,-1,-1,56,1,348,-1,-1,-1,-1,,,,,
19752,3963607,-1,9436,64,-1,-1,-1,-1,-1,-1,4,1,-1,-1,-1,-1,-1,,,,,
19754,3963983,-1,172,32,-1,-1,-1,-1,-1,-1,56,1,-1,-1,-1,-1,-1,,,,,
19755,3964282,-1,8767,32,-1,-1,-1,-1,-1,-1,7,1,10,-1,-1,-1,-1,,,,,
19757,3964343,-1,440,4,-1,-1,-1,-1,-1,-1,7,1,18,-1,-1,-1,-1,,,,,
19758,3964523,-1,25,1,-1,-1,-1,-1,-1,-1,12,2,1,-1,-1,-1,-1,,,,,
19762,3964788,-1,190,32,-1,-1,-1,-1,-1,-1,56,1,-1,-1,-1,-1,-1,,,,,
19763,3965028,-1,15,4,-1,-1,-1,-1,-1,-1,6,1,6,-1,-1,-1,-1,,,,,
19767,3965823,-1,15,4,-1,-1,-1,-1,-1,-1,6,1,6,-1,-1,-1,-1,,,,,
19772,3966586,-1,23,4,-1,-1,-1,-1,-1,-1,6,1,6,-1,-1,-1,-1,,,,,
19781,3968655,-1,1,4,-1,-1,-1,-1,-1,-1,6,1,6,-1,-1,-1,-1,,,,,
19782,3968707,-1,14,4,-1,-1,-1,-1,-1,-1,6,1,6,-1,-1,-1,-1,,,,,
19784,3968935,-1,28,4,-1,-1,-1,-1,-1,-1,6,1,6,-1,-1,-1,-1,,,,,
19788,3969508,-1,20,4,-1,-1,-1,-1,-1,-1,6,1,6,-1,-1,-1,-1,,,,,
19801,3972014,-1,517,4,-1,-1,-1,-1,-1,-1,6,1,6,-1,-1,-1,-1,,,,,
19803,3972544,-1,66,4,-1,-1,-1,-1,-1,-1,6,1,6,-1,-1,-1,-1,,,,,
19805,3973054,-1,9714,128,-1,-1,-1,-1,-1,-1,2,1,-1,-1,-1,-1,-1,,,,,
19806,3982773,-1,3304,32,-1,-1,-1,-1,-1,-1,56,1,-1,-1,-1,-1,-1,,,,,
19807,3983019,-1,27644,32,-1,-1,-1,-1,-1,-1,7,1,10,-1,-1,-1,-1,,,,,
19808,3983095,-1,27568,4,-1,-1,-1,-1,-1,-1,7,1,18,-1,-1,-1,-1,,,,,
19823,3986077,-1,3318,32,-1,-1,-1,-1,-1,-1,56,1,-1,-1,-1,-1,-1,,,,,
19839,3989398,-1,3309,32,-1,-1,-1,-1,-1,-1,56,1,-1,-1,-1,-1,-1,,,,,
19855,3992708,-1,3288,32,-1,-1,-1,-1,-1,-1,56,1,-1,-1,-1,-1,-1,,,,,
19874,3995998,-1,3309,32,-1,-1,-1,-1,-1,-1,56,1,-1,-1,-1,-1,-1,,,,,
19884,3998207,-1,2871,2,-1,-1,-1,-1,-1,-1,57,1,361,-1,-1,-1,-1,,,,,
19891,3999308,-1,3300,32,-1,-1,-1,-1,-1,-1,56,1,-1,-1,-1,-1,-1,,,,,
19900,4001064,-1,3489,32,-1,-1,-1,-1,-1,-1,4,1,-1,-1,-1,-1,-1,,,,,
19901,4001299,-1,434,2,-1,-1,-1,-1,-1,-1,57,1,361,-1,-1,-1,-1,,,,,
19907,4002189,-1,18,1,-1,-1,-1,-1,-1,-1,12,2,1,-1,-1,-1,-1,,,,,
19908,4002284,-1,18,1,-1,-1,-1,-1,-1,-1,12,2,1,-1,-1,-1,-1,,,,,
19910,4002564,-1,26,2,-1,-1,-1,-1,-1,-1,57,1,11,-1,-1,-1,-1,,,,,
19911,4002612,-1,3297,32,-1,-1,-1,-1,-1,-1,56,1,-1,-1,-1,-1,-1,,,,,
19912,4002812,-1,23,2,-1,-1,-1,-1,-1,-1,57,1,361,-1,-1,-1,-1,,,,,
19914,4002952,-1,22,2,-1,-1,-1,-1,-1,-1,57,1,361,-1,-1,-1,-1,,,,,
19915,4003024,-1,45,2,-1,-1,-1,-1,-1,-1,57,1,361,-1,-1,-1,-1,,,,,
19921,4004558,-1,3481,32,-1,-1,-1,-1,-1,-1,4,1,-1,-1,-1,-1,-1,,,,,
19922,4005463,-1,36,2,-1,-1,-1,-1,-1,-1,57,1,361,-1,-1,-1,-1,,,,,
19923,4005759,-1,48,2,-1,-1,-1,-1,-1,-1,57,1,361,-1,-1,-1,-1,,,,,
19924,4005914,-1,3314,32,-1,-1,-1,-1,-1,-1,56,1,-1,-1,-1,-1,-1,,,,,
19925,4006255,-1,42,2,-1,-1,-1,-1,-1,-1,57,1,361,-1,-1,-1,-1,,,,,
19928,4007409,-1,232,2,-1,-1,-1,-1,-1,-1,57,1,361,-1,-1,-1,-1,,,,,
19929,4007527,-1,27,4,-1,-1,-1,-1,-1,-1,6,1,6,-1,-1,-1,-1,,,,,
19931,4007749,-1,20,8,-1,-1,-1,-1,-1,-1,6,1,6,-1,-1,-1,-1,,,,,
19934,4008045,-1,3524,32,-1,-1,-1,-1,-1,-1,4,1,-1,-1,-1,-1,-1,,,,,
19938,4008463,-1,42,2,-1,-1,-1,-1,-1,-1,57,1,361,-1,-1,-1,-1,,,,,
19939,4008679,-1,44,2,-1,-1,-1,-1,-1,-1,57,1,361,-1,-1,-1,-1,,,,,
19941,4009268,-1,187,8,-1,-1,-1,-1,-1,-1,6,1,6,-1,-1,-1,-1,,,,,
19943,4009421,-1,55,2,-1,-1,-1,-1,-1,-1,57,1,361,-1,-1,-1,-1,,,,,
19944,4009572,-1,20,8,-1,-1,-1,-1,-1,-1,6,1,6,-1,-1,-1,-1,,,,,
19947,4009787,-1,66,4,-1,-1,-1,-1,-1,-1,57,1,361,-1,-1,-1,-1,,,,,
19950,4009917,-1,40,8,-1,-1,-1,-1,-1,-1,6,1,6,-1,-1,-1,-1,,,,,
19952,4010021,-1,5103,32,-1,-1,-1,-1,-1,-1,24,1,101,-1,-1,-1,-1,,,,,
19953,4010049,-1,5076,8,-1,-1,-1,-1,-1,-1,24,1,101,-1,-1,-1,-1,,,,,
19955,4010661,-1,354,2,-1,-1,-1,-1,-1,-1,55,1,347,-1,-1,-1,-1,,,,,
19956,4010704,-1,20,1,-1,-1,-1,-1,-1,-1,9,2,9,-1,-1,-1,-1,,,,,
19958,4010920,-1,94,2,-1,-1,-1,-1,-1,-1,55,1,347,-1,-1,-1,-1,,,,,
19959,4010990,-1,54,16,-1,-1,-1,-1,-1,-1,28,1,77,-1,-1,-1,-1,,,,,
19960,4011101,-1,234,2,-1,-1,-1,-1,-1,-1,55,1,347,-1,-1,-1,-1,,,,,
19961,4011137,-1,44,16,-1,-1,-1,-1,-1,-1,28,1,77,-1,-1,-1,-1,,,,,
19963,4011257,-1,158,2,-1,-1,-1,-1,-1,-1,55,1,347,-1,-1,-1,-1,,,,,
19964,4011266,-1,77,16,-1,-1,-1,-1,-1,-1,28,1,67,-1,-1,-1,-1,,,,,
19966,4011352,-1,18,16,-1,-1,-1,-1,-1,-1,28,1,67,-1,-1,-1,-1,,,,,
19967,4011376,-1,48,16,-1,-1,-1,-1,-1,-1,28,1,67,-1,-1,-1,-1,,,,,
19969,4011385,-1,306,2,-1,-1,-1,-1,-1,-1,55,1,347,-1,-1,-1,-1,,,,,
19971,4011464,-1,124,4,-1,-1,-1,-1,-1,-1,44,1,254,-1,-1,-1,-1,,,,,
19973,4011574,-1,3547,32,-1,-1,-1,-1,-1,-1,4,1,-1,-1,-1,-1,-1,,,,,
19974,4011644,-1,39,8,-1,-1,-1,-1,-1,-1,6,1,6,-1,-1,-1,-1,,,,,
19975,4011746,-1,3,1,-1,-1,-1,-1,-1,-1,44,1,326,-1,-1,-1,-1,,,,,
19976,4011804,-1,107,1,-1,-1,-1,-1,-1,-1,44,1,326,-1,-1,-1,-1,,,,,
19978,4011923,-1,61,4,-1,-1,-1,-1,-1,-1,57,1,361,-1,-1,-1,-1,,,,,
19979,4012297,-1,55,4,-1,-1,-1,-1,-1,-1,57,1,361,-1,-1,-1,-1,,,,,
19981,4012395,-1,180,32,-1,-1,-1,-1,-1,-1,44,1,254,-1,-1,-1,-1,,,,,
19982,4012719,-1,62,4,-1,-1,-1,-1,-1,-1,57,1,361,-1,-1,-1,-1,,,,,
19986,4013220,-1,64,4,-1,-1,-1,-1,-1,-1,57,1,361,-1,-1,-1,-1,,,,,
19989,4013355,-1,150,32,-1,-1,-1,-1,-1,-1,7,1,10,-1,-1,-1,-1,,,,,
19991,4013432,-1,73,4,-1,-1,-1,-1,-1,-1,7,1,18,-1,-1,-1,-1,,,,,
19992,4013756,-1,74,4,-1,-1,-1,-1,-1,-1,57,1,361,-1,-1,-1,-1,,,,,
19994,4013977,-1,63,2,-1,-1,-1,-1,-1,-1,55,1,347,-1,-1,-1,-1,,,,,
19995,4014377,-1,34,8,-1,-1,-1,-1,-1,-1,28,1,54,-1,-1,-1,-1,,,,,
19997,4014494,-1,67,4,-1,-1,-1,-1,-1,-1,57,1,361,-1,-1,-1,-1,,,,,
19998,4014547,-1,44,16,-1,-1,-1,-1,-1,-1,28,1,77,-1,-1,-1,-1,,,,,
19999,4014572,-1,92,32,-1,-1,-1,-1,-1,-1,7,1,10,-1,-1,-1,-1,,,,,
20000,4014637,-1,27,4,-1,-1,-1,-1,-1,-1,7,1,18,-1,-1,-1,-1,,,,,
20001,4014706,-1,1813,32,-1,-1,-1,-1,-1,-1,7,1,10,-1,-1,-1,-1,,,,,
20003,4014765,-1,1932,4,-1,-1,-1,-1,-1,-1,7,1,18,-1,-1,-1,-1,,,,,
20005,4014823,-1,67,4,-1,-1,-1,-1,-1,-1,57,1,361,-1,-1,-1,-1,,,,,
20007,4015129,-1,3664,32,-1,-1,-1,-1,-1,-1,4,1,-1,-1,-1,-1,-1,,,,,
20008,4015135,-1,68,4,-1,-1,-1,-1,-1,-1,57,1,361,-1,-1,-1,-1,,,,,
20011,4015304,-1,1233,32,-1,-1,-1,-1,-1,-1,10,1,10,-1,-1,-1,-1,,,,,
20012,4015635,-1,48,4,-1,-1,-1,-1,-1,-1,37,1,297,-1,-1,-1,-1,,,,,
20013,4015723,-1,52,4,-1,-1,-1,-1,-1,-1,37,1,297,-1,-1,-1,-1,,,,,
20015,4016039,-1,119,2,-1,-1,-1,-1,-1,-1,55,1,347,-1,-1,-1,-1,,,,,
20016,4016204,-1,21,2,-1,-1,-1,-1,-1,-1,55,1,71,-1,-1,-1,-1,,,,,
20018,4016256,-1,41,4,-1,-1,-1,-1,-1,-1,40,2,297,-1,-1,-1,-1,,,,,
20019,4016271,-1,28,2,-1,-1,-1,-1,-1,-1,55,1,71,-1,-1,-1,-1,,,,,
20020,4016361,-1,43,2,-1,-1,-1,-1,-1,-1,55,1,71,-1,-1,-1,-1,,,,,
20021,4016464,-1,76,4,-1,-1,-1,-1,-1,-1,57,1,361,-1,-1,-1,-1,,,,,
20022,4016471,-1,54,2,-1,-1,-1,-1,-1,-1,55,1,347,-1,-1,-1,-1,,,,,
20024,4016603,-1,2929,32,-1,-1,-1,-1,-1,-1,24,1,101,-1,-1,-1,-1,,,,,
20025,4016626,-1,2906,8,-1,-1,-1,-1,-1,-1,24,1,101,-1,-1,-1,-1,,,,,
20026,4016639,-1,3560,32,-1,-1,-1,-1,-1,-1,10,1,10,-1,-1,-1,-1,,,,,
20032,4017508,-1,59,4,-1,-1,-1,-1,-1,-1,57,1,361,-1,-1,-1,-1,,,,,
20034,4017854,-1,162,2,-1,-1,-1,-1,-1,-1,55,1,347,-1,-1,-1,-1,,,,,
20037,4018463,-1,54,2,-1,-1,-1,-1,-1,-1,55,1,347,-1,-1,-1,-1,,,,,
20041,4018815,-1,1136,32,-1,-1,-1,-1,-1,-1,7,1,10,-1,-1,-1,-1,,,,,
20042,4018878,-1,1074,4,-1,-1,-1,-1,-1,-1,7,1,18,-1,-1,-1,-1,,,,,
20043,4018883,-1,59,4,-1,-1,-1,-1,-1,-1,57,1,361,-1,-1,-1,-1,,,,,
20045,4019198,-1,56,4,-1,-1,-1,-1,-1,-1,57,1,361,-1,-1,-1,-1,,,,,
20046,4019556,-1,44,2,-1,-1,-1,-1,-1,-1,55,1,347,-1,-1,-1,-1,,,,,
20048,4019617,-1,3768,32,-1,-1,-1,-1,-1,-1,44,1,254,-1,-1,-1,-1,,,,,
20049,4019635,-1,67,8,-1,-1,-1,-1,-1,-1,57,1,361,-1,-1,-1,-1,,,,,
20050,4019906,-1,278,4,-1,-1,-1,-1,-1,-1,57,1,361,-1,-1,-1,-1,,,,,
20056,4020307,-1,61,2,-1,-1,-1,-1,-1,-1,55,1,347,-1,-1,-1,-1,,,,,
20057,4020428,-1,40,2,-1,-1,-1,-1,-1,-1,55,1,347,-1,-1,-1,-1,,,,,
20058,4020576,-1,63,2,-1,-1,-1,-1,-1,-1,55,1,347,-1,-1,-1,-1,,,,,
20060,4020792,-1,358,2,-1,-1,-1,-1,-1,-1,55,1,347,-1,-1,-1,-1,,,,,
20061,4020881,-1,5072,32,-1,-1,-1,-1,-1,-1,7,1,10,-1,-1,-1,-1,,,,,
20062,4020945,-1,5008,4,-1,-1,-1,-1,-1,-1,7,1,18,-1,-1,-1,-1,,,,,
20064,4021233,-1,533,2,-1,-1,-1,-1,-1,-1,55,1,347,-1,-1,-1,-1,,,,,
20070,4021808,-1,102,2,-1,-1,-1,-1,-1,-1,55,1,347,-1,-1,-1,-1,,,,,
20071,4021944,-1,335,2,-1,-1,-1,-1,-1,-1,55,1,347,-1,-1,-1,-1,,,,,
20072,4022065,-1,60,2,-1,-1,-1,-1,-1,-1,55,1,347,-1,-1,-1,-1,,,,,
20074,4022319,-1,220,2,-1,-1,-1,-1,-1,-1,55,1,347,-1,-1,-1,-1,,,,,
20075,4022596,-1,418,2,-1,-1,-1,-1,-1,-1,55,1,347,-1,-1,-1,-1,,,,,
20077,4022956,-1,486,2,-1,-1,-1,-1,-1,-1,55,1,347,-1,-1,-1,-1,,,,,
20083,4023480,-1,184,2,-1,-1,-1,-1,-1,-1,55,1,347,-1,-1,-1,-1,,,,,
20084,4023691,-1,297,2,-1,-1,-1,-1,-1,-1,55,1,347,-1,-1,-1,-1,,,,,
20086,4023767,-1,120,32,-1,-1,-1,-1,-1,-1,10,1,10,-1,-1,-1,-1,,,,,
20087,4023919,-1,182,32,-1,-1,-1,-1,-1,-1,10,1,10,-1,-1,-1,-1,,,,,
20088,4024058,-1,41,1,-1,-1,-1,-1,-1,-1,51,1,324,-1,-1,-1,-1,,,,,
20089,4024141,-1,48,1,-1,-1,-1,-1,-1,-1,51,1,324,-1,-1,-1,-1,,,,,
20090,4024212,-1,146,2,-1,-1,-1,-1,-1,-1,55,1,347,-1,-1,-1,-1,,,,,
20092,4024294,-1,68,1,-1,-1,-1,-1,-1,-1,51,1,324,-1,-1,-1,-1,,,,,
20093,4024318,-1,37,4,-1,-1,-1,-1,-1,-1,40,2,297,-1,-1,-1,-1,,,,,
20094,4024388,-1,57,2,-1,-1,-1,-1,-1,-1,55,1,347,-1,-1,-1,-1,,,,,
20095,4024406,-1,42,4,-1,-1,-1,-1,-1,-1,40,2,297,-1,-1,-1,-1,,,,,
20096,4024454,-1,32,2,-1,-1,-1,-1,-1,-1,55,1,347,-1,-1,-1,-1,,,,,
20097,4024964,-1,36,16,-1,-1,-1,-1,-1,-1,28,1,67,-1,-1,-1,-1,,,,,
20099,4025076,-1,162,2,-1,-1,-1,-1,-1,-1,55,1,347,-1,-1,-1,-1,,,,,
20101,4025292,-1,262,2,-1,-1,-1,-1,-1,-1,55,1,347,-1,-1,-1,-1,,,,,
20103,4025422,-1,6,1,-1,-1,-1,-1,-1,-1,12,2,1,-1,-1,-1,-1,,,,,
20105,4025533,-1,25,1,-1,-1,-1,-1,-1,-1,12,2,1,-1,-1,-1,-1,,,,,
20108,4025658,-1,254,2,-1,-1,-1,-1,-1,-1,55,1,347,-1,-1,-1,-1,,,,,
20110,4025953,-1,0,2,-1,-1,-1,-1,-1,-1,55,1,347,-1,-1,-1,-1,,,,,
20111,4026121,-1,17,1,-1,-1,-1,-1,-1,-1,14,2,1,-1,-1,-1,-1,,,,,
20113,4026201,-1,20,1,-1,-1,-1,-1,-1,-1,12,2,1,-1,-1,-1,-1,,,,,
20117,4026407,-1,237,2,-1,-1,-1,-1,-1,-1,55,1,347,-1,-1,-1,-1,,,,,
20119,4026662,-1,57,4,-1,-1,-1,-1,-1,-1,37,1,297,-1,-1,-1,-1,,,,,
20120,4026800,-1,288,2,-1,-1,-1,-1,-1,-1,55,1,347,-1,-1,-1,-1,,,,,
20125,4027119,-1,334,2,-1,-1,-1,-1,-1,-1,55,1,347,-1,-1,-1,-1,,,,,
20127,4027216,-1,65,4,-1,-1,-1,-1,-1,-1,37,1,297,-1,-1,-1,-1,,,,,
20128,4027467,-1,60,64,-1,-1,-1,-1,-1,-1,37,1,80,-1,-1,-1,-1,,,,,
20129,4027479,-1,115,2,-1,-1,-1,-1,-1,-1,55,1,347,-1,-1,-1,-1,,,,,
20133,4027630,-1,559,64,-1,-1,-1,-1,-1,-1,37,1,80,-1,-1,-1,-1,,,,,
20135,4027723,-1,160,2,-1,-1,-1,-1,-1,-1,55,1,347,-1,-1,-1,-1,,,,,
20136,4027782,-1,43,4,-1,-1,-1,-1,-1,-1,57,1,361,-1,-1,-1,-1,,,,,
20138,4027873,-1,321,8,-1,-1,-1,-1,-1,-1,51,1,325,-1,-1,-1,-1,,,,,
20139,4027941,-1,264,2,-1,-1,-1,-1,-1,-1,55,1,347,-1,-1,-1,-1,,,,,
20145,4028407,-1,1011,16,-1,-1,-1,-1,-1,-1,23,1,134,-1,-1,-1,-1,,,,,
20146,4028416,-1,273,2,-1,-1,-1,-1,-1,-1,55,1,347,-1,-1,-1,-1,,,,,
20147,4028456,-1,237,4,-1,-1,-1,-1,-1,-1,57,1,361,-1,-1,-1,-1,,,,,
20148,4028638,-1,63,4,-1,-1,-1,-1,-1,-1,37,1,297,-1,-1,-1,-1,,,,,
20151,4028772,-1,226,64,-1,-1,-1,-1,-1,-1,37,1,80,-1,-1,-1,-1,,,,,
20153,4028860,-1,255,2,-1,-1,-1,-1,-1,-1,55,1,347,-1,-1,-1,-1,,,,,
20156,4029059,-1,574,64,-1,-1,-1,-1,-1,-1,37,1,80,-1,-1,-1,-1,,,,,
20159,4029439,-1,158,1,-1,-1,-1,-1,-1,-1,23,1,9,-1,-1,-1,-1,,,,,
20161,4029478,-1,70,2,-1,-1,-1,-1,-1,-1,55,1,347,-1,-1,-1,-1,,,,,
20163,4029543,-1,38,8,-1,-1,-1,-1,-1,-1,57,1,361,-1,-1,-1,-1,,,,,
20164,4029561,-1,29,1,-1,-1,-1,-1,-1,-1,51,1,324,-1,-1,-1,-1,,,,,
20165,4029617,-1,15,2,-1,-1,-1,-1,-1,-1,55,1,347,-1,-1,-1,-1,,,,,
20167,4029634,-1,58,1,-1,-1,-1,-1,-1,-1,51,1,324,-1,-1,-1,-1,,,,,
20168,4029647,-1,85,2,-1,-1,-1,-1,-1,-1,55,1,347,-1,-1,-1,-1,,,,,
20169,4029726,-1,63,1,-1,-1,-1,-1,-1,-1,51,1,324,-1,-1,-1,-1,,,,,
20170,4029754,-1,252,2,-1,-1,-1,-1,-1,-1,55,1,347,-1,-1,-1,-1,,,,,
20171,4029786,-1,61,8,-1,-1,-1,-1,-1,-1,57,1,361,-1,-1,-1,-1,,,,,
20172,4029948,-1,881,8,-1,-1,-1,-1,-1,-1,57,1,361,-1,-1,-1,-1,,,,,
20175,4030058,-1,2,32,-1,-1,-1,-1,-1,-1,44,1,254,-1,-1,-1,-1,,,,,
20179,4030400,-1,220,64,-1,-1,-1,-1,-1,-1,37,1,80,-1,-1,-1,-1,,,,,
20180,4030409,-1,236,2,-1,-1,-1,-1,-1,-1,55,1,347,-1,-1,-1,-1,,,,,
20184,4030736,-1,207,32,-1,-1,-1,-1,-1,-1,44,1,254,-1,-1,-1,-1,,,,,
20186,4030775,-1,196,2,-1,-1,-1,-1,-1,-1,55,1,347,-1,-1,-1,-1,,,,,
20188,4030877,-1,118,16,-1,-1,-1,-1,-1,-1,57,1,361,-1,-1,-1,-1,,,,,
20189,4030995,-1,0,2,-1,-1,-1,-1,-1,-1,55,1,347,-1,-1,-1,-1,,,,,
20190,4031296,-1,244,2,-1,-1,-1,-1,-1,-1,55,1,347,-1,-1,-1,-1,,,,,
20191,4031561,-1,180,32,-1,-1,-1,-1,-1,-1,44,1,254,-1,-1,-1,-1,,,,,
20193,4031722,-1,120,1,-1,-1,-1,-1,-1,-1,3,2,9,-1,-1,-1,-1,,,,,
20197,4031888,-1,171,32,-1,-1,-1,-1,-1,-1,44,1,254,-1,-1,-1,-1,,,,,
20199,4031993,-1,289,32,-1,-1,-1,-1,-1,-1,7,1,10,-1,-1,-1,-1,,,,,
20200,4032050,-1,232,4,-1,-1,-1,-1,-1,-1,7,1,18,-1,-1,-1,-1,,,,,
20201,4032091,-1,29,1,-1,-1,-1,-1,-1,-1,44,1,12,-1,-1,-1,-1,,,,,
20204,4032862,-1,4528,32,-1,-1,-1,-1,-1,-1,7,1,10,-1,-1,-1,-1,,,,,
20205,4032870,-1,3720,32,-1,-1,-1,-1,-1,-1,4,1,-1,-1,-1,-1,-1,,,,,
20206,4032947,-1,4443,4,-1,-1,-1,-1,-1,-1,7,1,18,-1,-1,-1,-1,,,,,
20209,4033557,-1,29,4,-1,-1,-1,-1,-1,-1,24,1,28,-1,-1,-1,-1,,,,,
20211,4034312,-1,23,1,-1,-1,-1,-1,-1,-1,12,2,1,-1,-1,-1,-1,,,,,
20212,4034435,-1,36,1,-1,-1,-1,-1,-1,-1,12,2,1,-1,-1,-1,-1,,,,,
20213,4034506,-1,21,1,-1,-1,-1,-1,-1,-1,12,2,1,-1,-1,-1,-1,,,,,
20214,4035381,-1,27,4,-1,-1,-1,-1,-1,-1,24,1,28,-1,-1,-1,-1,,,,,
20215,4035825,-1,237,32,-1,-1,-1,-1,-1,-1,12,2,14,-1,-1,-1,-1,,,,,
20217,4036164,-1,146,32,-1,-1,-1,-1,-1,-1,44,1,254,-1,-1,-1,-1,,,,,
20218,4036375,-1,34,1,-1,-1,-1,-1,-1,-1,44,1,12,-1,-1,-1,-1,,,,,
20220,4036526,-1,24,4,-1,-1,-1,-1,-1,-1,24,1,28,-1,-1,-1,-1,,,,,
20221,4036593,-1,797,32,-1,-1,-1,-1,-1,-1,4,1,-1,-1,-1,-1,-1,,,,,
20222,4036661,-1,43,4,-1,-1,-1,-1,-1,-1,24,1,28,-1,-1,-1,-1,,,,,
20223,4036827,-1,78,8,-1,-1,-1,-1,-1,-1,24,1,28,-1,-1,-1,-1,,,,,
20228,4039272,-1,118,32,-1,-1,-1,-1,-1,-1,7,1,10,-1,-1,-1,-1,,,,,
20229,4039277,-1,3597,32,-1,-1,-1,-1,-1,-1,4,1,-1,-1,-1,-1,-1,,,,,
20231,4039393,-1,22,4,-1,-1,-1,-1,-1,-1,7,1,18,-1,-1,-1,-1,,,,,
20232,4039398,-1,7,1,-1,-1,-1,-1,-1,-1,51,1,106,-1,-1,-1,-1,,,,,
20233,4039434,-1,4,1,-1,-1,-1,-1,-1,-1,51,1,106,-1,-1,-1,-1,,,,,
20234,4039448,-1,95,1,-1,-1,-1,-1,-1,-1,51,1,106,-1,-1,-1,-1,,,,,
20237,4039563,-1,185,1,-1,-1,-1,-1,-1,-1,51,1,106,-1,-1,-1,-1,,,,,
20239,4039718,-1,6741,32,-1,-1,-1,-1,-1,-1,7,1,10,-1,-1,-1,-1,,,,,
20240,4039782,-1,6977,4,-1,-1,-1,-1,-1,-1,7,1,18,-1,-1,-1,-1,,,,,
20241,4039786,-1,14,1,-1,-1,-1,-1,-1,-1,51,1,324,-1,-1,-1,-1,,,,,
20242,4039846,-1,8,1,-1,-1,-1,-1,-1,-1,51,1,324,-1,-1,-1,-1,,,,,
20243,4039950,-1,73,1,-1,-1,-1,-1,-1,-1,51,1,324,-1,-1,-1,-1,,,,,
20246,4040412,-1,46,1,-1,-1,-1,-1,-1,-1,51,1,324,-1,-1,-1,-1,,,,,
20253,4040737,-1,41,1,-1,-1,-1,-1,-1,-1,51,1,324,-1,-1,-1,-1,,,,,
20256,4040933,-1,63,1,-1,-1,-1,-1,-1,-1,51,1,324,-1,-1,-1,-1,,,,,
20261,4041214,-1,44,1,-1,-1,-1,-1,-1,-1,51,1,324,-1,-1,-1,-1,,,,,
20262,4041321,-1,44,1,-1,-1,-1,-1,-1,-1,51,1,324,-1,-1,-1,-1,,,,,
20265,4041798,-1,40,1,-1,-1,-1,-1,-1,-1,51,1,324,-1,-1,-1,-1,,,,,
20272,4042161,-1,45,1,-1,-1,-1,-1,-1,-1,51,1,324,-1,-1,-1,-1,,,,,
20273,4042288,-1,49,1,-1,-1,-1,-1,-1,-1,51,1,324,-1,-1,-1,-1,,,,,
20279,4042848,-1,969,1,-1,-1,-1,-1,-1,-1,51,1,324,-1,-1,-1,-1,,,,,
20280,4042878,-1,3019,32,-1,-1,-1,-1,-1,-1,4,1,-1,-1,-1,-1,-1,,,,,
20282,4043122,-1,19,1,-1,-1,-1,-1,-1,-1,9,2,9,-1,-1,-1,-1,,,,,
20283,4043154,-1,3303,32,-1,-1,-1,-1,-1,-1,56,1,-1,-1,-1,-1,-1,,,,,
20286,4043945,-1,302,8,-1,-1,-1,-1,-1,-1,57,1,361,-1,-1,-1,-1,,,,,
20291,4044502,-1,297,16,-1,-1,-1,-1,-1,-1,57,1,361,-1,-1,-1,-1,,,,,
20293,4044647,-1,466,1,-1,-1,-1,-1,-1,-1,51,1,324,-1,-1,-1,-1,,,,,
20294,4044832,-1,69,16,-1,-1,-1,-1,-1,-1,57,1,361,-1,-1,-1,-1,,,,,
20295,4044948,-1,461,16,-1,-1,-1,-1,-1,-1,57,1,361,-1,-1,-1,-1,,,,,
20297,4045145,-1,41,1,-1,-1,-1,-1,-1,-1,51,1,324,-1,-1,-1,-1,,,,,
20298,4045240,-1,65,1,-1,-1,-1,-1,-1,-1,51,1,324,-1,-1,-1,-1,,,,,
20303,4045640,-1,385,1,-1,-1,-1,-1,-1,-1,51,1,324,-1,-1,-1,-1,,,,,
20305,4045824,-1,8,1,-1,-1,-1,-1,-1,-1,4,1,2,-1,-1,-1,-1,,,,,
20306,4045930,-1,293,8,-1,-1,-1,-1,-1,-1,57,1,361,-1,-1,-1,-1,,,,,
20308,4046255,-1,420,32,-1,-1,-1,-1,-1,-1,57,1,361,-1,-1,-1,-1,,,,,
20309,4046467,-1,3326,32,-1,-1,-1,-1,-1,-1,56,1,-1,-1,-1,-1,-1,,,,,
20311,4046761,-1,9624,32,-1,-1,-1,-1,-1,-1,7,1,10,-1,-1,-1,-1,,,,,
20312,4046823,-1,9565,4,-1,-1,-1,-1,-1,-1,7,1,18,-1,-1,-1,-1,,,,,
20318,4047282,-1,536,8,-1,-1,-1,-1,-1,-1,57,1,361,-1,-1,-1,-1,,,,,
20320,4047918,-1,1336,8,-1,-1,-1,-1,-1,-1,57,1,361,-1,-1,-1,-1,,,,,
20328,4049514,-1,1476,8,-1,-1,-1,-1,-1,-1,57,1,361,-1,-1,-1,-1,,,,,
20330,4049795,-1,3293,32,-1,-1,-1,-1,-1,-1,56,1,-1,-1,-1,-1,-1,,,,,
20338,4051100,-1,476,16,-1,-1,-1,-1,-1,-1,57,1,361,-1,-1,-1,-1,,,,,
20351,4053089,-1,3290,32,-1,-1,-1,-1,-1,-1,56,1,-1,-1,-1,-1,-1,,,,,
20362,4055562,-1,33,1,-1,-1,-1,-1,-1,-1,12,2,1,-1,-1,-1,-1,,,,,
20366,4056394,-1,9728,128,-1,-1,-1,-1,-1,-1,2,1,-1,-1,-1,-1,-1,,,,,
20367,4066126,-1,9695,128,-1,-1,-1,-1,-1,-1,2,1,-1,-1,-1,-1,-1,,,,,
20369,4076011,-1,19228,32,-1,-1,-1,-1,-1,-1,7,1,10,-1,-1,-1,-1,,,,,
20371,4076080,-1,19460,4,-1,-1,-1,-1,-1,-1,7,1,18,-1,-1,-1,-1,,,,,
20373,4079047,-1,12,4,-1,-1,-1,-1,-1,-1,6,1,6,-1,-1,-1,-1,,,,,
20374,4079192,-1,32,4,-1,-1,-1,-1,-1,-1,6,1,6,-1,-1,-1,-1,,,,,
20380,4079550,-1,37,8,-1,-1,-1,-1,-1,-1,6,1,6,-1,-1,-1,-1,,,,,
20381,4079809,-1,21,8,-1,-1,-1,-1,-1,-1,6,1,6,-1,-1,-1,-1,,,,,
20382,4079857,-1,31,8,-1,-1,-1,-1,-1,-1,6,1,6,-1,-1,-1,-1,,,,,
20391,4080595,-1,106,8,-1,-1,-1,-1,-1,-1,6,1,6,-1,-1,-1,-1,,,,,
20400,4081259,-1,97,8,-1,-1,-1,-1,-1,-1,6,1,6,-1,-1,-1,-1,,,,,
20421,4083189,-1,99,8,-1,-1,-1,-1,-1,-1,6,1,6,-1,-1,-1,-1,,,,,
20430,4083993,-1,97,8,-1,-1,-1,-1,-1,-1,6,1,6,-1,-1,-1,-1,,,,,
20443,4085210,-1,87,16,-1,-1,-1,-1,-1,-1,23,1,134,-1,-1,-1,-1,,,,,
20445,4085501,-1,633,16,-1,-1,-1,-1,-1,-1,23,1,134,-1,-1,-1,-1,,,,,
20465,4087332,-1,289,2,-1,-1,-1,-1,-1,-1,55,1,347,-1,-1,-1,-1,,,,,
20470,4087795,-1,250,2,-1,-1,-1,-1,-1,-1,55,1,347,-1,-1,-1,-1,,,,,
20471,4087874,-1,1091,8,-1,-1,-1,-1,-1,-1,57,1,361,-1,-1,-1,-1,,,,,
20476,4088256,-1,522,16,-1,-1,-1,-1,-1,-1,23,1,134,-1,-1,-1,-1,,,,,
20481,4088533,-1,237,2,-1,-1,-1,-1,-1,-1,55,1,347,-1,-1,-1,-1,,,,,
20483,4088799,-1,50,1,-1,-1,-1,-1,-1,-1,23,1,9,-1,-1,-1,-1,,,,,
20484,4088807,-1,48,16,-1,-1,-1,-1,-1,-1,28,1,77,-1,-1,-1,-1,,,,,
20488,4088962,-1,64,16,-1,-1,-1,-1,-1,-1,28,1,77,-1,-1,-1,-1,,,,,
20489,4088985,-1,354,16,-1,-1,-1,-1,-1,-1,23,1,134,-1,-1,-1,-1,,,,,
20490,4089012,-1,75,4,-1,-1,-1,-1,-1,-1,57,1,361,-1,-1,-1,-1,,,,,
20491,4089212,-1,48,16,-1,-1,-1,-1,-1,-1,28,1,77,-1,-1,-1,-1,,,,,
20496,4089357,-1,492,1,-1,-1,-1,-1,-1,-1,57,1,361,-1,-1,-1,-1,,,,,
20501,4089769,-1,296,2,-1,-1,-1,-1,-1,-1,55,1,347,-1,-1,-1,-1,,,,,
20506,4090164,-1,309,2,-1,-1,-1,-1,-1,-1,55,1,347,-1,-1,-1,-1,,,,,
20507,4090206,-1,328,2,-1,-1,-1,-1,-1,-1,57,1,361,-1,-1,-1,-1,,,,,
20508,4090428,-1,635,16,-1,-1,-1,-1,-1,-1,23,1,134,-1,-1,-1,-1,,,,,
20513,4090612,-1,297,2,-1,-1,-1,-1,-1,-1,55,1,347,-1,-1,-1,-1,,,,,
20514,4090651,-1,249,4,-1,-1,-1,-1,-1,-1,57,1,361,-1,-1,-1,-1,,,,,
20519,4090968,-1,11,1,-1,-1,-1,-1,-1,-1,28,1,77,-1,-1,-1,-1,,,,,
20520,4090987,-1,43,1,-1,-1,-1,-1,-1,-1,28,1,77,-1,-1,-1,-1,,,,,
20521,4091010,-1,3,1,-1,-1,-1,-1,-1,-1,57,1,361,-1,-1,-1,-1,,,,,
20522,4091138,-1,898,2,-1,-1,-1,-1,-1,-1,55,1,347,-1,-1,-1,-1,,,,,
20523,4091260,-1,30,1,-1,-1,-1,-1,-1,-1,23,1,12,-1,-1,-1,-1,,,,,
20527,4091354,-1,50,1,-1,-1,-1,-1,-1,-1,57,1,361,-1,-1,-1,-1,,,,,
20533,4091772,-1,254,2,-1,-1,-1,-1,-1,-1,55,1,347,-1,-1,-1,-1,,,,,
20534,4091864,-1,614,64,-1,-1,-1,-1,-1,-1,57,1,361,-1,-1,-1,-1,,,,,
20535,4092080,-1,322,2,-1,-1,-1,-1,-1,-1,55,1,347,-1,-1,-1,-1,,,,,
20536,4092342,-1,32,1,-1,-1,-1,-1,-1,-1,12,2,1,-1,-1,-1,-1,,,,,
20545,4094826,-1,3826,32,-1,-1,-1,-1,-1,-1,24,1,101,-1,-1,-1,-1,,,,,
20546,4094859,-1,3794,8,-1,-1,-1,-1,-1,-1,24,1,101,-1,-1,-1,-1,,,,,
20547,4095034,-1,19,1,-1,-1,-1,-1,-1,-1,4,1,2,-1,-1,-1,-1,,,,,
20549,4095123,-1,3526,32,-1,-1,-1,-1,-1,-1,4,1,-1,-1,-1,-1,-1,,,,,
20550,4095307,-1,155,32,-1,-1,-1,-1,-1,-1,44,1,254,-1,-1,-1,-1,,,,,
20551,4095544,-1,4015,32,-1,-1,-1,-1,-1,-1,7,1,10,-1,-1,-1,-1,,,,,
20553,4095564,-1,26,1,-1,-1,-1,-1,-1,-1,44,1,12,-1,-1,-1,-1,,,,,
20554,4095597,-1,27,16,-1,-1,-1,-1,-1,-1,24,1,28,-1,-1,-1,-1,,,,,
20555,4095629,-1,3929,4,-1,-1,-1,-1,-1,-1,7,1,18,-1,-1,-1,-1,,,,,
20556,4095704,-1,110,16,-1,-1,-1,-1,-1,-1,24,1,28,-1,-1,-1,-1,,,,,
20563,4096991,-1,40,4,-1,-1,-1,-1,-1,-1,24,1,28,-1,-1,-1,-1,,,,,
20564,4097101,-1,29,1,-1,-1,-1,-1,-1,-1,9,2,9,-1,-1,-1,-1,,,,,
20570,4097664,-1,403,4,-1,-1,-1,-1,-1,-1,24,1,28,-1,-1,-1,-1,,,,,
20574,4098661,-1,3638,32,-1,-1,-1,-1,-1,-1,4,1,-1,-1,-1,-1,-1,,,,,
20575,4098787,-1,1079,4,-1,-1,-1,-1,-1,-1,24,1,28,-1,-1,-1,-1,,,,,
20576,4098941,-1,3375,32,-1,-1,-1,-1,-1,-1,24,1,101,-1,-1,-1,-1,,,,,
20577,4098966,-1,3354,8,-1,-1,-1,-1,-1,-1,24,1,101,-1,-1,-1,-1,,,,,
20583,4099340,-1,7,1,-1,-1,-1,-1,-1,-1,7,1,9,-1,-1,-1,-1,,,,,
20591,4100986,-1,198,16,-1,-1,-1,-1,-1,-1,57,1,361,-1,-1,-1,-1,,,,,
20593,4101436,-1,29,2,-1,-1,-1,-1,-1,-1,55,1,347,-1,-1,-1,-1,,,,,
20594,4101521,-1,303,2,-1,-1,-1,-1,-1,-1,55,1,347,-1,-1,-1,-1,,,,,
20595,4101663,-1,67,32,-1,-1,-1,-1,-1,-1,7,1,10,-1,-1,-1,-1,,,,,
20596,4101749,-1,0,32,-1,-1,-1,-1,-1,-1,7,1,10,-1,-1,-1,-1,,,,,
20598,4101813,-1,0,4,-1,-1,-1,-1,-1,-1,7,1,18,-1,-1,-1,-1,,,,,
20599,4101942,-1,26,4,-1,-1,-1,-1,-1,-1,24,1,28,-1,-1,-1,-1,,,,,
20604,4102332,-1,532,16,-1,-1,-1,-1,-1,-1,23,1,134,-1,-1,-1,-1,,,,,
20606,4102364,-1,328,4,-1,-1,-1,-1,-1,-1,24,1,28,-1,-1,-1,-1,,,,,
20607,4102441,-1,201,16,-1,-1,-1,-1,-1,-1,57,1,361,-1,-1,-1,-1,,,,,
20608,4102452,-1,3356,32,-1,-1,-1,-1,-1,-1,24,1,101,-1,-1,-1,-1,,,,,
20609,4102478,-1,3332,8,-1,-1,-1,-1,-1,-1,24,1,101,-1,-1,-1,-1,,,,,
20610,4102752,-1,25,4,-1,-1,-1,-1,-1,-1,24,1,28,-1,-1,-1,-1,,,,,
20612,4103025,-1,664,16,-1,-1,-1,-1,-1,-1,23,1,134,-1,-1,-1,-1,,,,,
20613,4103202,-1,41,2,-1,-1,-1,-1,-1,-1,55,1,347,-1,-1,-1,-1,,,,,
20615,4103319,-1,252,2,-1,-1,-1,-1,-1,-1,55,1,347,-1,-1,-1,-1,,,,,
20616,4103431,-1,224,16,-1,-1,-1,-1,-1,-1,57,1,361,-1,-1,-1,-1,,,,,
20618,4103563,-1,68,16,-1,-1,-1,-1,-1,-1,28,1,77,-1,-1,-1,-1,,,,,
20619,4103569,-1,58,1,-1,-1,-1,-1,-1,-1,46,1,359,-1,-1,-1,-1,,,,,
20620,4103681,-1,49,16,-1,-1,-1,-1,-1,-1,28,1,77,-1,-1,-1,-1,,,,,
20621,4103770,-1,199,2,-1,-1,-1,-1,-1,-1,55,1,347,-1,-1,-1,-1,,,,,
20622,4103837,-1,215,16,-1,-1,-1,-1,-1,-1,57,1,361,-1,-1,-1,-1,,,,,
20623,4103928,-1,47,16,-1,-1,-1,-1,-1,-1,28,1,362,-1,-1,-1,-1,,,,,
20625,4104104,-1,248,2,-1,-1,-1,-1,-1,-1,55,1,347,-1,-1,-1,-1,,,,,
20626,4104458,-1,153,2,-1,-1,-1,-1,-1,-1,55,1,347,-1,-1,-1,-1,,,,,
20627,4104490,-1,29,1,-1,-1,-1,-1,-1,-1,23,1,12,-1,-1,-1,-1,,,,,
20629,4104637,-1,26,4,-1,-1,-1,-1,-1,-1,24,1,28,-1,-1,-1,-1,,,,,
20630,4104720,-1,72,2,-1,-1,-1,-1,-1,-1,55,1,347,-1,-1,-1,-1,,,,,
20631,4104814,-1,714,16,-1,-1,-1,-1,-1,-1,23,1,134,-1,-1,-1,-1,,,,,
20632,4104851,-1,18,16,-1,-1,-1,-1,-1,-1,57,1,361,-1,-1,-1,-1,,,,,
20633,4104863,-1,312,2,-1,-1,-1,-1,-1,-1,55,1,347,-1,-1,-1,-1,,,,,
20635,4104956,-1,285,16,-1,-1,-1,-1,-1,-1,57,1,361,-1,-1,-1,-1,,,,,
20640,4105277,-1,164,2,-1,-1,-1,-1,-1,-1,55,1,347,-1,-1,-1,-1,,,,,
20641,4105303,-1,40,4,-1,-1,-1,-1,-1,-1,24,1,28,-1,-1,-1,-1,,,,,
20642,4105507,-1,293,2,-1,-1,-1,-1,-1,-1,55,1,347,-1,-1,-1,-1,,,,,
20644,4105829,-1,690,2,-1,-1,-1,-1,-1,-1,55,1,347,-1,-1,-1,-1,,,,,
20645,4105950,-1,201,16,-1,-1,-1,-1,-1,-1,57,1,361,-1,-1,-1,-1,,,,,
20646,4106074,-1,0,16,-1,-1,-1,-1,-1,-1,23,1,134,-1,-1,-1,-1,,,,,
20648,4106204,-1,0,32,-1,-1,-1,-1,-1,-1,24,1,101,-1,-1,-1,-1,,,,,
20649,4106236,-1,0,8,-1,-1,-1,-1,-1,-1,24,1,101,-1,-1,-1,-1,,,,,
20650,4106447,-1,54,8,-1,-1,-1,-1,-1,-1,24,1,28,-1,-1,-1,-1,,,,,
20651,4106452,-1,59,16,-1,-1,-1,-1,-1,-1,28,1,77,-1,-1,-1,-1,,,,,
20652,4106512,-1,0,16,-1,-1,-1,-1,-1,-1,57,1,361,-1,-1,-1,-1,,,,,
20654,4106564,-1,0,2,-1,-1,-1,-1,-1,-1,55,1,347,-1,-1,-1,-1,,,,,
20657,4106726,-1,4,4,-1,-1,-1,-1,-1,-1,15,1,19,-1,-1,-1,-1,,,,,
20659,4106772,-1,3,4,-1,-1,-1,-1,-1,-1,15,1,19,-1,-1,-1,-1,,,,,
20660,4106809,-1,3,4,-1,-1,-1,-1,-1,-1,15,1,19,-1,-1,-1,-1,,,,,
20662,4106875,-1,3,4,-1,-1,-1,-1,-1,-1,15,1,19,-1,-1,-1,-1,,,,,
20663,4107039,-1,3,1,-1,-1,-1,-1,-1,-1,12,2,1,-1,-1,-1,-1,,,,,
20669,4108395,-1,3500,32,-1,-1,-1,-1,-1,-1,4,1,-1,-1,-1,-1,-1,,,,,
20670,4108534,-1,663,16,-1,-1,-1,-1,-1,-1,23,1,134,-1,-1,-1,-1,,,,,
20671,4108579,-1,335,2,-1,-1,-1,-1,-1,-1,55,1,347,-1,-1,-1,-1,,,,,
20672,4108638,-1,6780,32,-1,-1,-1,-1,-1,-1,7,1,10,-1,-1,-1,-1,,,,,
20673,4108708,-1,7011,4,-1,-1,-1,-1,-1,-1,7,1,18,-1,-1,-1,-1,,,,,
20675,4108967,-1,880,2,-1,-1,-1,-1,-1,-1,55,1,347,-1,-1,-1,-1,,,,,
20676,4109071,-1,1912,4,-1,-1,-1,-1,-1,-1,15,1,19,-1,-1,-1,-1,,,,,
20677,4109093,-1,1891,2,-1,-1,-1,-1,-1,-1,15,1,20,-1,-1,-1,-1,,,,,
20678,4109330,-1,2906,2,-1,-1,-1,-1,-1,-1,55,1,347,-1,-1,-1,-1,,,,,
20679,4109376,-1,219,16,-1,-1,-1,-1,-1,-1,57,1,361,-1,-1,-1,-1,,,,,
20684,4109897,-1,45,2,-1,-1,-1,-1,-1,-1,55,1,347,-1,-1,-1,-1,,,,,
20686,4110015,-1,269,2,-1,-1,-1,-1,-1,-1,55,1,347,-1,-1,-1,-1,,,,,
20689,4110411,-1,368,2,-1,-1,-1,-1,-1,-1,55,1,347,-1,-1,-1,-1,,,,,
20691,4110830,-1,236,2,-1,-1,-1,-1,-1,-1,55,1,347,-1,-1,-1,-1,,,,,
20694,4111273,-1,342,2,-1,-1,-1,-1,-1,-1,55,1,347,-1,-1,-1,-1,,,,,
20699,4111673,-1,33,4,-1,-1,-1,-1,-1,-1,40,2,297,-1,-1,-1,-1,,,,,
20700,4111688,-1,248,2,-1,-1,-1,-1,-1,-1,55,1,347,-1,-1,-1,-1,,,,,
20703,4111898,-1,3515,32,-1,-1,-1,-1,-1,-1,4,1,-1,-1,-1,-1,-1,,,,,
20704,4112004,-1,228,2,-1,-1,-1,-1,-1,-1,55,1,347,-1,-1,-1,-1,,,,,
20705,4112289,-1,329,2,-1,-1,-1,-1,-1,-1,55,1,347,-1,-1,-1,-1,,,,,
20707,4112363,-1,37,4,-1,-1,-1,-1,-1,-1,40,2,297,-1,-1,-1,-1,,,,,
20708,4112509,-1,64,4,-1,-1,-1,-1,-1,-1,40,2,297,-1,-1,-1,-1,,,,,
20709,4112642,-1,35,4,-1,-1,-1,-1,-1,-1,40,2,297,-1,-1,-1,-1,,,,,
20710,4112786,-1,624,2,-1,-1,-1,-1,-1,-1,55,1,347,-1,-1,-1,-1,,,,,
20712,4112840,-1,501,4,-1,-1,-1,-1,-1,-1,40,2,297,-1,-1,-1,-1,,,,,
20713,4113103,-1,30,2,-1,-1,-1,-1,-1,-1,55,1,347,-1,-1,-1,-1,,,,,
20715,4113160,-1,311,2,-1,-1,-1,-1,-1,-1,55,1,347,-1,-1,-1,-1,,,,,
20717,4113364,-1,68,4,-1,-1,-1,-1,-1,-1,40,2,297,-1,-1,-1,-1,,,,,
20718,4113463,-1,201,8,-1,-1,-1,-1,-1,-1,24,1,28,-1,-1,-1,-1,,,,,
20719,4113469,-1,214,2,-1,-1,-1,-1,-1,-1,55,1,347,-1,-1,-1,-1,,,,,
20723,4113808,-1,305,2,-1,-1,-1,-1,-1,-1,55,1,347,-1,-1,-1,-1,,,,,
20725,4114156,-1,416,2,-1,-1,-1,-1,-1,-1,55,1,347,-1,-1,-1,-1,,,,,
20727,4114499,-1,3365,32,-1,-1,-1,-1,-1,-1,24,1,101,-1,-1,-1,-1,,,,,
20728,4114529,-1,3337,8,-1,-1,-1,-1,-1,-1,24,1,101,-1,-1,-1,-1,,,,,
20730,4114615,-1,274,2,-1,-1,-1,-1,-1,-1,55,1,347,-1,-1,-1,-1,,,,,
20731,4114771,-1,139,8,-1,-1,-1,-1,-1,-1,24,1,28,-1,-1,-1,-1,,,,,
20733,4114936,-1,257,2,-1,-1,-1,-1,-1,-1,55,1,347,-1,-1,-1,-1,,,,,
20735,4115032,-1,73,16,-1,-1,-1,-1,-1,-1,28,1,77,-1,-1,-1,-1,,,,,
20737,4115111,-1,62,8,-1,-1,-1,-1,-1,-1,24,1,28,-1,-1,-1,-1,,,,,
20739,4115236,-1,222,2,-1,-1,-1,-1,-1,-1,55,1,347,-1,-1,-1,-1,,,,,
20741,4115317,-1,261,2,-1,-1,-1,-1,-1,-1,55,1,347,-1,-1,-1,-1,,,,,
20742,4115425,-1,3522,32,-1,-1,-1,-1,-1,-1,4,1,-1,-1,-1,-1,-1,,,,,
20743,4115723,-1,467,32,-1,-1,-1,-1,-1,-1,7,1,10,-1,-1,-1,-1,,,,,
20745,4115785,-1,405,4,-1,-1,-1,-1,-1,-1,7,1,18,-1,-1,-1,-1,,,,,
20747,4116286,-1,7942,32,-1,-1,-1,-1,-1,-1,7,1,10,-1,-1,-1,-1,,,,,
20748,4116350,-1,8179,4,-1,-1,-1,-1,-1,-1,7,1,18,-1,-1,-1,-1,,,,,
20754,4117101,-1,40,4,-1,-1,-1,-1,-1,-1,40,2,297,-1,-1,-1,-1,,,,,
20757,4117735,-1,9,1,-1,-1,-1,-1,-1,-1,7,1,9,-1,-1,-1,-1,,,,,
20763,4118557,-1,149,16,-1,-1,-1,-1,-1,-1,44,1,254,-1,-1,-1,-1,,,,,
20765,4118770,-1,25,1,-1,-1,-1,-1,-1,-1,44,1,12,-1,-1,-1,-1,,,,,
20766,4118824,-1,321,4,-1,-1,-1,-1,-1,-1,32,1,11,-1,-1,-1,-1,,,,,
20767,4118949,-1,860,32,-1,-1,-1,-1,-1,-1,4,1,-1,-1,-1,-1,-1,,,,,
20768,4118975,-1,206,8,-1,-1,-1,-1,-1,-1,44,1,254,-1,-1,-1,-1,,,,,
20769,4119152,-1,490,16,-1,-1,-1,-1,-1,-1,32,1,11,-1,-1,-1,-1,,,,,
20771,4119276,-1,26,1,-1,-1,-1,-1,-1,-1,44,1,12,-1,-1,-1,-1,,,,,
20776,4119815,-1,12,1,-1,-1,-1,-1,-1,-1,4,1,2,-1,-1,-1,-1,,,,,
20778,4119861,-1,308,4,-1,-1,-1,-1,-1,-1,44,1,254,-1,-1,-1,-1,,,,,
20779,4119973,-1,319,32,-1,-1,-1,-1,-1,-1,4,1,3,-1,-1,-1,-1,,,,,
20780,4120212,-1,29,1,-1,-1,-1,-1,-1,-1,44,1,12,-1,-1,-1,-1,,,,,
20782,4120296,-1,5,1,-1,-1,-1,-1,-1,-1,4,1,4,-1,-1,-1,-1,,,,,
20783,4120318,-1,9,1,-1,-1,-1,-1,-1,-1,4,1,2,-1,-1,-1,-1,,,,,
20784,4120433,-1,40,2,-1,-1,-1,-1,-1,-1,44,1,254,-1,-1,-1,-1,,,,,
20785,4120717,-1,28,1,-1,-1,-1,-1,-1,-1,44,1,254,-1,-1,-1,-1,,,,,
20787,4120772,-1,850,1,-1,-1,-1,-1,-1,-1,44,1,254,-1,-1,-1,-1,,,,,
20789,4121144,-1,162,64,-1,-1,-1,-1,-1,-1,12,2,14,-1,-1,-1,-1,,,,,
20790,4121202,-1,41,4,-1,-1,-1,-1,-1,-1,7,1,37,-1,-1,-1,-1,,,,,
20792,4121260,-1,23,1,-1,-1,-1,-1,-1,-1,4,1,4,-1,-1,-1,-1,,,,,
20793,4121265,-1,7,1,-1,-1,-1,-1,-1,-1,7,1,9,-1,-1,-1,-1,,,,,
20797,4121428,-1,19,2,-1,-1,-1,-1,-1,-1,46,1,363,-1,-1,-1,-1,,,,,
20798,4121549,-1,24,2,-1,-1,-1,-1,-1,-1,46,1,359,-1,-1,-1,-1,,,,,
20799,4121704,-1,345,32,-1,-1,-1,-1,-1,-1,4,1,3,-1,-1,-1,-1,,,,,
20800,4121926,-1,57,2,-1,-1,-1,-1,-1,-1,44,1,254,-1,-1,-1,-1,,,,,
20801,4121950,-1,3338,32,-1,-1,-1,-1,-1,-1,24,1,101,-1,-1,-1,-1,,,,,
20802,4121975,-1,3320,8,-1,-1,-1,-1,-1,-1,24,1,101,-1,-1,-1,-1,,,,,
20803,4122042,-1,120,2,-1,-1,-1,-1,-1,-1,44,1,254,-1,-1,-1,-1,,,,,
20804,4122225,-1,5,1,-1,-1,-1,-1,-1,-1,4,1,2,-1,-1,-1,-1,,,,,
20805,4122235,-1,20,1,-1,-1,-1,-1,-1,-1,4,1,2,-1,-1,-1,-1,,,,,
20806,4122259,-1,1364,1,-1,-1,-1,-1,-1,-1,8,1,286,-1,-1,-1,-1,,,,,
20807,4122506,-1,57,4,-1,-1,-1,-1,-1,-1,24,1,364,-1,-1,-1,-1,,,,,
20808,4122637,-1,62,4,-1,-1,-1,-1,-1,-1,7,1,37,-1,-1,-1,-1,,,,,
20809,4122654,-1,73,4,-1,-1,-1,-1,-1,-1,24,1,364,-1,-1,-1,-1,,,,,
20810,4122761,-1,199,32,-1,-1,-1,-1,-1,-1,15,1,365,-1,-1,-1,-1,,,,,
20812,4122828,-1,30,1,-1,-1,-1,-1,-1,-1,4,1,4,-1,-1,-1,-1,,,,,
20813,4123103,-1,133,32,-1,-1,-1,-1,-1,-1,15,1,125,-1,-1,-1,-1,,,,,
20814,4123133,-1,24,1,-1,-1,-1,-1,-1,-1,4,1,2,-1,-1,-1,-1,,,,,
20815,4123164,-1,16,16,-1,-1,-1,-1,-1,-1,44,1,-1,-1,-1,-1,-1,,,,,
20816,4123252,-1,169,32,-1,-1,-1,-1,-1,-1,15,1,125,-1,-1,-1,-1,,,,,
20817,4123284,-1,28,16,-1,-1,-1,-1,-1,-1,44,1,-1,-1,-1,-1,-1,,,,,
20819,4123443,-1,21,32,-1,-1,-1,-1,-1,-1,15,1,126,-1,-1,-1,-1,,,,,
20820,4123494,-1,104,4,-1,-1,-1,-1,-1,-1,6,1,6,-1,-1,-1,-1,,,,,
20821,4123509,-1,223,32,-1,-1,-1,-1,-1,-1,15,1,126,-1,-1,-1,-1,,,,,
20822,4123662,-1,134,16,-1,-1,-1,-1,-1,-1,44,1,-1,-1,-1,-1,-1,,,,,
20823,4123766,-1,106,32,-1,-1,-1,-1,-1,-1,15,1,126,-1,-1,-1,-1,,,,,
20825,4123950,-1,101,32,-1,-1,-1,-1,-1,-1,15,1,125,-1,-1,-1,-1,,,,,
20826,4124012,-1,3567,1,-1,-1,-1,-1,-1,-1,8,1,286,-1,-1,-1,-1,,,,,
20827,4124132,-1,133,32,-1,-1,-1,-1,-1,-1,15,1,365,-1,-1,-1,-1,,,,,
20829,4124237,-1,376,32,-1,-1,-1,-1,-1,-1,4,1,3,-1,-1,-1,-1,,,,,
20834,4124532,-1,3875,32,-1,-1,-1,-1,-1,-1,7,1,10,-1,-1,-1,-1,,,,,
20835,4124599,-1,3808,4,-1,-1,-1,-1,-1,-1,7,1,18,-1,-1,-1,-1,,,,,
20836,4124832,-1,20,1,-1,-1,-1,-1,-1,-1,4,1,2,-1,-1,-1,-1,,,,,
20837,4124881,-1,40,1,-1,-1,-1,-1,-1,-1,17,1,363,-1,-1,-1,-1,,,,,
20839,4124942,-1,51,1,-1,-1,-1,-1,-1,-1,17,1,363,-1,-1,-1,-1,,,,,
20840,4124976,-1,70,4,-1,-1,-1,-1,-1,-1,40,2,297,-1,-1,-1,-1,,,,,
20841,4125143,-1,17,1,-1,-1,-1,-1,-1,-1,12,2,1,-1,-1,-1,-1,,,,,
20842,4125212,-1,100,1,-1,-1,-1,-1,-1,-1,17,1,363,-1,-1,-1,-1,,,,,
20844,4125401,-1,3355,32,-1,-1,-1,-1,-1,-1,24,1,101,-1,-1,-1,-1,,,,,
20845,4125426,-1,3333,8,-1,-1,-1,-1,-1,-1,24,1,101,-1,-1,-1,-1,,,,,
20852,4126629,-1,20,1,-1,-1,-1,-1,-1,-1,4,1,2,-1,-1,-1,-1,,,,,
20853,4126850,-1,21,4,-1,-1,-1,-1,-1,-1,24,1,364,-1,-1,-1,-1,,,,,
20855,4126957,-1,22,4,-1,-1,-1,-1,-1,-1,24,1,364,-1,-1,-1,-1,,,,,
20856,4127026,-1,27,4,-1,-1,-1,-1,-1,-1,24,1,364,-1,-1,-1,-1,,,,,
20857,4127171,-1,21,4,-1,-1,-1,-1,-1,-1,24,1,364,-1,-1,-1,-1,,,,,
20863,4127561,-1,21,4,-1,-1,-1,-1,-1,-1,24,1,364,-1,-1,-1,-1,,,,,
20864,4127739,-1,15,4,-1,-1,-1,-1,-1,-1,24,1,364,-1,-1,-1,-1,,,,,
20865,4127789,-1,17,4,-1,-1,-1,-1,-1,-1,7,1,37,-1,-1,-1,-1,,,,,
20866,4127820,-1,11,4,-1,-1,-1,-1,-1,-1,24,1,364,-1,-1,-1,-1,,,,,
20867,4127933,-1,5054,1,-1,-1,-1,-1,-1,-1,8,1,286,-1,-1,-1,-1,,,,,
20870,4128488,-1,8074,32,-1,-1,-1,-1,-1,-1,7,1,10,-1,-1,-1,-1,,,,,
20871,4128549,-1,8021,4,-1,-1,-1,-1,-1,-1,7,1,18,-1,-1,-1,-1,,,,,
20873,4129147,-1,30,2,-1,-1,-1,-1,-1,-1,15,1,125,-1,-1,-1,-1,,,,,
20874,4129327,-1,35,2,-1,-1,-1,-1,-1,-1,15,1,125,-1,-1,-1,-1,,,,,
20876,4129392,-1,46,2,-1,-1,-1,-1,-1,-1,15,1,365,-1,-1,-1,-1,,,,,
20877,4129501,-1,14,1,-1,-1,-1,-1,-1,-1,9,2,9,-1,-1,-1,-1,,,,,
20882,4130270,-1,30,2,-1,-1,-1,-1,-1,-1,15,1,365,-1,-1,-1,-1,,,,,
20884,4130309,-1,38,2,-1,-1,-1,-1,-1,-1,15,1,365,-1,-1,-1,-1,,,,,
20886,4130371,-1,157,32,-1,-1,-1,-1,-1,-1,15,1,365,-1,-1,-1,-1,,,,,
20887,4130624,-1,34,4,-1,-1,-1,-1,-1,-1,15,1,365,-1,-1,-1,-1,,,,,
20894,4131894,-1,36,4,-1,-1,-1,-1,-1,-1,15,1,365,-1,-1,-1,-1,,,,,
20895,4131937,-1,39,4,-1,-1,-1,-1,-1,-1,15,1,125,-1,-1,-1,-1,,,,,
20896,4131999,-1,177,32,-1,-1,-1,-1,-1,-1,15,1,365,-1,-1,-1,-1,,,,,
20898,4132206,-1,236,32,-1,-1,-1,-1,-1,-1,15,1,365,-1,-1,-1,-1,,,,,
20899,4132460,-1,155,32,-1,-1,-1,-1,-1,-1,15,1,365,-1,-1,-1,-1,,,,,
20901,4132664,-1,107,32,-1,-1,-1,-1,-1,-1,15,1,365,-1,-1,-1,-1,,,,,
20902,4132796,-1,160,32,-1,-1,-1,-1,-1,-1,15,1,365,-1,-1,-1,-1,,,,,
20903,4132976,-1,11,64,-1,-1,-1,-1,-1,-1,15,1,366,-1,-1,-1,-1,,,,,
20904,4132994,-1,745,64,-1,-1,-1,-1,-1,-1,15,1,365,-1,-1,-1,-1,,,,,
20906,4133074,-1,3503,16,-1,-1,-1,-1,-1,-1,8,1,286,-1,-1,-1,-1,,,,,
20912,4133799,-1,191,64,-1,-1,-1,-1,-1,-1,15,1,365,-1,-1,-1,-1,,,,,
20914,4134399,-1,61,32,-1,-1,-1,-1,-1,-1,15,1,365,-1,-1,-1,-1,,,,,
20915,4134548,-1,138,32,-1,-1,-1,-1,-1,-1,15,1,365,-1,-1,-1,-1,,,,,
20917,4134698,-1,121,32,-1,-1,-1,-1,-1,-1,15,1,365,-1,-1,-1,-1,,,,,
20918,4134885,-1,96,32,-1,-1,-1,-1,-1,-1,15,1,365,-1,-1,-1,-1,,,,,
20921,4134992,-1,2,32,-1,-1,-1,-1,-1,-1,15,1,125,-1,-1,-1,-1,,,,,
20923,4135037,-1,159,32,-1,-1,-1,-1,-1,-1,15,1,125,-1,-1,-1,-1,,,,,
20927,4135736,-1,33,32,-1,-1,-1,-1,-1,-1,1,1,355,-1,-1,-1,-1,,,,,
20928,4135771,-1,236,32,-1,-1,-1,-1,-1,-1,1,1,355,-1,-1,-1,-1,,,,,
20929,4136014,-1,200,32,-1,-1,-1,-1,-1,-1,1,1,355,-1,-1,-1,-1,,,,,
20931,4136427,-1,121,64,-1,-1,-1,-1,-1,-1,44,1,-1,-1,-1,-1,-1,,,,,
20934,4136711,-1,9570,128,-1,-1,-1,-1,-1,-1,2,1,-1,-1,-1,-1,-1,,,,,
20935,4146286,-1,10929,128,-1,-1,-1,-1,-1,-1,8,1,-1,-1,-1,-1,-1,,,,,
20936,4157222,-1,9553,128,-1,-1,-1,-1,-1,-1,2,1,-1,-1,-1,-1,-1,,,,,
20937,4166832,-1,14242,32,-1,-1,-1,-1,-1,-1,7,1,10,-1,-1,-1,-1,,,,,
20938,4166890,-1,14485,4,-1,-1,-1,-1,-1,-1,7,1,18,-1,-1,-1,-1,,,,,
20970,4168997,-1,60,16,-1,-1,-1,-1,-1,-1,23,1,134,-1,-1,-1,-1,,,,,
20997,4170473,-1,106,16,-1,-1,-1,-1,-1,-1,23,1,134,-1,-1,-1,-1,,,,,
21046,4172835,-1,28,8,-1,-1,-1,-1,-1,-1,28,1,54,-1,-1,-1,-1,,,,,
21047,4172908,-1,223,32,-1,-1,-1,-1,-1,-1,28,1,77,-1,-1,-1,-1,,,,,
21054,4173311,-1,18,8,-1,-1,-1,-1,-1,-1,28,1,54,-1,-1,-1,-1,,,,,
21055,4173355,-1,8107,32,-1,-1,-1,-1,-1,-1,28,1,77,-1,-1,-1,-1,,,,,
21110,4176749,-1,97,16,-1,-1,-1,-1,-1,-1,23,1,134,-1,-1,-1,-1,,,,,
21111,4176787,-1,21,32,-1,-1,-1,-1,-1,-1,8,1,286,-1,-1,-1,-1,,,,,
21112,4176851,-1,14,32,-1,-1,-1,-1,-1,-1,8,1,286,-1,-1,-1,-1,,,,,
21114,4176947,-1,21,32,-1,-1,-1,-1,-1,-1,8,1,286,-1,-1,-1,-1,,,,,
21118,4177157,-1,56,16,-1,-1,-1,-1,-1,-1,23,1,134,-1,-1,-1,-1,,,,,
21119,4177253,-1,20,32,-1,-1,-1,-1,-1,-1,8,1,286,-1,-1,-1,-1,,,,,
21120,4177316,-1,57,16,-1,-1,-1,-1,-1,-1,23,1,134,-1,-1,-1,-1,,,,,
21121,4177322,-1,4,2,-1,-1,-1,-1,-1,-1,55,1,347,-1,-1,-1,-1,,,,,
21122,4177487,-1,29,1,-1,-1,-1,-1,-1,-1,12,2,1,-1,-1,-1,-1,,,,,
21123,4177498,-1,7,16,-1,-1,-1,-1,-1,-1,23,1,134,-1,-1,-1,-1,,,,,
21124,4177543,-1,26,32,-1,-1,-1,-1,-1,-1,8,1,286,-1,-1,-1,-1,,,,,
21126,4177555,-1,108,16,-1,-1,-1,-1,-1,-1,23,1,134,-1,-1,-1,-1,,,,,
21127,4177702,-1,285,4,-1,-1,-1,-1,-1,-1,23,1,134,-1,-1,-1,-1,,,,,
21128,4177798,-1,24,32,-1,-1,-1,-1,-1,-1,8,1,286,-1,-1,-1,-1,,,,,
21129,4177958,-1,21,32,-1,-1,-1,-1,-1,-1,8,1,286,-1,-1,-1,-1,,,,,
21130,4178012,-1,632,32,-1,-1,-1,-1,-1,-1,8,1,286,-1,-1,-1,-1,,,,,
21132,4178349,-1,69,16,-1,-1,-1,-1,-1,-1,23,1,134,-1,-1,-1,-1,,,,,
21133,4178415,-1,21,2,-1,-1,-1,-1,-1,-1,55,1,347,-1,-1,-1,-1,,,,,
21136,4178483,-1,21,2,-1,-1,-1,-1,-1,-1,55,1,347,-1,-1,-1,-1,,,,,
21137,4178511,-1,104,16,-1,-1,-1,-1,-1,-1,23,1,134,-1,-1,-1,-1,,,,,
21138,4178545,-1,25,2,-1,-1,-1,-1,-1,-1,55,1,347,-1,-1,-1,-1,,,,,
21140,4178767,-1,541,32,-1,-1,-1,-1,-1,-1,8,1,286,-1,-1,-1,-1,,,,,
21141,4178813,-1,377,2,-1,-1,-1,-1,-1,-1,55,1,347,-1,-1,-1,-1,,,,,
21143,4179435,-1,599,32,-1,-1,-1,-1,-1,-1,8,1,286,-1,-1,-1,-1,,,,,
21147,4179971,-1,45,16,-1,-1,-1,-1,-1,-1,23,1,134,-1,-1,-1,-1,,,,,
21149,4180044,-1,100,8,-1,-1,-1,-1,-1,-1,23,1,134,-1,-1,-1,-1,,,,,
21154,4180651,-1,160,16,-1,-1,-1,-1,-1,-1,23,1,134,-1,-1,-1,-1,,,,,
21155,4180694,-1,247,2,-1,-1,-1,-1,-1,-1,55,1,347,-1,-1,-1,-1,,,,,
21157,4180978,-1,279,2,-1,-1,-1,-1,-1,-1,55,1,347,-1,-1,-1,-1,,,,,
21158,4181024,-1,61,4,-1,-1,-1,-1,-1,-1,40,2,297,-1,-1,-1,-1,,,,,
21161,4181169,-1,66,8,-1,-1,-1,-1,-1,-1,23,1,134,-1,-1,-1,-1,,,,,
21163,4181378,-1,4639,32,-1,-1,-1,-1,-1,-1,7,1,10,-1,-1,-1,-1,,,,,
21164,4181442,-1,8462,4,-1,-1,-1,-1,-1,-1,7,1,18,-1,-1,-1,-1,,,,,
21165,4181462,-1,213,8,-1,-1,-1,-1,-1,-1,23,1,134,-1,-1,-1,-1,,,,,
21169,4181571,-1,266,2,-1,-1,-1,-1,-1,-1,55,1,347,-1,-1,-1,-1,,,,,
21171,4181624,-1,195,32,-1,-1,-1,-1,-1,-1,15,1,125,-1,-1,-1,-1,,,,,
21176,4181850,-1,83,4,-1,-1,-1,-1,-1,-1,40,2,297,-1,-1,-1,-1,,,,,
21177,4181863,-1,319,8,-1,-1,-1,-1,-1,-1,23,1,134,-1,-1,-1,-1,,,,,
21178,4181957,-1,62,32,-1,-1,-1,-1,-1,-1,28,1,77,-1,-1,-1,-1,,,,,
21179,4182002,-1,308,2,-1,-1,-1,-1,-1,-1,55,1,347,-1,-1,-1,-1,,,,,
21180,4182036,-1,216,32,-1,-1,-1,-1,-1,-1,15,1,125,-1,-1,-1,-1,,,,,
21182,4182194,-1,60,32,-1,-1,-1,-1,-1,-1,28,1,77,-1,-1,-1,-1,,,,,
21184,4182290,-1,2584,32,-1,-1,-1,-1,-1,-1,28,1,-1,-1,-1,-1,-1,,,,,
21185,4182354,-1,647,2,-1,-1,-1,-1,-1,-1,55,1,347,-1,-1,-1,-1,,,,,
21187,4182664,-1,154,32,-1,-1,-1,-1,-1,-1,15,1,125,-1,-1,-1,-1,,,,,
21189,4182867,-1,85,4,-1,-1,-1,-1,-1,-1,40,2,297,-1,-1,-1,-1,,,,,
21199,4183286,-1,474,32,-1,-1,-1,-1,-1,-1,24,1,101,-1,-1,-1,-1,,,,,
21201,4183501,-1,20,1,-1,-1,-1,-1,-1,-1,9,2,9,-1,-1,-1,-1,,,,,
21202,4183546,-1,88,4,-1,-1,-1,-1,-1,-1,40,2,297,-1,-1,-1,-1,,,,,
21204,4183744,-1,102,4,-1,-1,-1,-1,-1,-1,40,2,297,-1,-1,-1,-1,,,,,
21205,4183793,-1,4397,32,-1,-1,-1,-1,-1,-1,24,1,101,-1,-1,-1,-1,,,,,
21207,4184094,-1,98,4,-1,-1,-1,-1,-1,-1,40,2,297,-1,-1,-1,-1,,,,,
21214,4184656,-1,112,4,-1,-1,-1,-1,-1,-1,40,2,297,-1,-1,-1,-1,,,,,
21221,4184905,-1,21,16,-1,-1,-1,-1,-1,-1,17,1,367,-1,-1,-1,-1,,,,,
21222,4184978,-1,108,4,-1,-1,-1,-1,-1,-1,40,2,297,-1,-1,-1,-1,,,,,
21223,4185134,-1,75,16,-1,-1,-1,-1,-1,-1,17,1,367,-1,-1,-1,-1,,,,,
21226,4185489,-1,104,32,-1,-1,-1,-1,-1,-1,28,1,-1,-1,-1,-1,-1,,,,,
21227,4185618,-1,154,8,-1,-1,-1,-1,-1,-1,23,1,134,-1,-1,-1,-1,,,,,
21228,4185622,-1,47,8,-1,-1,-1,-1,-1,-1,28,1,67,-1,-1,-1,-1,,,,,
21229,4185693,-1,81,16,-1,-1,-1,-1,-1,-1,17,1,368,-1,-1,-1,-1,,,,,
21230,4185698,-1,67,16,-1,-1,-1,-1,-1,-1,28,1,67,-1,-1,-1,-1,,,,,
21231,4185798,-1,127,16,-1,-1,-1,-1,-1,-1,17,1,369,-1,-1,-1,-1,,,,,
21233,4185847,-1,226,32,-1,-1,-1,-1,-1,-1,12,2,14,-1,-1,-1,-1,,,,,
21235,4185864,-1,115,8,-1,-1,-1,-1,-1,-1,23,1,134,-1,-1,-1,-1,,,,,
21236,4186024,-1,279,32,-1,-1,-1,-1,-1,-1,28,1,-1,-1,-1,-1,-1,,,,,
21237,4186114,-1,42,16,-1,-1,-1,-1,-1,-1,17,1,367,-1,-1,-1,-1,,,,,
21238,4186159,-1,128,8,-1,-1,-1,-1,-1,-1,23,1,134,-1,-1,-1,-1,,,,,
21249,4186477,-1,318,8,-1,-1,-1,-1,-1,-1,23,1,134,-1,-1,-1,-1,,,,,
21250,4186573,-1,57,16,-1,-1,-1,-1,-1,-1,28,1,67,-1,-1,-1,-1,,,,,
21251,4186576,-1,25,16,-1,-1,-1,-1,-1,-1,8,1,286,-1,-1,-1,-1,,,,,
21252,4186586,-1,42,16,-1,-1,-1,-1,-1,-1,17,1,369,-1,-1,-1,-1,,,,,
21253,4186604,-1,26,8,-1,-1,-1,-1,-1,-1,57,1,361,-1,-1,-1,-1,,,,,
21254,4186690,-1,1260,16,-1,-1,-1,-1,-1,-1,8,1,286,-1,-1,-1,-1,,,,,
21255,4186730,-1,231,32,-1,-1,-1,-1,-1,-1,12,2,14,-1,-1,-1,-1,,,,,
21256,4186744,-1,23,8,-1,-1,-1,-1,-1,-1,57,1,361,-1,-1,-1,-1,,,,,
21257,4186892,-1,57,16,-1,-1,-1,-1,-1,-1,28,1,67,-1,-1,-1,-1,,,,,
21260,4186962,-1,3,4,-1,-1,-1,-1,-1,-1,40,2,297,-1,-1,-1,-1,,,,,
21261,4187005,-1,22,8,-1,-1,-1,-1,-1,-1,57,1,361,-1,-1,-1,-1,,,,,
21262,4187007,-1,22,4,-1,-1,-1,-1,-1,-1,40,2,297,-1,-1,-1,-1,,,,,
21263,4187041,-1,22,4,-1,-1,-1,-1,-1,-1,40,2,297,-1,-1,-1,-1,,,,,
21264,4187096,-1,22,4,-1,-1,-1,-1,-1,-1,40,2,297,-1,-1,-1,-1,,,,,
21265,4187190,-1,24,8,-1,-1,-1,-1,-1,-1,57,1,361,-1,-1,-1,-1,,,,,
21266,4187253,-1,10,32,-1,-1,-1,-1,-1,-1,28,1,77,-1,-1,-1,-1,,,,,
21267,4187282,-1,45,32,-1,-1,-1,-1,-1,-1,28,1,77,-1,-1,-1,-1,,,,,
21269,4187503,-1,21,4,-1,-1,-1,-1,-1,-1,40,2,297,-1,-1,-1,-1,,,,,
21271,4187561,-1,72,4,-1,-1,-1,-1,-1,-1,40,2,297,-1,-1,-1,-1,,,,,
21272,4187574,-1,74,32,-1,-1,-1,-1,-1,-1,28,1,77,-1,-1,-1,-1,,,,,
21276,4187663,-1,3725,32,-1,-1,-1,-1,-1,-1,28,1,-1,-1,-1,-1,-1,,,,,
21284,4187923,-1,46,8,-1,-1,-1,-1,-1,-1,57,1,11,-1,-1,-1,-1,,,,,
21287,4187936,-1,30,8,-1,-1,-1,-1,-1,-1,57,1,361,-1,-1,-1,-1,,,,,
21288,4187982,-1,139,8,-1,-1,-1,-1,-1,-1,57,1,361,-1,-1,-1,-1,,,,,
21290,4188033,-1,64,4,-1,-1,-1,-1,-1,-1,40,2,297,-1,-1,-1,-1,,,,,
21293,4188125,-1,50,16,-1,-1,-1,-1,-1,-1,8,1,286,-1,-1,-1,-1,,,,,
21295,4188178,-1,24,8,-1,-1,-1,-1,-1,-1,57,1,361,-1,-1,-1,-1,,,,,
21296,4188228,-1,21,16,-1,-1,-1,-1,-1,-1,8,1,286,-1,-1,-1,-1,,,,,
21297,4188277,-1,28,8,-1,-1,-1,-1,-1,-1,57,1,11,-1,-1,-1,-1,,,,,
21298,4188313,-1,39,16,-1,-1,-1,-1,-1,-1,8,1,286,-1,-1,-1,-1,,,,,
21299,4188362,-1,23,8,-1,-1,-1,-1,-1,-1,57,1,361,-1,-1,-1,-1,,,,,
21301,4188418,-1,39,16,-1,-1,-1,-1,-1,-1,8,1,286,-1,-1,-1,-1,,,,,
21302,4188453,-1,51,8,-1,-1,-1,-1,-1,-1,57,1,11,-1,-1,-1,-1,,,,,
21304,4188489,-1,59,4,-1,-1,-1,-1,-1,-1,40,2,297,-1,-1,-1,-1,,,,,
21305,4188528,-1,29,8,-1,-1,-1,-1,-1,-1,57,1,361,-1,-1,-1,-1,,,,,
21306,4188566,-1,30,8,-1,-1,-1,-1,-1,-1,8,1,286,-1,-1,-1,-1,,,,,
21308,4188668,-1,33,8,-1,-1,-1,-1,-1,-1,8,1,286,-1,-1,-1,-1,,,,,
21309,4188670,-1,23,8,-1,-1,-1,-1,-1,-1,57,1,361,-1,-1,-1,-1,,,,,
21310,4188766,-1,40,8,-1,-1,-1,-1,-1,-1,8,1,286,-1,-1,-1,-1,,,,,
21311,4188803,-1,23,8,-1,-1,-1,-1,-1,-1,57,1,361,-1,-1,-1,-1,,,,,
21312,4188895,-1,46,4,-1,-1,-1,-1,-1,-1,8,1,286,-1,-1,-1,-1,,,,,
21313,4188979,-1,227,32,-1,-1,-1,-1,-1,-1,12,2,14,-1,-1,-1,-1,,,,,
21314,4188993,-1,40,4,-1,-1,-1,-1,-1,-1,8,1,286,-1,-1,-1,-1,,,,,
21317,4189066,-1,1312,1,-1,-1,-1,-1,-1,-1,51,1,324,-1,-1,-1,-1,,,,,
21318,4189103,-1,30,4,-1,-1,-1,-1,-1,-1,8,1,286,-1,-1,-1,-1,,,,,
21319,4189109,-1,21,8,-1,-1,-1,-1,-1,-1,57,1,361,-1,-1,-1,-1,,,,,
21320,4189184,-1,80,32,-1,-1,-1,-1,-1,-1,57,1,11,-1,-1,-1,-1,,,,,
21321,4189239,-1,24,2,-1,-1,-1,-1,-1,-1,8,1,286,-1,-1,-1,-1,,,,,
21322,4189297,-1,109,1,-1,-1,-1,-1,-1,-1,51,1,324,-1,-1,-1,-1,,,,,
21323,4189306,-1,82,2,-1,-1,-1,-1,-1,-1,8,1,286,-1,-1,-1,-1,,,,,
21324,4189355,-1,268,2,-1,-1,-1,-1,-1,-1,55,1,347,-1,-1,-1,-1,,,,,
21328,4189470,-1,51,2,-1,-1,-1,-1,-1,-1,8,1,286,-1,-1,-1,-1,,,,,
21331,4189636,-1,25,8,-1,-1,-1,-1,-1,-1,57,1,361,-1,-1,-1,-1,,,,,
21335,4189731,-1,320,2,-1,-1,-1,-1,-1,-1,55,1,347,-1,-1,-1,-1,,,,,
21336,4189757,-1,128,1,-1,-1,-1,-1,-1,-1,51,1,324,-1,-1,-1,-1,,,,,
21337,4189784,-1,81,1,-1,-1,-1,-1,-1,-1,8,1,286,-1,-1,-1,-1,,,,,
21338,4189912,-1,21,8,-1,-1,-1,-1,-1,-1,57,1,361,-1,-1,-1,-1,,,,,
21340,4189937,-1,21,1,-1,-1,-1,-1,-1,-1,51,1,324,-1,-1,-1,-1,,,,,
21341,4190030,-1,93,1,-1,-1,-1,-1,-1,-1,8,1,286,-1,-1,-1,-1,,,,,
21342,4190053,-1,188,32,-1,-1,-1,-1,-1,-1,15,1,125,-1,-1,-1,-1,,,,,
21343,4190096,-1,31,8,-1,-1,-1,-1,-1,-1,57,1,361,-1,-1,-1,-1,,,,,
21346,4190231,-1,22,8,-1,-1,-1,-1,-1,-1,57,1,361,-1,-1,-1,-1,,,,,
21347,4190308,-1,21,8,-1,-1,-1,-1,-1,-1,57,1,370,-1,-1,-1,-1,,,,,
21348,4190330,-1,268,2,-1,-1,-1,-1,-1,-1,55,1,347,-1,-1,-1,-1,,,,,
21349,4190407,-1,16,1,-1,-1,-1,-1,-1,-1,12,2,1,-1,-1,-1,-1,,,,,
21350,4190427,-1,762,8,-1,-1,-1,-1,-1,-1,57,1,361,-1,-1,-1,-1,,,,,
21353,4190669,-1,707,2,-1,-1,-1,-1,-1,-1,55,1,347,-1,-1,-1,-1,,,,,
21354,4190766,-1,16,4,-1,-1,-1,-1,-1,-1,7,1,37,-1,-1,-1,-1,,,,,
21355,4190803,-1,85,1,-1,-1,-1,-1,-1,-1,8,1,286,-1,-1,-1,-1,,,,,
21356,4190838,-1,270,1,-1,-1,-1,-1,-1,-1,23,1,9,-1,-1,-1,-1,,,,,
21358,4190981,-1,40,1,-1,-1,-1,-1,-1,-1,8,1,286,-1,-1,-1,-1,,,,,
21361,4191088,-1,32,8,-1,-1,-1,-1,-1,-1,37,1,297,-1,-1,-1,-1,,,,,
21364,4191135,-1,891,8,-1,-1,-1,-1,-1,-1,37,1,297,-1,-1,-1,-1,,,,,
21365,4191146,-1,387,2,-1,-1,-1,-1,-1,-1,55,1,347,-1,-1,-1,-1,,,,,
21367,4191195,-1,20,32,-1,-1,-1,-1,-1,-1,8,1,286,-1,-1,-1,-1,,,,,
21369,4191274,-1,41,32,-1,-1,-1,-1,-1,-1,8,1,286,-1,-1,-1,-1,,,,,
21371,4191343,-1,21,32,-1,-1,-1,-1,-1,-1,23,1,134,-1,-1,-1,-1,,,,,
21373,4191415,-1,59,32,-1,-1,-1,-1,-1,-1,8,1,286,-1,-1,-1,-1,,,,,
21374,4191502,-1,554,32,-1,-1,-1,-1,-1,-1,24,1,101,-1,-1,-1,-1,,,,,
21375,4191518,-1,24,8,-1,-1,-1,-1,-1,-1,57,1,361,-1,-1,-1,-1,,,,,
21376,4191525,-1,531,8,-1,-1,-1,-1,-1,-1,24,1,101,-1,-1,-1,-1,,,,,
21377,4191553,-1,40,32,-1,-1,-1,-1,-1,-1,8,1,286,-1,-1,-1,-1,,,,,
21378,4191604,-1,24,8,-1,-1,-1,-1,-1,-1,57,1,361,-1,-1,-1,-1,,,,,
21379,4191621,-1,110,32,-1,-1,-1,-1,-1,-1,8,1,286,-1,-1,-1,-1,,,,,
21380,4191668,-1,24,8,-1,-1,-1,-1,-1,-1,57,1,361,-1,-1,-1,-1,,,,,
21381,4191679,-1,189,2,-1,-1,-1,-1,-1,-1,55,1,347,-1,-1,-1,-1,,,,,
21382,4191680,-1,55,8,-1,-1,-1,-1,-1,-1,28,1,54,-1,-1,-1,-1,,,,,
21384,4191821,-1,205,8,-1,-1,-1,-1,-1,-1,57,1,361,-1,-1,-1,-1,,,,,
21385,4191830,-1,53,8,-1,-1,-1,-1,-1,-1,28,1,67,-1,-1,-1,-1,,,,,
21387,4191933,-1,227,2,-1,-1,-1,-1,-1,-1,55,1,347,-1,-1,-1,-1,,,,,
21388,4192054,-1,80,32,-1,-1,-1,-1,-1,-1,23,1,134,-1,-1,-1,-1,,,,,
21390,4192210,-1,812,32,-1,-1,-1,-1,-1,-1,24,1,101,-1,-1,-1,-1,,,,,
21391,4192217,-1,84,32,-1,-1,-1,-1,-1,-1,23,1,134,-1,-1,-1,-1,,,,,
21392,4192243,-1,779,8,-1,-1,-1,-1,-1,-1,24,1,101,-1,-1,-1,-1,,,,,
21393,4192247,-1,736,8,-1,-1,-1,-1,-1,-1,57,1,361,-1,-1,-1,-1,,,,,
21396,4192665,-1,22,1,-1,-1,-1,-1,-1,-1,51,1,324,-1,-1,-1,-1,,,,,
21405,4193106,-1,75,32,-1,-1,-1,-1,-1,-1,24,1,101,-1,-1,-1,-1,,,,,
21406,4193131,-1,49,8,-1,-1,-1,-1,-1,-1,24,1,101,-1,-1,-1,-1,,,,,
21407,4193138,-1,1485,2,-1,-1,-1,-1,-1,-1,55,1,347,-1,-1,-1,-1,,,,,
21408,4193297,-1,305,8,-1,-1,-1,-1,-1,-1,57,1,361,-1,-1,-1,-1,,,,,
21411,4193529,-1,1098,2,-1,-1,-1,-1,-1,-1,55,1,347,-1,-1,-1,-1,,,,,
21412,4193642,-1,1057,32,-1,-1,-1,-1,-1,-1,57,1,361,-1,-1,-1,-1,,,,,
21415,4193873,-1,111,32,-1,-1,-1,-1,-1,-1,15,1,125,-1,-1,-1,-1,,,,,
21416,4193987,-1,174,8,-1,-1,-1,-1,-1,-1,37,1,297,-1,-1,-1,-1,,,,,
21418,4194188,-1,125,8,-1,-1,-1,-1,-1,-1,37,1,297,-1,-1,-1,-1,,,,,
21419,4194208,-1,21,32,-1,-1,-1,-1,-1,-1,15,1,125,-1,-1,-1,-1,,,,,
21422,4194339,-1,0,32,-1,-1,-1,-1,-1,-1,24,1,101,-1,-1,-1,-1,,,,,
21423,4194343,-1,59,8,-1,-1,-1,-1,-1,-1,37,1,297,-1,-1,-1,-1,,,,,
21424,4194412,-1,0,32,-1,-1,-1,-1,-1,-1,28,1,-1,-1,-1,-1,-1,,,,,
21425,4194489,-1,59,8,-1,-1,-1,-1,-1,-1,37,1,297,-1,-1,-1,-1,,,,,
21426,4194554,-1,163,16,-1,-1,-1,-1,-1,-1,23,1,134,-1,-1,-1,-1,,,,,
21428,4194641,-1,20,4,-1,-1,-1,-1,-1,-1,37,1,1,-1,-1,-1,-1,,,,,
21430,4194675,-1,163,4,-1,-1,-1,-1,-1,-1,37,1,297,-1,-1,-1,-1,,,,,
21431,4194762,-1,288,32,-1,-1,-1,-1,-1,-1,57,1,361,-1,-1,-1,-1,,,,,
21432,4194773,-1,90,16,-1,-1,-1,-1,-1,-1,23,1,134,-1,-1,-1,-1,,,,,
21434,4194888,-1,114,16,-1,-1,-1,-1,-1,-1,23,1,134,-1,-1,-1,-1,,,,,
21435,4194969,-1,0,2,-1,-1,-1,-1,-1,-1,55,1,347,-1,-1,-1,-1,,,,,
21437,4195031,-1,67,1,-1,-1,-1,-1,-1,-1,23,1,145,-1,-1,-1,-1,,,,,
21438,4195081,-1,0,32,-1,-1,-1,-1,-1,-1,57,1,361,-1,-1,-1,-1,,,,,
21439,4195109,-1,19,1,-1,-1,-1,-1,-1,-1,23,1,145,-1,-1,-1,-1,,,,,
21441,4195176,-1,24,1,-1,-1,-1,-1,-1,-1,23,1,145,-1,-1,-1,-1,,,,,
21442,4195237,-1,0,1,-1,-1,-1,-1,-1,-1,23,1,145,-1,-1,-1,-1,,,,,
21445,4195394,-1,0,16,-1,-1,-1,-1,-1,-1,17,1,367,-1,-1,-1,-1,,,,,
21448,4195601,-1,3,32,-1,-1,-1,-1,-1,-1,56,1,-1,-1,-1,-1,-1,,,,,
21464,4197557,-1,3,2,-1,-1,-1,-1,-1,-1,55,1,347,-1,-1,-1,-1,,,,,
21466,4197587,-1,3,2,-1,-1,-1,-1,-1,-1,55,1,347,-1,-1,-1,-1,,,,,
21468,4197608,-1,3,16,-1,-1,-1,-1,-1,-1,55,1,11,-1,-1,-1,-1,,,,,
21471,4197642,-1,3,2,-1,-1,-1,-1,-1,-1,55,1,347,-1,-1,-1,-1,,,,,
21476,4198657,-1,3289,32,-1,-1,-1,-1,-1,-1,56,1,-1,-1,-1,-1,-1,,,,,
21477,4198658,-1,3720,32,-1,-1,-1,-1,-1,-1,28,1,-1,-1,-1,-1,-1,,,,,
21479,4198889,-1,22,16,-1,-1,-1,-1,-1,-1,17,1,367,-1,-1,-1,-1,,,,,
21480,4198947,-1,22,4,-1,-1,-1,-1,-1,-1,7,1,37,-1,-1,-1,-1,,,,,
21482,4199128,-1,97,16,-1,-1,-1,-1,-1,-1,17,1,367,-1,-1,-1,-1,,,,,
21487,4199510,-1,45,8,-1,-1,-1,-1,-1,-1,37,1,297,-1,-1,-1,-1,,,,,
21488,4199582,-1,58,16,-1,-1,-1,-1,-1,-1,17,1,369,-1,-1,-1,-1,,,,,
21489,4199587,-1,1233,32,-1,-1,-1,-1,-1,-1,24,1,101,-1,-1,-1,-1,,,,,
21490,4199652,-1,134,8,-1,-1,-1,-1,-1,-1,37,1,297,-1,-1,-1,-1,,,,,
21491,4199657,-1,58,8,-1,-1,-1,-1,-1,-1,23,1,134,-1,-1,-1,-1,,,,,
21492,4199702,-1,46,4,-1,-1,-1,-1,-1,-1,24,1,364,-1,-1,-1,-1,,,,,
21493,4199727,-1,1862,16,-1,-1,-1,-1,-1,-1,55,1,11,-1,-1,-1,-1,,,,,
21494,4199738,-1,326,2,-1,-1,-1,-1,-1,-1,55,1,347,-1,-1,-1,-1,,,,,
21495,4199800,-1,49,4,-1,-1,-1,-1,-1,-1,24,1,364,-1,-1,-1,-1,,,,,
21497,4199828,-1,18,8,-1,-1,-1,-1,-1,-1,57,1,11,-1,-1,-1,-1,,,,,
21498,4199876,-1,930,8,-1,-1,-1,-1,-1,-1,57,1,361,-1,-1,-1,-1,,,,,
21500,4200095,-1,428,2,-1,-1,-1,-1,-1,-1,55,1,347,-1,-1,-1,-1,,,,,
21501,4200226,-1,61,4,-1,-1,-1,-1,-1,-1,37,1,297,-1,-1,-1,-1,,,,,
21505,4200374,-1,17,1,-1,-1,-1,-1,-1,-1,12,2,1,-1,-1,-1,-1,,,,,
21507,4200397,-1,54,4,-1,-1,-1,-1,-1,-1,37,1,297,-1,-1,-1,-1,,,,,
21510,4200571,-1,232,2,-1,-1,-1,-1,-1,-1,55,1,347,-1,-1,-1,-1,,,,,
21512,4200655,-1,78,4,-1,-1,-1,-1,-1,-1,24,1,364,-1,-1,-1,-1,,,,,
21515,4200812,-1,58,16,-1,-1,-1,-1,-1,-1,17,1,367,-1,-1,-1,-1,,,,,
21518,4200910,-1,415,2,-1,-1,-1,-1,-1,-1,55,1,347,-1,-1,-1,-1,,,,,
21521,4201066,-1,1297,32,-1,-1,-1,-1,-1,-1,7,1,10,-1,-1,-1,-1,,,,,
21522,4201124,-1,21,8,-1,-1,-1,-1,-1,-1,57,1,361,-1,-1,-1,-1,,,,,
21523,4201130,-1,1533,4,-1,-1,-1,-1,-1,-1,7,1,18,-1,-1,-1,-1,,,,,
21525,4201204,-1,907,8,-1,-1,-1,-1,-1,-1,57,1,361,-1,-1,-1,-1,,,,,
21527,4201349,-1,434,2,-1,-1,-1,-1,-1,-1,55,1,347,-1,-1,-1,-1,,,,,
21531,4201812,-1,6,2,-1,-1,-1,-1,-1,-1,55,1,347,-1,-1,-1,-1,,,,,
21532,4201824,-1,9,4,-1,-1,-1,-1,-1,-1,24,1,28,-1,-1,-1,-1,,,,,
21533,4201845,-1,609,2,-1,-1,-1,-1,-1,-1,55,1,347,-1,-1,-1,-1,,,,,
21536,4201955,-1,599,32,-1,-1,-1,-1,-1,-1,56,1,-1,-1,-1,-1,-1,,,,,
21538,4202061,-1,64,16,-1,-1,-1,-1,-1,-1,17,1,369,-1,-1,-1,-1,,,,,
21541,4202195,-1,36,16,-1,-1,-1,-1,-1,-1,17,1,369,-1,-1,-1,-1,,,,,
21543,4202251,-1,553,2,-1,-1,-1,-1,-1,-1,51,1,324,-1,-1,-1,-1,,,,,
21544,4202276,-1,95,8,-1,-1,-1,-1,-1,-1,37,1,297,-1,-1,-1,-1,,,,,
21546,4202312,-1,19,8,-1,-1,-1,-1,-1,-1,24,1,28,-1,-1,-1,-1,,,,,
21549,4202389,-1,418,32,-1,-1,-1,-1,-1,-1,24,1,101,-1,-1,-1,-1,,,,,
21551,4202478,-1,153,2,-1,-1,-1,-1,-1,-1,55,1,347,-1,-1,-1,-1,,,,,
21556,4202664,-1,0,32,-1,-1,-1,-1,-1,-1,7,1,10,-1,-1,-1,-1,,,,,
21557,4202717,-1,0,32,-1,-1,-1,-1,-1,-1,56,1,348,-1,-1,-1,-1,,,,,
21558,4202745,-1,0,4,-1,-1,-1,-1,-1,-1,7,1,18,-1,-1,-1,-1,,,,,
21560,4202824,-1,0,32,-1,-1,-1,-1,-1,-1,24,1,101,-1,-1,-1,-1,,,,,
21563,4202893,-1,36,2,-1,-1,-1,-1,-1,-1,55,1,347,-1,-1,-1,-1,,,,,
21564,4202924,-1,23,8,-1,-1,-1,-1,-1,-1,24,1,364,-1,-1,-1,-1,,,,,
21565,4203043,-1,30,2,-1,-1,-1,-1,-1,-1,55,1,347,-1,-1,-1,-1,,,,,
21566,4203214,-1,24,8,-1,-1,-1,-1,-1,-1,24,1,364,-1,-1,-1,-1,,,,,
21569,4203320,-1,25,2,-1,-1,-1,-1,-1,-1,55,1,347,-1,-1,-1,-1,,,,,
21573,4203448,-1,24,2,-1,-1,-1,-1,-1,-1,55,1,347,-1,-1,-1,-1,,,,,
21574,4203465,-1,0,1,-1,-1,-1,-1,-1,-1,14,2,1,-1,-1,-1,-1,,,,,
21578,4203554,-1,24,2,-1,-1,-1,-1,-1,-1,55,1,347,-1,-1,-1,-1,,,,,
21582,4203679,-1,225,1,-1,-1,-1,-1,-1,-1,14,2,1,-1,-1,-1,-1,,,,,
21583,4203689,-1,24,2,-1,-1,-1,-1,-1,-1,55,1,347,-1,-1,-1,-1,,,,,
21585,4203769,-1,24,2,-1,-1,-1,-1,-1,-1,55,1,347,-1,-1,-1,-1,,,,,
21593,4204235,-1,0,32,-1,-1,-1,-1,-1,-1,7,1,10,-1,-1,-1,-1,,,,,
21594,4204335,-1,0,4,-1,-1,-1,-1,-1,-1,7,1,37,-1,-1,-1,-1,,,,,
21595,4204435,-1,3,32,-1,-1,-1,-1,-1,-1,12,2,11,-1,-1,-1,-1,,,,,
21596,4205175,-1,2249,32,-1,-1,-1,-1,-1,-1,7,1,10,-1,-1,-1,-1,,,,,
21597,4205244,-1,2482,4,-1,-1,-1,-1,-1,-1,7,1,18,-1,-1,-1,-1,,,,,
21598,4205296,-1,15,1,-1,-1,-1,-1,-1,-1,12,2,1,-1,-1,-1,-1,,,,,
21603,4205435,-1,4403,32,-1,-1,-1,-1,-1,-1,24,1,101,-1,-1,-1,-1,,,,,
21607,4205529,-1,63,8,-1,-1,-1,-1,-1,-1,37,1,297,-1,-1,-1,-1,,,,,
21609,4205607,-1,137,32,-1,-1,-1,-1,-1,-1,15,1,125,-1,-1,-1,-1,,,,,
21612,4205797,-1,168,32,-1,-1,-1,-1,-1,-1,15,1,125,-1,-1,-1,-1,,,,,
21613,4205825,-1,33,4,-1,-1,-1,-1,-1,-1,7,1,37,-1,-1,-1,-1,,,,,
21614,4206013,-1,159,32,-1,-1,-1,-1,-1,-1,15,1,125,-1,-1,-1,-1,,,,,
21617,4206299,-1,165,32,-1,-1,-1,-1,-1,-1,15,1,125,-1,-1,-1,-1,,,,,
21620,4206685,-1,43,8,-1,-1,-1,-1,-1,-1,24,1,28,-1,-1,-1,-1,,,,,
21631,4207391,-1,69,16,-1,-1,-1,-1,-1,-1,17,1,369,-1,-1,-1,-1,,,,,
21632,4207418,-1,3332,32,-1,-1,-1,-1,-1,-1,56,1,-1,-1,-1,-1,-1,,,,,
21633,4207474,-1,58,16,-1,-1,-1,-1,-1,-1,17,1,367,-1,-1,-1,-1,,,,,
21634,4207551,-1,77,8,-1,-1,-1,-1,-1,-1,37,1,297,-1,-1,-1,-1,,,,,
21637,4207732,-1,7552,32,-1,-1,-1,-1,-1,-1,7,1,10,-1,-1,-1,-1,,,,,
21638,4207792,-1,7793,4,-1,-1,-1,-1,-1,-1,7,1,18,-1,-1,-1,-1,,,,,
21639,4207816,-1,35,16,-1,-1,-1,-1,-1,-1,17,1,369,-1,-1,-1,-1,,,,,
21640,4208111,-1,48,4,-1,-1,-1,-1,-1,-1,15,1,19,-1,-1,-1,-1,,,,,
21642,4208141,-1,18,2,-1,-1,-1,-1,-1,-1,15,1,20,-1,-1,-1,-1,,,,,
21644,4208201,-1,85,4,-1,-1,-1,-1,-1,-1,15,1,19,-1,-1,-1,-1,,,,,
21645,4208222,-1,65,2,-1,-1,-1,-1,-1,-1,15,1,20,-1,-1,-1,-1,,,,,
21646,4208326,-1,83,4,-1,-1,-1,-1,-1,-1,15,1,19,-1,-1,-1,-1,,,,,
21647,4208348,-1,62,2,-1,-1,-1,-1,-1,-1,15,1,20,-1,-1,-1,-1,,,,,
21648,4208422,-1,898,4,-1,-1,-1,-1,-1,-1,15,1,19,-1,-1,-1,-1,,,,,
21649,4208443,-1,877,2,-1,-1,-1,-1,-1,-1,15,1,20,-1,-1,-1,-1,,,,,
21650,4208515,-1,79,16,-1,-1,-1,-1,-1,-1,17,1,367,-1,-1,-1,-1,,,,,
21652,4208618,-1,47,16,-1,-1,-1,-1,-1,-1,17,1,369,-1,-1,-1,-1,,,,,
21657,4208821,-1,42,2,-1,-1,-1,-1,-1,-1,24,1,364,-1,-1,-1,-1,,,,,
21660,4209100,-1,23,4,-1,-1,-1,-1,-1,-1,7,1,37,-1,-1,-1,-1,,,,,
21661,4209156,-1,45,8,-1,-1,-1,-1,-1,-1,24,1,364,-1,-1,-1,-1,,,,,
21662,4209254,-1,37,16,-1,-1,-1,-1,-1,-1,17,1,367,-1,-1,-1,-1,,,,,
21664,4209364,-1,127,4,-1,-1,-1,-1,-1,-1,15,1,19,-1,-1,-1,-1,,,,,
21665,4209385,-1,106,2,-1,-1,-1,-1,-1,-1,15,1,20,-1,-1,-1,-1,,,,,
21666,4209389,-1,37,16,-1,-1,-1,-1,-1,-1,24,1,364,-1,-1,-1,-1,,,,,
21667,4209461,-1,66,16,-1,-1,-1,-1,-1,-1,24,1,364,-1,-1,-1,-1,,,,,
21669,4209929,-1,84,8,-1,-1,-1,-1,-1,-1,37,1,297,-1,-1,-1,-1,,,,,
21670,4210031,-1,95,32,-1,-1,-1,-1,-1,-1,24,1,364,-1,-1,-1,-1,,,,,
21675,4210293,-1,84,8,-1,-1,-1,-1,-1,-1,37,1,297,-1,-1,-1,-1,,,,,
21677,4210476,-1,15,16,-1,-1,-1,-1,-1,-1,17,1,367,-1,-1,-1,-1,,,,,
21678,4210639,-1,28,16,-1,-1,-1,-1,-1,-1,17,1,367,-1,-1,-1,-1,,,,,
21679,4210707,-1,20,16,-1,-1,-1,-1,-1,-1,17,1,369,-1,-1,-1,-1,,,,,
21680,4210750,-1,3322,32,-1,-1,-1,-1,-1,-1,56,1,-1,-1,-1,-1,-1,,,,,
21682,4210866,-1,2829,32,-1,-1,-1,-1,-1,-1,24,1,101,-1,-1,-1,-1,,,,,
21683,4210903,-1,2793,8,-1,-1,-1,-1,-1,-1,24,1,101,-1,-1,-1,-1,,,,,
21684,4210992,-1,22,16,-1,-1,-1,-1,-1,-1,17,1,367,-1,-1,-1,-1,,,,,
21686,4211179,-1,17,16,-1,-1,-1,-1,-1,-1,17,1,367,-1,-1,-1,-1,,,,,
21687,4211221,-1,98,16,-1,-1,-1,-1,-1,-1,17,1,367,-1,-1,-1,-1,,,,,
21689,4211748,-1,24,16,-1,-1,-1,-1,-1,-1,17,1,367,-1,-1,-1,-1,,,,,
21690,4211958,-1,24,16,-1,-1,-1,-1,-1,-1,17,1,367,-1,-1,-1,-1,,,,,
21692,4212135,-1,190,4,-1,-1,-1,-1,-1,-1,24,1,364,-1,-1,-1,-1,,,,,
21693,4212332,-1,101,8,-1,-1,-1,-1,-1,-1,37,1,297,-1,-1,-1,-1,,,,,
21697,4212489,-1,102,4,-1,-1,-1,-1,-1,-1,24,1,364,-1,-1,-1,-1,,,,,
21700,4213031,-1,224,8,-1,-1,-1,-1,-1,-1,37,1,297,-1,-1,-1,-1,,,,,
21702,4213262,-1,103,8,-1,-1,-1,-1,-1,-1,37,1,297,-1,-1,-1,-1,,,,,
21703,4213268,-1,23,2,-1,-1,-1,-1,-1,-1,12,2,90,-1,-1,-1,-1,,,,,
21704,4213280,-1,10,2,-1,-1,-1,-1,-1,-1,12,2,49,-1,-1,-1,-1,,,,,
21705,4213285,-1,340,4,-1,-1,-1,-1,-1,-1,24,1,364,-1,-1,-1,-1,,,,,
21706,4213381,-1,71,8,-1,-1,-1,-1,-1,-1,37,1,297,-1,-1,-1,-1,,,,,
21714,4214851,-1,90,32,-1,-1,-1,-1,-1,-1,1,1,357,-1,-1,-1,-1,,,,,
21716,4215035,-1,513,64,-1,-1,-1,-1,-1,-1,15,1,125,-1,-1,-1,-1,,,,,
21717,4215295,-1,448,32,-1,-1,-1,-1,-1,-1,1,1,357,-1,-1,-1,-1,,,,,
21723,4215589,-1,4544,32,-1,-1,-1,-1,-1,-1,7,1,10,-1,-1,-1,-1,,,,,
21724,4215647,-1,4787,4,-1,-1,-1,-1,-1,-1,7,1,18,-1,-1,-1,-1,,,,,
21725,4215756,-1,206,32,-1,-1,-1,-1,-1,-1,1,1,357,-1,-1,-1,-1,,,,,
21726,4215901,-1,16,1,-1,-1,-1,-1,-1,-1,9,2,9,-1,-1,-1,-1,,,,,
21729,4216558,-1,33,32,-1,-1,-1,-1,-1,-1,1,1,357,-1,-1,-1,-1,,,,,
21730,4216733,-1,76,32,-1,-1,-1,-1,-1,-1,1,1,357,-1,-1,-1,-1,,,,,
21731,4216759,-1,997,32,-1,-1,-1,-1,-1,-1,57,1,361,-1,-1,-1,-1,,,,,
21737,4217276,-1,153,32,-1,-1,-1,-1,-1,-1,15,1,125,-1,-1,-1,-1,,,,,
21740,4218036,-1,20,32,-1,-1,-1,-1,-1,-1,15,1,125,-1,-1,-1,-1,,,,,
21741,4218174,-1,153,32,-1,-1,-1,-1,-1,-1,15,1,125,-1,-1,-1,-1,,,,,
21745,4218436,-1,147,32,-1,-1,-1,-1,-1,-1,15,1,125,-1,-1,-1,-1,,,,,
21746,4218458,-1,1176,32,-1,-1,-1,-1,-1,-1,57,1,361,-1,-1,-1,-1,,,,,
21749,4218992,-1,163,32,-1,-1,-1,-1,-1,-1,15,1,365,-1,-1,-1,-1,,,,,
21756,4220031,-1,1283,32,-1,-1,-1,-1,-1,-1,57,1,361,-1,-1,-1,-1,,,,,
21757,4220084,-1,47,32,-1,-1,-1,-1,-1,-1,56,1,-1,-1,-1,-1,-1,,,,,
21759,4220137,-1,163,32,-1,-1,-1,-1,-1,-1,56,1,-1,-1,-1,-1,-1,,,,,
21760,4220210,-1,40,32,-1,-1,-1,-1,-1,-1,15,1,365,-1,-1,-1,-1,,,,,
21761,4220436,-1,24328,32,-1,-1,-1,-1,-1,-1,7,1,10,-1,-1,-1,-1,,,,,
21762,4220493,-1,24274,4,-1,-1,-1,-1,-1,-1,7,1,18,-1,-1,-1,-1,,,,,
21764,4220970,-1,523,32,-1,-1,-1,-1,-1,-1,15,1,365,-1,-1,-1,-1,,,,,
21771,4221756,-1,1520,32,-1,-1,-1,-1,-1,-1,57,1,361,-1,-1,-1,-1,,,,,
21773,4222524,-1,428,32,-1,-1,-1,-1,-1,-1,15,1,125,-1,-1,-1,-1,,,,,
21781,4223888,-1,1873,32,-1,-1,-1,-1,-1,-1,57,1,361,-1,-1,-1,-1,,,,,
21788,4226775,-1,2082,32,-1,-1,-1,-1,-1,-1,57,1,361,-1,-1,-1,-1,,,,,
21789,4227702,-1,421,32,-1,-1,-1,-1,-1,-1,15,1,125,-1,-1,-1,-1,,,,,
21790,4228334,-1,71,32,-1,-1,-1,-1,-1,-1,56,1,348,-1,-1,-1,-1,,,,,
21791,4228469,-1,3279,32,-1,-1,-1,-1,-1,-1,56,1,348,-1,-1,-1,-1,,,,,
21792,4228891,-1,16,1,-1,-1,-1,-1,-1,-1,12,2,1,-1,-1,-1,-1,,,,,
21793,4229312,-1,10925,32,-1,-1,-1,-1,-1,-1,28,1,-1,-1,-1,-1,-1,,,,,
21803,4238190,-1,3284,32,-1,-1,-1,-1,-1,-1,56,1,-1,-1,-1,-1,-1,,,,,
21841,4241474,-1,3281,32,-1,-1,-1,-1,-1,-1,56,1,-1,-1,-1,-1,-1,,,,,
21871,4244784,-1,1340,128,-1,-1,-1,-1,-1,-1,1,1,-1,-1,-1,-1,-1,,,,,
21872,4246128,-1,3287,32,-1,-1,-1,-1,-1,-1,56,1,-1,-1,-1,-1,-1,,,,,
21873,4246274,-1,16306,32,-1,-1,-1,-1,-1,-1,7,1,10,-1,-1,-1,-1,,,,,
21875,4246340,-1,16541,4,-1,-1,-1,-1,-1,-1,7,1,18,-1,-1,-1,-1,,,,,
21901,4249414,-1,3282,32,-1,-1,-1,-1,-1,-1,56,1,-1,-1,-1,-1,-1,,,,,
21928,4252697,-1,3296,32,-1,-1,-1,-1,-1,-1,56,1,-1,-1,-1,-1,-1,,,,,
21953,4255644,-1,339,1,-1,-1,-1,-1,-1,-1,6,1,6,-1,-1,-1,-1,,,,,
21956,4255992,-1,3306,32,-1,-1,-1,-1,-1,-1,56,1,-1,-1,-1,-1,-1,,,,,
21964,4256409,-1,29,1,-1,-1,-1,-1,-1,-1,23,1,9,-1,-1,-1,-1,,,,,
21968,4257089,-1,181,8,-1,-1,-1,-1,-1,-1,23,1,134,-1,-1,-1,-1,,,,,
21970,4257307,-1,510,8,-1,-1,-1,-1,-1,-1,23,1,134,-1,-1,-1,-1,,,,,
21980,4257902,-1,248,2,-1,-1,-1,-1,-1,-1,55,1,347,-1,-1,-1,-1,,,,,
21981,4257950,-1,84,8,-1,-1,-1,-1,-1,-1,23,1,134,-1,-1,-1,-1,,,,,
21982,4258189,-1,59,8,-1,-1,-1,-1,-1,-1,23,1,134,-1,-1,-1,-1,,,,,
21984,4258287,-1,81,8,-1,-1,-1,-1,-1,-1,23,1,134,-1,-1,-1,-1,,,,,
21986,4258604,-1,55,8,-1,-1,-1,-1,-1,-1,23,1,134,-1,-1,-1,-1,,,,,
21987,4258740,-1,53,8,-1,-1,-1,-1,-1,-1,23,1,134,-1,-1,-1,-1,,,,,
21988,4258752,-1,4911,2,-1,-1,-1,-1,-1,-1,55,1,347,-1,-1,-1,-1,,,,,
21991,4258886,-1,57,8,-1,-1,-1,-1,-1,-1,23,1,134,-1,-1,-1,-1,,,,,
21992,4259003,-1,571,8,-1,-1,-1,-1,-1,-1,23,1,134,-1,-1,-1,-1,,,,,
21998,4259300,-1,3277,32,-1,-1,-1,-1,-1,-1,56,1,-1,-1,-1,-1,-1,,,,,
22013,4260969,-1,55,8,-1,-1,-1,-1,-1,-1,23,1,134,-1,-1,-1,-1,,,,,
22014,4261071,-1,127,8,-1,-1,-1,-1,-1,-1,23,1,134,-1,-1,-1,-1,,,,,
22016,4261308,-1,149,8,-1,-1,-1,-1,-1,-1,23,1,134,-1,-1,-1,-1,,,,,
22017,4261639,-1,92,8,-1,-1,-1,-1,-1,-1,23,1,134,-1,-1,-1,-1,,,,,
22020,4261816,-1,128,8,-1,-1,-1,-1,-1,-1,23,1,134,-1,-1,-1,-1,,,,,
22023,4262133,-1,462,32,-1,-1,-1,-1,-1,-1,15,1,365,-1,-1,-1,-1,,,,,
22028,4262588,-1,3302,32,-1,-1,-1,-1,-1,-1,56,1,-1,-1,-1,-1,-1,,,,,
22029,4262625,-1,428,32,-1,-1,-1,-1,-1,-1,15,1,125,-1,-1,-1,-1,,,,,
22031,4262882,-1,9587,32,-1,-1,-1,-1,-1,-1,7,1,10,-1,-1,-1,-1,,,,,
22032,4262932,-1,27,1,-1,-1,-1,-1,-1,-1,12,2,1,-1,-1,-1,-1,,,,,
22033,4262939,-1,9831,4,-1,-1,-1,-1,-1,-1,7,1,18,-1,-1,-1,-1,,,,,
22034,4263578,-1,90,8,-1,-1,-1,-1,-1,-1,23,1,134,-1,-1,-1,-1,,,,,
22035,4263779,-1,2107,2,-1,-1,-1,-1,-1,-1,55,1,347,-1,-1,-1,-1,,,,,
22036,4264048,-1,126,4,-1,-1,-1,-1,-1,-1,23,1,134,-1,-1,-1,-1,,,,,
22037,4264326,-1,136,4,-1,-1,-1,-1,-1,-1,23,1,134,-1,-1,-1,-1,,,,,
22038,4264607,-1,125,4,-1,-1,-1,-1,-1,-1,23,1,134,-1,-1,-1,-1,,,,,
22039,4265110,-1,88,16,-1,-1,-1,-1,-1,-1,28,1,67,-1,-1,-1,-1,,,,,
22040,4265890,-1,3283,32,-1,-1,-1,-1,-1,-1,56,1,-1,-1,-1,-1,-1,,,,,
22041,4268191,-1,1071,2,-1,-1,-1,-1,-1,-1,55,1,347,-1,-1,-1,-1,,,,,
22042,4269174,-1,3293,32,-1,-1,-1,-1,-1,-1,56,1,-1,-1,-1,-1,-1,,,,,
22043,4269318,-1,184,4,-1,-1,-1,-1,-1,-1,55,1,347,-1,-1,-1,-1,,,,,
22044,4269582,-1,201,2,-1,-1,-1,-1,-1,-1,55,1,347,-1,-1,-1,-1,,,,,
22045,4269902,-1,19,1,-1,-1,-1,-1,-1,-1,9,2,9,-1,-1,-1,-1,,,,,
22046,4270251,-1,101,32,-1,-1,-1,-1,-1,-1,4,1,3,-1,-1,-1,-1,,,,,
22047,4270355,-1,18,1,-1,-1,-1,-1,-1,-1,4,1,4,-1,-1,-1,-1,,,,,
22048,4270658,-1,102,32,-1,-1,-1,-1,-1,-1,4,1,3,-1,-1,-1,-1,,,,,
22049,4270763,-1,14,1,-1,-1,-1,-1,-1,-1,4,1,4,-1,-1,-1,-1,,,,,
22050,4270827,-1,15,16,-1,-1,-1,-1,-1,-1,17,1,367,-1,-1,-1,-1,,,,,
22051,4271103,-1,3372,32,-1,-1,-1,-1,-1,-1,24,1,101,-1,-1,-1,-1,,,,,
22052,4271134,-1,30,16,-1,-1,-1,-1,-1,-1,17,1,367,-1,-1,-1,-1,,,,,
22053,4271147,-1,3330,8,-1,-1,-1,-1,-1,-1,24,1,101,-1,-1,-1,-1,,,,,
22054,4271288,-1,13,16,-1,-1,-1,-1,-1,-1,17,1,367,-1,-1,-1,-1,,,,,
22055,4272435,-1,31,1,-1,-1,-1,-1,-1,-1,4,1,4,-1,-1,-1,-1,,,,,
22056,4272473,-1,3420,32,-1,-1,-1,-1,-1,-1,56,1,-1,-1,-1,-1,-1,,,,,
22057,4272745,-1,114,32,-1,-1,-1,-1,-1,-1,4,1,3,-1,-1,-1,-1,,,,,
22058,4272861,-1,16,1,-1,-1,-1,-1,-1,-1,4,1,4,-1,-1,-1,-1,,,,,
22059,4273064,-1,84,8,-1,-1,-1,-1,-1,-1,37,1,297,-1,-1,-1,-1,,,,,
22060,4273078,-1,24466,32,-1,-1,-1,-1,-1,-1,7,1,10,-1,-1,-1,-1,,,,,
22061,4273135,-1,26024,4,-1,-1,-1,-1,-1,-1,7,1,18,-1,-1,-1,-1,,,,,
22062,4273303,-1,21,1,-1,-1,-1,-1,-1,-1,4,1,4,-1,-1,-1,-1,,,,,
22063,4273896,-1,30,1,-1,-1,-1,-1,-1,-1,4,1,4,-1,-1,-1,-1,,,,,
22064,4274334,-1,53,8,-1,-1,-1,-1,-1,-1,23,1,134,-1,-1,-1,-1,,,,,
22065,4274472,-1,79,8,-1,-1,-1,-1,-1,-1,23,1,134,-1,-1,-1,-1,,,,,
22066,4274484,-1,31,16,-1,-1,-1,-1,-1,-1,17,1,367,-1,-1,-1,-1,,,,,
22067,4274629,-1,43,16,-1,-1,-1,-1,-1,-1,17,1,367,-1,-1,-1,-1,,,,,
22068,4274666,-1,61,8,-1,-1,-1,-1,-1,-1,23,1,134,-1,-1,-1,-1,,,,,
22069,4274811,-1,85,8,-1,-1,-1,-1,-1,-1,23,1,134,-1,-1,-1,-1,,,,,
22070,4274910,-1,16,16,-1,-1,-1,-1,-1,-1,17,1,367,-1,-1,-1,-1,,,,,
22071,4275036,-1,328,8,-1,-1,-1,-1,-1,-1,23,1,134,-1,-1,-1,-1,,,,,
22072,4275211,-1,216,2,-1,-1,-1,-1,-1,-1,55,1,347,-1,-1,-1,-1,,,,,
22073,4275238,-1,5524,32,-1,-1,-1,-1,-1,-1,24,1,101,-1,-1,-1,-1,,,,,
22074,4275264,-1,5502,8,-1,-1,-1,-1,-1,-1,24,1,101,-1,-1,-1,-1,,,,,
22075,4275530,-1,87,8,-1,-1,-1,-1,-1,-1,23,1,134,-1,-1,-1,-1,,,,,
22076,4275573,-1,19,1,-1,-1,-1,-1,-1,-1,4,1,4,-1,-1,-1,-1,,,,,
22077,4275687,-1,164,8,-1,-1,-1,-1,-1,-1,23,1,134,-1,-1,-1,-1,,,,,
22078,4275742,-1,304,2,-1,-1,-1,-1,-1,-1,55,1,347,-1,-1,-1,-1,,,,,
22079,4275907,-1,143,4,-1,-1,-1,-1,-1,-1,40,2,297,-1,-1,-1,-1,,,,,
22080,4276087,-1,513,2,-1,-1,-1,-1,-1,-1,55,1,347,-1,-1,-1,-1,,,,,
22081,4276116,-1,42,4,-1,-1,-1,-1,-1,-1,40,2,297,-1,-1,-1,-1,,,,,
22082,4276120,-1,6,4,-1,-1,-1,-1,-1,-1,55,1,347,-1,-1,-1,-1,,,,,
22083,4276160,-1,338,2,-1,-1,-1,-1,-1,-1,55,1,347,-1,-1,-1,-1,,,,,
22084,4276221,-1,113,4,-1,-1,-1,-1,-1,-1,40,2,297,-1,-1,-1,-1,,,,,
22085,4276265,-1,96,8,-1,-1,-1,-1,-1,-1,23,1,134,-1,-1,-1,-1,,,,,
22086,4276269,-1,399,32,-1,-1,-1,-1,-1,-1,4,1,3,-1,-1,-1,-1,,,,,
22087,4276413,-1,96,8,-1,-1,-1,-1,-1,-1,23,1,134,-1,-1,-1,-1,,,,,
22088,4276433,-1,39,4,-1,-1,-1,-1,-1,-1,40,2,297,-1,-1,-1,-1,,,,,
22089,4276738,-1,33,8,-1,-1,-1,-1,-1,-1,40,2,297,-1,-1,-1,-1,,,,,
22090,4276850,-1,46,2,-1,-1,-1,-1,-1,-1,23,1,134,-1,-1,-1,-1,,,,,
22091,4276894,-1,282,2,-1,-1,-1,-1,-1,-1,55,1,347,-1,-1,-1,-1,,,,,
22092,4276956,-1,59,4,-1,-1,-1,-1,-1,-1,40,2,297,-1,-1,-1,-1,,,,,
22093,4277054,-1,493,4,-1,-1,-1,-1,-1,-1,23,1,134,-1,-1,-1,-1,,,,,
22095,4277154,-1,439,4,-1,-1,-1,-1,-1,-1,23,1,162,-1,-1,-1,-1,,,,,
22096,4277210,-1,53,16,-1,-1,-1,-1,-1,-1,17,1,367,-1,-1,-1,-1,,,,,
22097,4277325,-1,234,2,-1,-1,-1,-1,-1,-1,55,1,347,-1,-1,-1,-1,,,,,
22098,4277364,-1,75,4,-1,-1,-1,-1,-1,-1,40,2,297,-1,-1,-1,-1,,,,,
22099,4277419,-1,33,16,-1,-1,-1,-1,-1,-1,17,1,367,-1,-1,-1,-1,,,,,
22100,4277520,-1,42,16,-1,-1,-1,-1,-1,-1,17,1,369,-1,-1,-1,-1,,,,,
22102,4277712,-1,278,2,-1,-1,-1,-1,-1,-1,55,1,347,-1,-1,-1,-1,,,,,
22103,4278017,-1,264,2,-1,-1,-1,-1,-1,-1,55,1,347,-1,-1,-1,-1,,,,,
22105,4278128,-1,66,4,-1,-1,-1,-1,-1,-1,40,2,297,-1,-1,-1,-1,,,,,
22106,4278143,-1,145,2,-1,-1,-1,-1,-1,-1,55,1,347,-1,-1,-1,-1,,,,,
22109,4278553,-1,32,2,-1,-1,-1,-1,-1,-1,55,1,347,-1,-1,-1,-1,,,,,
22111,4278608,-1,251,2,-1,-1,-1,-1,-1,-1,55,1,347,-1,-1,-1,-1,,,,,
22114,4278739,-1,49,4,-1,-1,-1,-1,-1,-1,40,2,297,-1,-1,-1,-1,,,,,
22115,4278773,-1,19,1,-1,-1,-1,-1,-1,-1,4,1,2,-1,-1,-1,-1,,,,,
22116,4278861,-1,50,4,-1,-1,-1,-1,-1,-1,40,2,297,-1,-1,-1,-1,,,,,
22117,4278943,-1,57,4,-1,-1,-1,-1,-1,-1,40,2,297,-1,-1,-1,-1,,,,,
22118,4279038,-1,51,4,-1,-1,-1,-1,-1,-1,40,2,297,-1,-1,-1,-1,,,,,
22119,4279117,-1,116,2,-1,-1,-1,-1,-1,-1,55,1,347,-1,-1,-1,-1,,,,,
22121,4279209,-1,345,32,-1,-1,-1,-1,-1,-1,4,1,3,-1,-1,-1,-1,,,,,
22122,4279415,-1,126,2,-1,-1,-1,-1,-1,-1,55,1,347,-1,-1,-1,-1,,,,,
22123,4279625,-1,164,2,-1,-1,-1,-1,-1,-1,55,1,347,-1,-1,-1,-1,,,,,
22125,4279743,-1,50,4,-1,-1,-1,-1,-1,-1,40,2,297,-1,-1,-1,-1,,,,,
22126,4279822,-1,140,2,-1,-1,-1,-1,-1,-1,55,1,347,-1,-1,-1,-1,,,,,
22127,4279826,-1,36,16,-1,-1,-1,-1,-1,-1,17,1,369,-1,-1,-1,-1,,,,,
22128,4279868,-1,54,4,-1,-1,-1,-1,-1,-1,40,2,297,-1,-1,-1,-1,,,,,
22129,4280070,-1,22,1,-1,-1,-1,-1,-1,-1,12,2,1,-1,-1,-1,-1,,,,,
22133,4280194,-1,5,1,-1,-1,-1,-1,-1,-1,2,1,9,-1,-1,-1,-1,,,,,
22135,4280317,-1,134,2,-1,-1,-1,-1,-1,-1,55,1,347,-1,-1,-1,-1,,,,,
22137,4280415,-1,35,8,-1,-1,-1,-1,-1,-1,37,1,297,-1,-1,-1,-1,,,,,
22138,4280454,-1,43,8,-1,-1,-1,-1,-1,-1,37,1,297,-1,-1,-1,-1,,,,,
22139,4280462,-1,47,2,-1,-1,-1,-1,-1,-1,55,1,71,-1,-1,-1,-1,,,,,
22140,4280538,-1,21,2,-1,-1,-1,-1,-1,-1,55,1,71,-1,-1,-1,-1,,,,,
22141,4280565,-1,26,8,-1,-1,-1,-1,-1,-1,37,1,297,-1,-1,-1,-1,,,,,
22142,4280575,-1,28,2,-1,-1,-1,-1,-1,-1,55,1,71,-1,-1,-1,-1,,,,,
22143,4280685,-1,62,8,-1,-1,-1,-1,-1,-1,37,1,297,-1,-1,-1,-1,,,,,
22145,4280837,-1,22,4,-1,-1,-1,-1,-1,-1,23,1,162,-1,-1,-1,-1,,,,,
22146,4280878,-1,22,4,-1,-1,-1,-1,-1,-1,23,1,134,-1,-1,-1,-1,,,,,
22147,4280910,-1,24,1,-1,-1,-1,-1,-1,-1,23,1,145,-1,-1,-1,-1,,,,,
22148,4281038,-1,21,1,-1,-1,-1,-1,-1,-1,23,1,145,-1,-1,-1,-1,,,,,
22149,4281229,-1,3,1,-1,-1,-1,-1,-1,-1,12,2,1,-1,-1,-1,-1,,,,,
22151,4281253,-1,21,1,-1,-1,-1,-1,-1,-1,23,1,145,-1,-1,-1,-1,,,,,
22152,4281296,-1,16,1,-1,-1,-1,-1,-1,-1,23,1,145,-1,-1,-1,-1,,,,,
22153,4281355,-1,448,4,-1,-1,-1,-1,-1,-1,23,1,134,-1,-1,-1,-1,,,,,
22160,4283508,-1,21,4,-1,-1,-1,-1,-1,-1,23,1,134,-1,-1,-1,-1,,,,,
22161,4283680,-1,693,4,-1,-1,-1,-1,-1,-1,23,1,134,-1,-1,-1,-1,,,,,
22166,4284499,-1,163,64,-1,-1,-1,-1,-1,-1,12,2,14,-1,-1,-1,-1,,,,,
22171,4285365,-1,5550,32,-1,-1,-1,-1,-1,-1,24,1,101,-1,-1,-1,-1,,,,,
22172,4285398,-1,5519,8,-1,-1,-1,-1,-1,-1,24,1,101,-1,-1,-1,-1,,,,,
22176,4286309,-1,131,32,-1,-1,-1,-1,-1,-1,4,1,3,-1,-1,-1,-1,,,,,
22178,4286442,-1,15,1,-1,-1,-1,-1,-1,-1,4,1,4,-1,-1,-1,-1,,,,,
22182,4286894,-1,122,32,-1,-1,-1,-1,-1,-1,4,1,3,-1,-1,-1,-1,,,,,
22184,4287018,-1,15,1,-1,-1,-1,-1,-1,-1,4,1,4,-1,-1,-1,-1,,,,,
22186,4287461,-1,21,2,-1,-1,-1,-1,-1,-1,55,1,71,-1,-1,-1,-1,,,,,
22187,4287474,-1,893,32,-1,-1,-1,-1,-1,-1,4,1,3,-1,-1,-1,-1,,,,,
22188,4287522,-1,21,2,-1,-1,-1,-1,-1,-1,55,1,71,-1,-1,-1,-1,,,,,
22189,4287580,-1,21,2,-1,-1,-1,-1,-1,-1,55,1,347,-1,-1,-1,-1,,,,,
22190,4287750,-1,143,2,-1,-1,-1,-1,-1,-1,55,1,347,-1,-1,-1,-1,,,,,
22192,4287975,-1,332,2,-1,-1,-1,-1,-1,-1,55,1,347,-1,-1,-1,-1,,,,,
22194,4288219,-1,20,1,-1,-1,-1,-1,-1,-1,4,1,4,-1,-1,-1,-1,,,,,
22198,4288423,-1,284,2,-1,-1,-1,-1,-1,-1,55,1,347,-1,-1,-1,-1,,,,,
22199,4288691,-1,296,32,-1,-1,-1,-1,-1,-1,4,1,3,-1,-1,-1,-1,,,,,
22200,4288736,-1,1153,4,-1,-1,-1,-1,-1,-1,59,2,371,-1,-1,-1,-1,,,,,
22201,4288769,-1,1121,1,-1,-1,-1,-1,-1,-1,59,2,103,-1,-1,-1,-1,,,,,
22203,4289177,-1,469,32,-1,-1,-1,-1,-1,-1,4,1,3,-1,-1,-1,-1,,,,,
22207,4289760,-1,113,2,-1,-1,-1,-1,-1,-1,59,2,90,-1,-1,-1,-1,,,,,
22209,4289781,-1,93,2,-1,-1,-1,-1,-1,-1,59,2,49,-1,-1,-1,-1,,,,,
22211,4289913,-1,101,2,-1,-1,-1,-1,-1,-1,59,2,90,-1,-1,-1,-1,,,,,
22212,4289924,-1,2673,32,-1,-1,-1,-1,-1,-1,4,1,3,-1,-1,-1,-1,,,,,
22213,4289935,-1,80,2,-1,-1,-1,-1,-1,-1,59,2,49,-1,-1,-1,-1,,,,,
22214,4289956,-1,59,2,-1,-1,-1,-1,-1,-1,59,2,50,-1,-1,-1,-1,,,,,
22215,4289983,-1,32,2,-1,-1,-1,-1,-1,-1,59,2,51,-1,-1,-1,-1,,,,,
22218,4291390,-1,5530,32,-1,-1,-1,-1,-1,-1,24,1,101,-1,-1,-1,-1,,,,,
22219,4291408,-1,5521,8,-1,-1,-1,-1,-1,-1,24,1,101,-1,-1,-1,-1,,,,,
22223,4293395,-1,7,1,-1,-1,-1,-1,-1,-1,12,2,1,-1,-1,-1,-1,,,,,
22224,4293415,-1,228,32,-1,-1,-1,-1,-1,-1,12,2,14,-1,-1,-1,-1,,,,,
22230,4294637,-1,152,4,-1,-1,-1,-1,-1,-1,15,1,365,-1,-1,-1,-1,,,,,
22232,4294904,-1,237,32,-1,-1,-1,-1,-1,-1,4,1,3,-1,-1,-1,-1,,,,,
22233,4294949,-1,138,4,-1,-1,-1,-1,-1,-1,15,1,365,-1,-1,-1,-1,,,,,
22235,4295194,-1,160,32,-1,-1,-1,-1,-1,-1,4,1,3,-1,-1,-1,-1,,,,,
22238,4295373,-1,184,32,-1,-1,-1,-1,-1,-1,15,1,365,-1,-1,-1,-1,,,,,
22240,4295520,-1,32,1,-1,-1,-1,-1,-1,-1,4,1,4,-1,-1,-1,-1,,,,,
22241,4295607,-1,84,32,-1,-1,-1,-1,-1,-1,15,1,125,-1,-1,-1,-1,,,,,
22242,4295678,-1,21,1,-1,-1,-1,-1,-1,-1,4,1,4,-1,-1,-1,-1,,,,,
22243,4295785,-1,158,32,-1,-1,-1,-1,-1,-1,4,1,3,-1,-1,-1,-1,,,,,
22244,4295950,-1,11,1,-1,-1,-1,-1,-1,-1,4,1,2,-1,-1,-1,-1,,,,,
22246,4296022,-1,137,32,-1,-1,-1,-1,-1,-1,4,1,3,-1,-1,-1,-1,,,,,
22247,4296161,-1,16,1,-1,-1,-1,-1,-1,-1,4,1,4,-1,-1,-1,-1,,,,,
22248,4296213,-1,13,1,-1,-1,-1,-1,-1,-1,4,1,2,-1,-1,-1,-1,,,,,
22251,4296952,-1,120,32,-1,-1,-1,-1,-1,-1,15,1,125,-1,-1,-1,-1,,,,,
22252,4297022,-1,162,32,-1,-1,-1,-1,-1,-1,4,1,3,-1,-1,-1,-1,,,,,
22255,4297175,-1,198,32,-1,-1,-1,-1,-1,-1,15,1,365,-1,-1,-1,-1,,,,,
22256,4297182,-1,16,1,-1,-1,-1,-1,-1,-1,4,1,2,-1,-1,-1,-1,,,,,
22257,4297190,-1,31,1,-1,-1,-1,-1,-1,-1,4,1,4,-1,-1,-1,-1,,,,,
22259,4297399,-1,188,32,-1,-1,-1,-1,-1,-1,15,1,365,-1,-1,-1,-1,,,,,
22260,4297443,-1,158,32,-1,-1,-1,-1,-1,-1,4,1,3,-1,-1,-1,-1,,,,,
22261,4297606,-1,18,1,-1,-1,-1,-1,-1,-1,4,1,4,-1,-1,-1,-1,,,,,
22262,4297641,-1,2,1,-1,-1,-1,-1,-1,-1,4,1,2,-1,-1,-1,-1,,,,,
22263,4297647,-1,10,1,-1,-1,-1,-1,-1,-1,4,1,2,-1,-1,-1,-1,,,,,
22264,4297704,-1,130,32,-1,-1,-1,-1,-1,-1,15,1,125,-1,-1,-1,-1,,,,,
22265,4297735,-1,168,32,-1,-1,-1,-1,-1,-1,4,1,3,-1,-1,-1,-1,,,,,
22267,4297906,-1,23,1,-1,-1,-1,-1,-1,-1,4,1,4,-1,-1,-1,-1,,,,,
22268,4297912,-1,12,1,-1,-1,-1,-1,-1,-1,4,1,2,-1,-1,-1,-1,,,,,
22269,4297944,-1,1222,32,-1,-1,-1,-1,-1,-1,24,1,101,-1,-1,-1,-1,,,,,
22270,4297980,-1,1188,8,-1,-1,-1,-1,-1,-1,24,1,101,-1,-1,-1,-1,,,,,
22271,4297995,-1,805,64,-1,-1,-1,-1,-1,-1,15,1,125,-1,-1,-1,-1,,,,,
22273,4298676,-1,39,1,-1,-1,-1,-1,-1,-1,4,1,4,-1,-1,-1,-1,,,,,
22275,4298807,-1,619,64,-1,-1,-1,-1,-1,-1,15,1,125,-1,-1,-1,-1,,,,,
22277,4299176,-1,182,32,-1,-1,-1,-1,-1,-1,4,1,3,-1,-1,-1,-1,,,,,
22280,4299447,-1,5528,32,-1,-1,-1,-1,-1,-1,24,1,101,-1,-1,-1,-1,,,,,
22281,4299478,-1,5499,8,-1,-1,-1,-1,-1,-1,24,1,101,-1,-1,-1,-1,,,,,
22282,4299534,-1,212,32,-1,-1,-1,-1,-1,-1,15,1,125,-1,-1,-1,-1,,,,,
22283,4299640,-1,409,32,-1,-1,-1,-1,-1,-1,4,1,3,-1,-1,-1,-1,,,,,
22284,4299773,-1,208,32,-1,-1,-1,-1,-1,-1,15,1,125,-1,-1,-1,-1,,,,,
22286,4300053,-1,19,1,-1,-1,-1,-1,-1,-1,4,1,4,-1,-1,-1,-1,,,,,
22287,4300084,-1,183,32,-1,-1,-1,-1,-1,-1,15,1,125,-1,-1,-1,-1,,,,,
22288,4300369,-1,3726,64,-1,-1,-1,-1,-1,-1,4,1,3,-1,-1,-1,-1,,,,,
22296,4302315,-1,47,1,-1,-1,-1,-1,-1,-1,9,2,9,-1,-1,-1,-1,,,,,
22298,4302707,-1,19,2,-1,-1,-1,-1,-1,-1,15,1,365,-1,-1,-1,-1,,,,,
22299,4302733,-1,94,2,-1,-1,-1,-1,-1,-1,15,1,365,-1,-1,-1,-1,,,,,
22300,4302853,-1,58,2,-1,-1,-1,-1,-1,-1,15,1,365,-1,-1,-1,-1,,,,,
22304,4303399,-1,5,2,-1,-1,-1,-1,-1,-1,15,1,125,-1,-1,-1,-1,,,,,
22306,4303663,-1,149,2,-1,-1,-1,-1,-1,-1,15,1,125,-1,-1,-1,-1,,,,,
22307,4303878,-1,125,16,-1,-1,-1,-1,-1,-1,15,1,125,-1,-1,-1,-1,,,,,
22309,4304107,-1,31,32,-1,-1,-1,-1,-1,-1,12,2,-1,-1,-1,-1,-1,,,,,
22310,4304115,-1,20,1,-1,-1,-1,-1,-1,-1,4,1,4,-1,-1,-1,-1,,,,,
22311,4304124,-1,12,32,-1,-1,-1,-1,-1,-1,12,2,11,-1,-1,-1,-1,,,,,
22312,4304481,-1,119,32,-1,-1,-1,-1,-1,-1,15,1,365,-1,-1,-1,-1,,,,,
22314,4304610,-1,121,32,-1,-1,-1,-1,-1,-1,15,1,125,-1,-1,-1,-1,,,,,
22315,4304812,-1,16,64,-1,-1,-1,-1,-1,-1,15,1,125,-1,-1,-1,-1,,,,,
22316,4304855,-1,345,64,-1,-1,-1,-1,-1,-1,15,1,125,-1,-1,-1,-1,,,,,
22321,4313225,-1,668,128,-1,-1,-1,-1,-1,-1,1,1,-1,-1,-1,-1,-1,,,,,
22322,4313898,-1,9686,128,-1,-1,-1,-1,-1,-1,2,1,-1,-1,-1,-1,-1,,,,,
22323,4323588,-1,9707,128,-1,-1,-1,-1,-1,-1,2,1,-1,-1,-1,-1,-1,,,,,
22324,4333298,-1,9701,128,-1,-1,-1,-1,-1,-1,2,1,-1,-1,-1,-1,-1,,,,,
22361,4346702,-1,928,32,-1,-1,-1,-1,-1,-1,57,1,361,-1,-1,-1,-1,,,,,
22366,4347164,-1,43,32,-1,-1,-1,-1,-1,-1,57,1,372,-1,-1,-1,-1,,,,,
22371,4347655,-1,922,32,-1,-1,-1,-1,-1,-1,57,1,361,-1,-1,-1,-1,,,,,
22384,4348682,-1,1506,64,-1,-1,-1,-1,-1,-1,57,1,361,-1,-1,-1,-1,,,,,
22397,4349904,-1,163,64,-1,-1,-1,-1,-1,-1,12,2,14,-1,-1,-1,-1,,,,,
22400,4350257,-1,1629,128,-1,-1,-1,-1,-1,-1,57,1,361,-1,-1,-1,-1,,,,,
22463,4356302,-1,16,1,-1,-1,-1,-1,-1,-1,9,2,9,-1,-1,-1,-1,,,,,
22486,4358353,-1,8371,64,-1,-1,-1,-1,-1,-1,4,1,3,-1,-1,-1,-1,,,,,
22516,4366726,-1,9,1,-1,-1,-1,-1,-1,-1,4,1,4,-1,-1,-1,-1,,,,,
22517,4366756,-1,136,32,-1,-1,-1,-1,-1,-1,4,1,3,-1,-1,-1,-1,,,,,
22518,4366894,-1,14,1,-1,-1,-1,-1,-1,-1,4,1,4,-1,-1,-1,-1,,,,,
22521,4367902,-1,1442,64,-1,-1,-1,-1,-1,-1,4,1,3,-1,-1,-1,-1,,,,,
22522,4369677,-1,11682,64,-1,-1,-1,-1,-1,-1,4,1,3,-1,-1,-1,-1,,,,,
22523,4371395,-1,13,1,-1,-1,-1,-1,-1,-1,4,1,4,-1,-1,-1,-1,,,,,
22524,4372342,-1,229,32,-1,-1,-1,-1,-1,-1,4,1,373,-1,-1,-1,-1,,,,,
22525,4372654,-1,103,32,-1,-1,-1,-1,-1,-1,4,1,373,-1,-1,-1,-1,,,,,
22526,4372759,-1,12,1,-1,-1,-1,-1,-1,-1,4,1,4,-1,-1,-1,-1,,,,,
22527,4373127,-1,579,32,-1,-1,-1,-1,-1,-1,4,1,373,-1,-1,-1,-1,,,,,
22528,4373779,-1,15,1,-1,-1,-1,-1,-1,-1,4,1,4,-1,-1,-1,-1,,,,,
22529,4373860,-1,91,32,-1,-1,-1,-1,-1,-1,4,1,373,-1,-1,-1,-1,,,,,
22530,4373953,-1,12,1,-1,-1,-1,-1,-1,-1,4,1,4,-1,-1,-1,-1,,,,,
22531,4375832,-1,162,32,-1,-1,-1,-1,-1,-1,4,1,373,-1,-1,-1,-1,,,,,
22532,4375894,-1,18,1,-1,-1,-1,-1,-1,-1,12,2,1,-1,-1,-1,-1,,,,,
22533,4376003,-1,57,1,-1,-1,-1,-1,-1,-1,12,2,1,-1,-1,-1,-1,,,,,
22534,4376019,-1,15,1,-1,-1,-1,-1,-1,-1,4,1,4,-1,-1,-1,-1,,,,,
22535,4376123,-1,117,32,-1,-1,-1,-1,-1,-1,4,1,373,-1,-1,-1,-1,,,,,
22536,4376147,-1,119,1,-1,-1,-1,-1,-1,-1,12,2,1,-1,-1,-1,-1,,,,,
22537,4376242,-1,13,1,-1,-1,-1,-1,-1,-1,4,1,4,-1,-1,-1,-1,,,,,
22538,4376338,-1,161,64,-1,-1,-1,-1,-1,-1,12,2,14,-1,-1,-1,-1,,,,,
22539,4376652,-1,16,1,-1,-1,-1,-1,-1,-1,12,2,1,-1,-1,-1,-1,,,,,
22541,4376692,-1,18,1,-1,-1,-1,-1,-1,-1,12,2,1,-1,-1,-1,-1,,,,,
22543,4376739,-1,17,1,-1,-1,-1,-1,-1,-1,12,2,1,-1,-1,-1,-1,,,,,
22546,4376829,-1,29,1,-1,-1,-1,-1,-1,-1,12,2,1,-1,-1,-1,-1,,,,,
22556,4377752,-1,14,1,-1,-1,-1,-1,-1,-1,4,1,4,-1,-1,-1,-1,,,,,
22557,4377827,-1,111,32,-1,-1,-1,-1,-1,-1,4,1,373,-1,-1,-1,-1,,,,,
22562,4378023,-1,104,32,-1,-1,-1,-1,-1,-1,4,1,373,-1,-1,-1,-1,,,,,
22580,4379513,-1,152,32,-1,-1,-1,-1,-1,-1,4,1,373,-1,-1,-1,-1,,,,,
22585,4379814,-1,131,32,-1,-1,-1,-1,-1,-1,4,1,373,-1,-1,-1,-1,,,,,
22588,4379948,-1,17,1,-1,-1,-1,-1,-1,-1,4,1,4,-1,-1,-1,-1,,,,,
22593,4380055,-1,10,1,-1,-1,-1,-1,-1,-1,4,1,2,-1,-1,-1,-1,,,,,
22595,4380125,-1,116,32,-1,-1,-1,-1,-1,-1,4,1,373,-1,-1,-1,-1,,,,,
22596,4380243,-1,14,1,-1,-1,-1,-1,-1,-1,4,1,4,-1,-1,-1,-1,,,,,
22597,4380381,-1,35,1,-1,-1,-1,-1,-1,-1,4,1,2,-1,-1,-1,-1,,,,,
22613,4381361,-1,13,1,-1,-1,-1,-1,-1,-1,4,1,4,-1,-1,-1,-1,,,,,
22616,4381664,-1,5870,64,-1,-1,-1,-1,-1,-1,4,1,3,-1,-1,-1,-1,,,,,
22639,4387537,-1,14,1,-1,-1,-1,-1,-1,-1,4,1,4,-1,-1,-1,-1,,,,,
22640,4387583,-1,7912,64,-1,-1,-1,-1,-1,-1,4,1,3,-1,-1,-1,-1,,,,,
22644,4388708,-1,17,1,-1,-1,-1,-1,-1,-1,9,2,9,-1,-1,-1,-1,,,,,
22651,4390326,-1,550,32,-1,-1,-1,-1,-1,-1,15,1,125,-1,-1,-1,-1,,,,,
22655,4391027,-1,593,32,-1,-1,-1,-1,-1,-1,15,1,365,-1,-1,-1,-1,,,,,
22662,4392965,-1,515,32,-1,-1,-1,-1,-1,-1,15,1,126,-1,-1,-1,-1,,,,,
22664,4393495,-1,556,32,-1,-1,-1,-1,-1,-1,15,1,125,-1,-1,-1,-1,,,,,
22670,4394762,-1,15,1,-1,-1,-1,-1,-1,-1,4,1,4,-1,-1,-1,-1,,,,,
22671,4394817,-1,23,1,-1,-1,-1,-1,-1,-1,4,1,4,-1,-1,-1,-1,,,,,
22674,4395497,-1,11,1,-1,-1,-1,-1,-1,-1,4,1,4,-1,-1,-1,-1,,,,,
22675,4395606,-1,10923,64,-1,-1,-1,-1,-1,-1,4,1,-1,-1,-1,-1,-1,,,,,
22715,4406541,-1,9558,128,-1,-1,-1,-1,-1,-1,2,1,-1,-1,-1,-1,-1,,,,,
22716,4416103,-1,9594,128,-1,-1,-1,-1,-1,-1,2,1,-1,-1,-1,-1,-1,,,,,
22832,4437036,-1,23,1,-1,-1,-1,-1,-1,-1,4,1,4,-1,-1,-1,-1,,,,,
22833,4437125,-1,15651,64,-1,-1,-1,-1,-1,-1,4,1,3,-1,-1,-1,-1,,,,,
22855,4442701,-1,16,1,-1,-1,-1,-1,-1,-1,9,2,9,-1,-1,-1,-1,,,,,
22899,4452779,-1,17,1,-1,-1,-1,-1,-1,-1,4,1,4,-1,-1,-1,-1,,,,,
22900,4452917,-1,18,1,-1,-1,-1,-1,-1,-1,4,1,2,-1,-1,-1,-1,,,,,
22901,4452995,-1,15671,64,-1,-1,-1,-1,-1,-1,4,1,3,-1,-1,-1,-1,,,,,
22905,4453946,-1,833,4,-1,-1,-1,-1,-1,-1,51,1,346,-1,-1,-1,-1,,,,,
22908,4454212,-1,568,1,-1,-1,-1,-1,-1,-1,51,1,325,-1,-1,-1,-1,,,,,
22911,4454391,-1,388,4,-1,-1,-1,-1,-1,-1,51,1,324,-1,-1,-1,-1,,,,,
22913,4454831,-1,786,32,-1,-1,-1,-1,-1,-1,51,1,324,-1,-1,-1,-1,,,,,
22914,4455187,-1,40,1,-1,-1,-1,-1,-1,-1,12,2,1,-1,-1,-1,-1,,,,,
22958,4468668,-1,15,1,-1,-1,-1,-1,-1,-1,4,1,4,-1,-1,-1,-1,,,,,
22959,4469506,-1,8,1,-1,-1,-1,-1,-1,-1,4,1,2,-1,-1,-1,-1,,,,,
22960,4469561,-1,11417,64,-1,-1,-1,-1,-1,-1,4,1,3,-1,-1,-1,-1,,,,,
22961,4474381,-1,23,1,-1,-1,-1,-1,-1,-1,4,1,4,-1,-1,-1,-1,,,,,
22962,4474615,-1,163,64,-1,-1,-1,-1,-1,-1,12,2,14,-1,-1,-1,-1,,,,,
22963,4474790,-1,20,1,-1,-1,-1,-1,-1,-1,12,2,1,-1,-1,-1,-1,,,,,
22964,4475101,-1,14,1,-1,-1,-1,-1,-1,-1,9,2,9,-1,-1,-1,-1,,,,,
22965,4477793,-1,16,1,-1,-1,-1,-1,-1,-1,4,1,4,-1,-1,-1,-1,,,,,
22966,4480935,-1,13,1,-1,-1,-1,-1,-1,-1,4,1,4,-1,-1,-1,-1,,,,,
22967,4480980,-1,20,1,-1,-1,-1,-1,-1,-1,4,1,4,-1,-1,-1,-1,,,,,
22968,4482005,-1,10923,64,-1,-1,-1,-1,-1,-1,4,1,-1,-1,-1,-1,-1,,,,,
22969,4489046,-1,235,16,-1,-1,-1,-1,-1,-1,51,1,324,-1,-1,-1,-1,,,,,
22970,4489837,-1,179,16,-1,-1,-1,-1,-1,-1,51,1,324,-1,-1,-1,-1,,,,,
22971,4492932,-1,9812,128,-1,-1,-1,-1,-1,-1,2,1,-1,-1,-1,-1,-1,,,,,
22972,4502748,-1,9816,128,-1,-1,-1,-1,-1,-1,2,1,-1,-1,-1,-1,-1,,,,,
22974,4513060,-1,39,1,-1,-1,-1,-1,-1,-1,23,1,134,-1,-1,-1,-1,,,,,
22975,4513325,-1,35,1,-1,-1,-1,-1,-1,-1,23,1,134,-1,-1,-1,-1,,,,,
22978,4513832,-1,29,1,-1,-1,-1,-1,-1,-1,23,1,134,-1,-1,-1,-1,,,,,
22980,4514046,-1,43,1,-1,-1,-1,-1,-1,-1,23,1,134,-1,-1,-1,-1,,,,,
22984,4514252,-1,26,1,-1,-1,-1,-1,-1,-1,23,1,134,-1,-1,-1,-1,,,,,
22985,4514427,-1,39,1,-1,-1,-1,-1,-1,-1,23,1,134,-1,-1,-1,-1,,,,,
22986,4514525,-1,32,1,-1,-1,-1,-1,-1,-1,23,1,134,-1,-1,-1,-1,,,,,
22989,4515245,-1,22,1,-1,-1,-1,-1,-1,-1,23,1,134,-1,-1,-1,-1,,,,,
22990,4515347,-1,99,1,-1,-1,-1,-1,-1,-1,23,1,134,-1,-1,-1,-1,,,,,
22994,4515762,-1,127,1,-1,-1,-1,-1,-1,-1,23,1,134,-1,-1,-1,-1,,,,,
22998,4516337,-1,93,1,-1,-1,-1,-1,-1,-1,23,1,134,-1,-1,-1,-1,,,,,
23000,4516738,-1,48,1,-1,-1,-1,-1,-1,-1,23,1,134,-1,-1,-1,-1,,,,,
23002,4517339,-1,28,1,-1,-1,-1,-1,-1,-1,23,1,134,-1,-1,-1,-1,,,,,
23006,4517515,-1,41,1,-1,-1,-1,-1,-1,-1,23,1,134,-1,-1,-1,-1,,,,,
23008,4517646,-1,21,2,-1,-1,-1,-1,-1,-1,55,1,347,-1,-1,-1,-1,,,,,
23009,4517660,-1,27,1,-1,-1,-1,-1,-1,-1,23,1,134,-1,-1,-1,-1,,,,,
23010,4517771,-1,21,2,-1,-1,-1,-1,-1,-1,55,1,347,-1,-1,-1,-1,,,,,
23011,4517826,-1,21,2,-1,-1,-1,-1,-1,-1,55,1,347,-1,-1,-1,-1,,,,,
23012,4517915,-1,229,2,-1,-1,-1,-1,-1,-1,55,1,347,-1,-1,-1,-1,,,,,
23014,4518109,-1,21,1,-1,-1,-1,-1,-1,-1,23,1,134,-1,-1,-1,-1,,,,,
23015,4518147,-1,106,1,-1,-1,-1,-1,-1,-1,23,1,134,-1,-1,-1,-1,,,,,
23018,4518846,-1,118,1,-1,-1,-1,-1,-1,-1,23,1,134,-1,-1,-1,-1,,,,,
23019,4518858,-1,19,1,-1,-1,-1,-1,-1,-1,28,1,374,-1,-1,-1,-1,,,,,
23020,4518909,-1,27,8,-1,-1,-1,-1,-1,-1,28,1,54,-1,-1,-1,-1,,,,,
23021,4518960,-1,9,2,-1,-1,-1,-1,-1,-1,28,1,54,-1,-1,-1,-1,,,,,
23022,4519047,-1,11,4,-1,-1,-1,-1,-1,-1,28,1,54,-1,-1,-1,-1,,,,,
23023,4519098,-1,121,1,-1,-1,-1,-1,-1,-1,23,1,134,-1,-1,-1,-1,,,,,
23025,4519185,-1,29,2,-1,-1,-1,-1,-1,-1,28,1,375,-1,-1,-1,-1,,,,,
23027,4519239,-1,111,1,-1,-1,-1,-1,-1,-1,23,1,134,-1,-1,-1,-1,,,,,
23030,4519541,-1,9,1,-1,-1,-1,-1,-1,-1,28,1,77,-1,-1,-1,-1,,,,,
23031,4519569,-1,35,2,-1,-1,-1,-1,-1,-1,28,1,77,-1,-1,-1,-1,,,,,
23032,4519623,-1,12660,2,-1,-1,-1,-1,-1,-1,28,1,77,-1,-1,-1,-1,,,,,
23033,4519652,-1,124,1,-1,-1,-1,-1,-1,-1,23,1,134,-1,-1,-1,-1,,,,,
23035,4519971,-1,21,1,-1,-1,-1,-1,-1,-1,23,1,134,-1,-1,-1,-1,,,,,
23036,4520001,-1,21,1,-1,-1,-1,-1,-1,-1,23,1,134,-1,-1,-1,-1,,,,,
23037,4520076,-1,111,1,-1,-1,-1,-1,-1,-1,23,1,134,-1,-1,-1,-1,,,,,
23040,4520711,-1,45,1,-1,-1,-1,-1,-1,-1,23,1,134,-1,-1,-1,-1,,,,,
23047,4522149,-1,66,4,-1,-1,-1,-1,-1,-1,23,1,134,-1,-1,-1,-1,,,,,
23048,4522266,-1,43,1,-1,-1,-1,-1,-1,-1,23,1,9,-1,-1,-1,-1,,,,,
23050,4522445,-1,40,4,-1,-1,-1,-1,-1,-1,23,1,134,-1,-1,-1,-1,,,,,
23051,4522534,-1,455,4,-1,-1,-1,-1,-1,-1,23,1,134,-1,-1,-1,-1,,,,,
23056,4523030,-1,25,1,-1,-1,-1,-1,-1,-1,23,1,9,-1,-1,-1,-1,,,,,
23058,4523381,-1,158,64,-1,-1,-1,-1,-1,-1,12,2,14,-1,-1,-1,-1,,,,,
23060,4523709,-1,23,4,-1,-1,-1,-1,-1,-1,23,1,134,-1,-1,-1,-1,,,,,
23061,4523808,-1,723,4,-1,-1,-1,-1,-1,-1,23,1,134,-1,-1,-1,-1,,,,,
23062,4523875,-1,376,4,-1,-1,-1,-1,-1,-1,23,1,162,-1,-1,-1,-1,,,,,
23065,4524387,-1,2,64,-1,-1,-1,-1,-1,-1,4,1,3,-1,-1,-1,-1,,,,,
23067,4524453,-1,4,1,-1,-1,-1,-1,-1,-1,23,1,12,-1,-1,-1,-1,,,,,
23068,4524714,-1,1000,4,-1,-1,-1,-1,-1,-1,23,1,134,-1,-1,-1,-1,,,,,
23069,4524773,-1,273,2,-1,-1,-1,-1,-1,-1,55,1,347,-1,-1,-1,-1,,,,,
23070,4525066,-1,544,2,-1,-1,-1,-1,-1,-1,55,1,347,-1,-1,-1,-1,,,,,
23071,4525161,-1,13138,64,-1,-1,-1,-1,-1,-1,4,1,3,-1,-1,-1,-1,,,,,
23072,4525322,-1,998,32,-1,-1,-1,-1,-1,-1,11,1,11,-1,-1,-1,-1,,,,,
23073,4525649,-1,211,2,-1,-1,-1,-1,-1,-1,55,1,347,-1,-1,-1,-1,,,,,
23074,4525869,-1,39,4,-1,-1,-1,-1,-1,-1,23,1,134,-1,-1,-1,-1,,,,,
23075,4526015,-1,481,4,-1,-1,-1,-1,-1,-1,23,1,134,-1,-1,-1,-1,,,,,
23076,4526110,-1,298,2,-1,-1,-1,-1,-1,-1,55,1,347,-1,-1,-1,-1,,,,,
23077,4526521,-1,920,32,-1,-1,-1,-1,-1,-1,11,1,11,-1,-1,-1,-1,,,,,
23078,4526562,-1,41,4,-1,-1,-1,-1,-1,-1,23,1,134,-1,-1,-1,-1,,,,,
23079,4526959,-1,1057,2,-1,-1,-1,-1,-1,-1,55,1,347,-1,-1,-1,-1,,,,,
23080,4527143,-1,45,4,-1,-1,-1,-1,-1,-1,23,1,134,-1,-1,-1,-1,,,,,
23081,4527401,-1,887,4,-1,-1,-1,-1,-1,-1,23,1,134,-1,-1,-1,-1,,,,,
23082,4527532,-1,52,8,-1,-1,-1,-1,-1,-1,37,1,297,-1,-1,-1,-1,,,,,
23083,4527593,-1,28,16,-1,-1,-1,-1,-1,-1,57,1,361,-1,-1,-1,-1,,,,,
23084,4527656,-1,21,2,-1,-1,-1,-1,-1,-1,55,1,347,-1,-1,-1,-1,,,,,
23085,4527683,-1,27,16,-1,-1,-1,-1,-1,-1,57,1,361,-1,-1,-1,-1,,,,,
23086,4527695,-1,316,2,-1,-1,-1,-1,-1,-1,55,1,347,-1,-1,-1,-1,,,,,
23087,4527758,-1,29,16,-1,-1,-1,-1,-1,-1,57,1,361,-1,-1,-1,-1,,,,,
23088,4527869,-1,297,16,-1,-1,-1,-1,-1,-1,57,1,361,-1,-1,-1,-1,,,,,
23089,4528029,-1,314,2,-1,-1,-1,-1,-1,-1,55,1,347,-1,-1,-1,-1,,,,,
23090,4528208,-1,298,16,-1,-1,-1,-1,-1,-1,57,1,361,-1,-1,-1,-1,,,,,
23092,4528780,-1,58,8,-1,-1,-1,-1,-1,-1,37,1,297,-1,-1,-1,-1,,,,,
23094,4529100,-1,16,1,-1,-1,-1,-1,-1,-1,9,2,9,-1,-1,-1,-1,,,,,
23095,4529109,-1,53,8,-1,-1,-1,-1,-1,-1,37,1,297,-1,-1,-1,-1,,,,,
23097,4529452,-1,58,8,-1,-1,-1,-1,-1,-1,37,1,297,-1,-1,-1,-1,,,,,
23098,4529509,-1,167,8,-1,-1,-1,-1,-1,-1,5,2,11,-1,-1,-1,-1,,,,,
23099,4529522,-1,5,1,-1,-1,-1,-1,-1,-1,5,2,9,-1,-1,-1,-1,,,,,
23100,4529537,-1,35,32,-1,-1,-1,-1,-1,-1,5,2,241,-1,-1,-1,-1,,,,,
23101,4529574,-1,12,1,-1,-1,-1,-1,-1,-1,5,2,9,-1,-1,-1,-1,,,,,
23103,4529631,-1,11,1,-1,-1,-1,-1,-1,-1,5,2,9,-1,-1,-1,-1,,,,,
23104,4529704,-1,58,8,-1,-1,-1,-1,-1,-1,37,1,297,-1,-1,-1,-1,,,,,
23105,4529894,-1,227,2,-1,-1,-1,-1,-1,-1,55,1,347,-1,-1,-1,-1,,,,,
23108,4529996,-1,56,8,-1,-1,-1,-1,-1,-1,37,1,297,-1,-1,-1,-1,,,,,
23111,4530262,-1,205,2,-1,-1,-1,-1,-1,-1,55,1,347,-1,-1,-1,-1,,,,,
23113,4530614,-1,237,2,-1,-1,-1,-1,-1,-1,55,1,347,-1,-1,-1,-1,,,,,
23114,4531001,-1,330,2,-1,-1,-1,-1,-1,-1,55,1,347,-1,-1,-1,-1,,,,,
23116,4531110,-1,5545,32,-1,-1,-1,-1,-1,-1,24,1,101,-1,-1,-1,-1,,,,,
23117,4531132,-1,5525,8,-1,-1,-1,-1,-1,-1,24,1,101,-1,-1,-1,-1,,,,,
23118,4531306,-1,216,16,-1,-1,-1,-1,-1,-1,57,1,361,-1,-1,-1,-1,,,,,
23120,4531698,-1,22,2,-1,-1,-1,-1,-1,-1,55,1,347,-1,-1,-1,-1,,,,,
23124,4531935,-1,556,4,-1,-1,-1,-1,-1,-1,23,1,134,-1,-1,-1,-1,,,,,
23125,4531963,-1,92,16,-1,-1,-1,-1,-1,-1,5,2,241,-1,-1,-1,-1,,,,,
23127,4532077,-1,35,16,-1,-1,-1,-1,-1,-1,5,2,241,-1,-1,-1,-1,,,,,
23128,4532248,-1,5,1,-1,-1,-1,-1,-1,-1,5,2,9,-1,-1,-1,-1,,,,,
23129,4532290,-1,8,4,-1,-1,-1,-1,-1,-1,5,2,5,-1,-1,-1,-1,,,,,
23130,4532312,-1,9,4,-1,-1,-1,-1,-1,-1,5,2,5,-1,-1,-1,-1,,,,,
23131,4532336,-1,11,1,-1,-1,-1,-1,-1,-1,5,2,9,-1,-1,-1,-1,,,,,
23132,4532360,-1,34,16,-1,-1,-1,-1,-1,-1,5,2,241,-1,-1,-1,-1,,,,,
23133,4532430,-1,10,1,-1,-1,-1,-1,-1,-1,5,2,9,-1,-1,-1,-1,,,,,
23135,4532538,-1,1,1,-1,-1,-1,-1,-1,-1,5,2,12,-1,-1,-1,-1,,,,,
23136,4532563,-1,5,1,-1,-1,-1,-1,-1,-1,5,2,12,-1,-1,-1,-1,,,,,
23137,4532575,-1,8,1,-1,-1,-1,-1,-1,-1,5,2,12,-1,-1,-1,-1,,,,,
23138,4532650,-1,42,4,-1,-1,-1,-1,-1,-1,23,1,134,-1,-1,-1,-1,,,,,
23140,4533008,-1,37,4,-1,-1,-1,-1,-1,-1,23,1,134,-1,-1,-1,-1,,,,,
23141,4533145,-1,39,4,-1,-1,-1,-1,-1,-1,23,1,134,-1,-1,-1,-1,,,,,
23142,4533166,-1,223,16,-1,-1,-1,-1,-1,-1,57,1,361,-1,-1,-1,-1,,,,,
23148,4533852,-1,72,4,-1,-1,-1,-1,-1,-1,23,1,134,-1,-1,-1,-1,,,,,
23149,4534031,-1,69,4,-1,-1,-1,-1,-1,-1,23,1,134,-1,-1,-1,-1,,,,,
23151,4534242,-1,35,4,-1,-1,-1,-1,-1,-1,23,1,134,-1,-1,-1,-1,,,,,
23152,4534478,-1,30,4,-1,-1,-1,-1,-1,-1,23,1,134,-1,-1,-1,-1,,,,,
23153,4534632,-1,33,4,-1,-1,-1,-1,-1,-1,23,1,134,-1,-1,-1,-1,,,,,
23159,4535630,-1,162,16,-1,-1,-1,-1,-1,-1,51,1,324,-1,-1,-1,-1,,,,,
23161,4535850,-1,17,1,-1,-1,-1,-1,-1,-1,4,1,4,-1,-1,-1,-1,,,,,
23162,4536077,-1,246,16,-1,-1,-1,-1,-1,-1,51,1,324,-1,-1,-1,-1,,,,,
23164,4536682,-1,27,16,-1,-1,-1,-1,-1,-1,57,1,361,-1,-1,-1,-1,,,,,
23165,4536743,-1,38,4,-1,-1,-1,-1,-1,-1,23,1,134,-1,-1,-1,-1,,,,,
23167,4536803,-1,245,16,-1,-1,-1,-1,-1,-1,57,1,361,-1,-1,-1,-1,,,,,
23168,4536843,-1,48,2,-1,-1,-1,-1,-1,-1,28,1,67,-1,-1,-1,-1,,,,,
23169,4536935,-1,14,32,-1,-1,-1,-1,-1,-1,10,1,10,-1,-1,-1,-1,,,,,
23170,4536971,-1,43,4,-1,-1,-1,-1,-1,-1,23,1,134,-1,-1,-1,-1,,,,,
23172,4537164,-1,113,32,-1,-1,-1,-1,-1,-1,10,1,10,-1,-1,-1,-1,,,,,
23173,4537222,-1,34,4,-1,-1,-1,-1,-1,-1,23,1,134,-1,-1,-1,-1,,,,,
23174,4537292,-1,35,1,-1,-1,-1,-1,-1,-1,12,2,1,-1,-1,-1,-1,,,,,
23175,4537309,-1,2248,32,-1,-1,-1,-1,-1,-1,10,1,10,-1,-1,-1,-1,,,,,
23176,4537312,-1,38,4,-1,-1,-1,-1,-1,-1,23,1,134,-1,-1,-1,-1,,,,,
23179,4537515,-1,688,4,-1,-1,-1,-1,-1,-1,23,1,134,-1,-1,-1,-1,,,,,
23181,4537543,-1,659,4,-1,-1,-1,-1,-1,-1,23,1,162,-1,-1,-1,-1,,,,,
23182,4537584,-1,25,2,-1,-1,-1,-1,-1,-1,55,1,347,-1,-1,-1,-1,,,,,
23183,4537616,-1,21,2,-1,-1,-1,-1,-1,-1,55,1,347,-1,-1,-1,-1,,,,,
23185,4537657,-1,21,2,-1,-1,-1,-1,-1,-1,55,1,347,-1,-1,-1,-1,,,,,
23186,4537754,-1,288,2,-1,-1,-1,-1,-1,-1,55,1,347,-1,-1,-1,-1,,,,,
23187,4537945,-1,20,2,-1,-1,-1,-1,-1,-1,38,2,71,-1,-1,-1,-1,,,,,
23188,4538046,-1,27,2,-1,-1,-1,-1,-1,-1,55,1,347,-1,-1,-1,-1,,,,,
23189,4538050,-1,0,16,-1,-1,-1,-1,-1,-1,55,1,11,-1,-1,-1,-1,,,,,
23191,4538250,-1,241,16,-1,-1,-1,-1,-1,-1,57,1,361,-1,-1,-1,-1,,,,,
23192,4538303,-1,18,1,-1,-1,-1,-1,-1,-1,4,1,4,-1,-1,-1,-1,,,,,
23193,4538369,-1,244,8,-1,-1,-1,-1,-1,-1,23,1,134,-1,-1,-1,-1,,,,,
23194,4538439,-1,184,8,-1,-1,-1,-1,-1,-1,23,1,162,-1,-1,-1,-1,,,,,
23197,4539067,-1,3970,32,-1,-1,-1,-1,-1,-1,24,1,101,-1,-1,-1,-1,,,,,
23198,4539086,-1,4123,2,-1,-1,-1,-1,-1,-1,55,1,347,-1,-1,-1,-1,,,,,
23199,4539092,-1,3945,8,-1,-1,-1,-1,-1,-1,24,1,101,-1,-1,-1,-1,,,,,
23200,4539151,-1,55,8,-1,-1,-1,-1,-1,-1,23,1,134,-1,-1,-1,-1,,,,,
23203,4539285,-1,183,2,-1,-1,-1,-1,-1,-1,55,1,376,-1,-1,-1,-1,,,,,
23205,4539356,-1,429,8,-1,-1,-1,-1,-1,-1,23,1,134,-1,-1,-1,-1,,,,,
23207,4539487,-1,235,2,-1,-1,-1,-1,-1,-1,55,1,376,-1,-1,-1,-1,,,,,
23208,4539675,-1,25,1,-1,-1,-1,-1,-1,-1,4,1,4,-1,-1,-1,-1,,,,,
23209,4539737,-1,772,8,-1,-1,-1,-1,-1,-1,23,1,162,-1,-1,-1,-1,,,,,
23210,4539908,-1,31,2,-1,-1,-1,-1,-1,-1,55,1,376,-1,-1,-1,-1,,,,,
23211,4539914,-1,30,16,-1,-1,-1,-1,-1,-1,57,1,361,-1,-1,-1,-1,,,,,
23213,4540017,-1,28,16,-1,-1,-1,-1,-1,-1,57,1,361,-1,-1,-1,-1,,,,,
23214,4540057,-1,131,32,-1,-1,-1,-1,-1,-1,4,1,373,-1,-1,-1,-1,,,,,
23215,4540192,-1,20,1,-1,-1,-1,-1,-1,-1,4,1,4,-1,-1,-1,-1,,,,,
23216,4540216,-1,10,1,-1,-1,-1,-1,-1,-1,4,1,2,-1,-1,-1,-1,,,,,
23217,4540290,-1,182,32,-1,-1,-1,-1,-1,-1,4,1,373,-1,-1,-1,-1,,,,,
23218,4540346,-1,32,2,-1,-1,-1,-1,-1,-1,55,1,376,-1,-1,-1,-1,,,,,
23220,4540474,-1,14,1,-1,-1,-1,-1,-1,-1,4,1,4,-1,-1,-1,-1,,,,,
23221,4540540,-1,11,1,-1,-1,-1,-1,-1,-1,4,1,2,-1,-1,-1,-1,,,,,
23222,4540562,-1,512,64,-1,-1,-1,-1,-1,-1,13,1,274,-1,-1,-1,-1,,,,,
23225,4541088,-1,51,8,-1,-1,-1,-1,-1,-1,23,1,162,-1,-1,-1,-1,,,,,
23227,4541147,-1,0,32,-1,-1,-1,-1,-1,-1,7,1,10,-1,-1,-1,-1,,,,,
23229,4541206,-1,0,4,-1,-1,-1,-1,-1,-1,7,1,18,-1,-1,-1,-1,,,,,
23230,4541244,-1,368,8,-1,-1,-1,-1,-1,-1,23,1,162,-1,-1,-1,-1,,,,,
23231,4541251,-1,278,8,-1,-1,-1,-1,-1,-1,23,1,134,-1,-1,-1,-1,,,,,
23233,4541573,-1,1421,2,-1,-1,-1,-1,-1,-1,55,1,376,-1,-1,-1,-1,,,,,
23237,4542730,-1,54,8,-1,-1,-1,-1,-1,-1,23,1,134,-1,-1,-1,-1,,,,,
23242,4543113,-1,40,2,-1,-1,-1,-1,-1,-1,55,1,376,-1,-1,-1,-1,,,,,
23243,4543186,-1,0,2,-1,-1,-1,-1,-1,-1,55,1,376,-1,-1,-1,-1,,,,,
23245,4544200,-1,4558,32,-1,-1,-1,-1,-1,-1,7,1,10,-1,-1,-1,-1,,,,,
23246,4544205,-1,50,4,-1,-1,-1,-1,-1,-1,59,2,377,-1,-1,-1,-1,,,,,
23247,4544220,-1,373,2,-1,-1,-1,-1,-1,-1,55,1,376,-1,-1,-1,-1,,,,,
23248,4544263,-1,155,64,-1,-1,-1,-1,-1,-1,13,1,274,-1,-1,-1,-1,,,,,
23249,4544285,-1,4774,4,-1,-1,-1,-1,-1,-1,7,1,18,-1,-1,-1,-1,,,,,
23250,4544305,-1,27,1,-1,-1,-1,-1,-1,-1,59,2,1,-1,-1,-1,-1,,,,,
23251,4544441,-1,297,64,-1,-1,-1,-1,-1,-1,13,1,274,-1,-1,-1,-1,,,,,
23253,4544756,-1,27,16,-1,-1,-1,-1,-1,-1,57,1,361,-1,-1,-1,-1,,,,,
23254,4544864,-1,27,16,-1,-1,-1,-1,-1,-1,57,1,361,-1,-1,-1,-1,,,,,
23255,4544928,-1,364,2,-1,-1,-1,-1,-1,-1,55,1,376,-1,-1,-1,-1,,,,,
23256,4545007,-1,611,16,-1,-1,-1,-1,-1,-1,57,1,361,-1,-1,-1,-1,,,,,
23263,4545654,-1,647,16,-1,-1,-1,-1,-1,-1,57,1,361,-1,-1,-1,-1,,,,,
23265,4546158,-1,206,32,-1,-1,-1,-1,-1,-1,4,1,373,-1,-1,-1,-1,,,,,
23266,4546168,-1,128,32,-1,-1,-1,-1,-1,-1,10,1,10,-1,-1,-1,-1,,,,,
23267,4546366,-1,319,16,-1,-1,-1,-1,-1,-1,57,1,361,-1,-1,-1,-1,,,,,
23268,4546368,-1,18,1,-1,-1,-1,-1,-1,-1,4,1,4,-1,-1,-1,-1,,,,,
23269,4546400,-1,13,1,-1,-1,-1,-1,-1,-1,4,1,2,-1,-1,-1,-1,,,,,
23270,4546415,-1,154,32,-1,-1,-1,-1,-1,-1,10,1,10,-1,-1,-1,-1,,,,,
23271,4546459,-1,5590,32,-1,-1,-1,-1,-1,-1,24,1,101,-1,-1,-1,-1,,,,,
23272,4546501,-1,5550,8,-1,-1,-1,-1,-1,-1,24,1,101,-1,-1,-1,-1,,,,,
23273,4546542,-1,94,4,-1,-1,-1,-1,-1,-1,37,1,297,-1,-1,-1,-1,,,,,
23274,4546580,-1,177,32,-1,-1,-1,-1,-1,-1,4,1,373,-1,-1,-1,-1,,,,,
23276,4546732,-1,55,4,-1,-1,-1,-1,-1,-1,37,1,297,-1,-1,-1,-1,,,,,
23277,4546761,-1,29,1,-1,-1,-1,-1,-1,-1,4,1,4,-1,-1,-1,-1,,,,,
23278,4546763,-1,13,1,-1,-1,-1,-1,-1,-1,4,1,2,-1,-1,-1,-1,,,,,
23279,4546778,-1,11,1,-1,-1,-1,-1,-1,-1,4,1,2,-1,-1,-1,-1,,,,,
23280,4546855,-1,155,32,-1,-1,-1,-1,-1,-1,4,1,373,-1,-1,-1,-1,,,,,
23281,4546992,-1,244,16,-1,-1,-1,-1,-1,-1,57,1,361,-1,-1,-1,-1,,,,,
23282,4547013,-1,30,1,-1,-1,-1,-1,-1,-1,4,1,4,-1,-1,-1,-1,,,,,
23284,4547301,-1,5474,32,-1,-1,-1,-1,-1,-1,10,1,10,-1,-1,-1,-1,,,,,
23285,4547373,-1,1358,2,-1,-1,-1,-1,-1,-1,55,1,376,-1,-1,-1,-1,,,,,
23287,4547436,-1,22,1,-1,-1,-1,-1,-1,-1,44,1,378,-1,-1,-1,-1,,,,,
23290,4547672,-1,24,1,-1,-1,-1,-1,-1,-1,44,1,378,-1,-1,-1,-1,,,,,
23291,4547862,-1,383,4,-1,-1,-1,-1,-1,-1,19,1,47,-1,-1,-1,-1,,,,,
23293,4548318,-1,29,1,-1,-1,-1,-1,-1,-1,19,1,4,-1,-1,-1,-1,,,,,
23295,4548697,-1,208,1,-1,-1,-1,-1,-1,-1,44,1,378,-1,-1,-1,-1,,,,,
23296,4548709,-1,26,1,-1,-1,-1,-1,-1,-1,4,1,4,-1,-1,-1,-1,,,,,
23297,4548766,-1,132,32,-1,-1,-1,-1,-1,-1,4,1,3,-1,-1,-1,-1,,,,,
23299,4548972,-1,218,16,-1,-1,-1,-1,-1,-1,57,1,361,-1,-1,-1,-1,,,,,
23301,4549033,-1,118,32,-1,-1,-1,-1,-1,-1,4,1,373,-1,-1,-1,-1,,,,,
23302,4549154,-1,17,1,-1,-1,-1,-1,-1,-1,4,1,4,-1,-1,-1,-1,,,,,
23304,4549311,-1,33,1,-1,-1,-1,-1,-1,-1,44,1,378,-1,-1,-1,-1,,,,,
23306,4549369,-1,8862,32,-1,-1,-1,-1,-1,-1,7,1,10,-1,-1,-1,-1,,,,,
23307,4549432,-1,8799,4,-1,-1,-1,-1,-1,-1,7,1,18,-1,-1,-1,-1,,,,,
23318,4552485,-1,134,32,-1,-1,-1,-1,-1,-1,4,1,373,-1,-1,-1,-1,,,,,
23321,4552625,-1,78,1,-1,-1,-1,-1,-1,-1,4,1,4,-1,-1,-1,-1,,,,,
23323,4552665,-1,34,1,-1,-1,-1,-1,-1,-1,4,1,2,-1,-1,-1,-1,,,,,
23325,4552758,-1,132,32,-1,-1,-1,-1,-1,-1,4,1,373,-1,-1,-1,-1,,,,,
23327,4552893,-1,13,1,-1,-1,-1,-1,-1,-1,4,1,4,-1,-1,-1,-1,,,,,
23328,4552954,-1,67,8,-1,-1,-1,-1,-1,-1,37,1,297,-1,-1,-1,-1,,,,,
23329,4553084,-1,2,1,-1,-1,-1,-1,-1,-1,4,1,2,-1,-1,-1,-1,,,,,
23330,4553091,-1,14,1,-1,-1,-1,-1,-1,-1,4,1,2,-1,-1,-1,-1,,,,,
23331,4553108,-1,148,32,-1,-1,-1,-1,-1,-1,44,1,254,-1,-1,-1,-1,,,,,
23332,4553115,-1,21,1,-1,-1,-1,-1,-1,-1,4,1,2,-1,-1,-1,-1,,,,,
23333,4553211,-1,214,32,-1,-1,-1,-1,-1,-1,4,1,373,-1,-1,-1,-1,,,,,
23334,4553281,-1,26,1,-1,-1,-1,-1,-1,-1,44,1,12,-1,-1,-1,-1,,,,,
23336,4553692,-1,145,32,-1,-1,-1,-1,-1,-1,4,1,373,-1,-1,-1,-1,,,,,
23337,4553840,-1,19,1,-1,-1,-1,-1,-1,-1,4,1,4,-1,-1,-1,-1,,,,,
23339,4553953,-1,8,1,-1,-1,-1,-1,-1,-1,4,1,2,-1,-1,-1,-1,,,,,
23340,4554000,-1,133,32,-1,-1,-1,-1,-1,-1,4,1,373,-1,-1,-1,-1,,,,,
23341,4554136,-1,19,1,-1,-1,-1,-1,-1,-1,4,1,4,-1,-1,-1,-1,,,,,
23342,4554137,-1,273,32,-1,-1,-1,-1,-1,-1,44,1,254,-1,-1,-1,-1,,,,,
23343,4554176,-1,14,1,-1,-1,-1,-1,-1,-1,4,1,2,-1,-1,-1,-1,,,,,
23349,4554804,-1,1560,32,-1,-1,-1,-1,-1,-1,4,1,373,-1,-1,-1,-1,,,,,
23350,4554925,-1,28,1,-1,-1,-1,-1,-1,-1,44,1,12,-1,-1,-1,-1,,,,,
23352,4555274,-1,332,16,-1,-1,-1,-1,-1,-1,44,1,254,-1,-1,-1,-1,,,,,
23353,4555350,-1,5537,32,-1,-1,-1,-1,-1,-1,24,1,101,-1,-1,-1,-1,,,,,
23354,4555370,-1,5519,8,-1,-1,-1,-1,-1,-1,24,1,101,-1,-1,-1,-1,,,,,
23355,4556430,-1,2236,32,-1,-1,-1,-1,-1,-1,4,1,373,-1,-1,-1,-1,,,,,
23364,4558668,-1,26,1,-1,-1,-1,-1,-1,-1,4,1,4,-1,-1,-1,-1,,,,,
23366,4559165,-1,107,32,-1,-1,-1,-1,-1,-1,7,1,10,-1,-1,-1,-1,,,,,
23367,4559231,-1,41,4,-1,-1,-1,-1,-1,-1,7,1,18,-1,-1,-1,-1,,,,,
23369,4559519,-1,265,32,-1,-1,-1,-1,-1,-1,7,1,10,-1,-1,-1,-1,,,,,
23370,4559578,-1,207,4,-1,-1,-1,-1,-1,-1,7,1,18,-1,-1,-1,-1,,,,,
23376,4560068,-1,270,32,-1,-1,-1,-1,-1,-1,4,1,373,-1,-1,-1,-1,,,,,
23377,4560101,-1,202,32,-1,-1,-1,-1,-1,-1,10,1,10,-1,-1,-1,-1,,,,,
23378,4560330,-1,285,32,-1,-1,-1,-1,-1,-1,7,1,10,-1,-1,-1,-1,,,,,
23379,4560342,-1,51,1,-1,-1,-1,-1,-1,-1,4,1,4,-1,-1,-1,-1,,,,,
23381,4560422,-1,192,4,-1,-1,-1,-1,-1,-1,7,1,18,-1,-1,-1,-1,,,,,
23382,4560472,-1,176,32,-1,-1,-1,-1,-1,-1,4,1,373,-1,-1,-1,-1,,,,,
23383,4560710,-1,1230,32,-1,-1,-1,-1,-1,-1,4,1,373,-1,-1,-1,-1,,,,,
23385,4560923,-1,211,32,-1,-1,-1,-1,-1,-1,7,1,10,-1,-1,-1,-1,,,,,
23386,4560979,-1,154,4,-1,-1,-1,-1,-1,-1,7,1,18,-1,-1,-1,-1,,,,,
23391,4561501,-1,15,1,-1,-1,-1,-1,-1,-1,9,2,9,-1,-1,-1,-1,,,,,
23393,4561942,-1,13,1,-1,-1,-1,-1,-1,-1,4,1,4,-1,-1,-1,-1,,,,,
23409,4565276,-1,87,32,-1,-1,-1,-1,-1,-1,7,1,10,-1,-1,-1,-1,,,,,
23410,4565335,-1,27,4,-1,-1,-1,-1,-1,-1,7,1,18,-1,-1,-1,-1,,,,,
23413,4565571,-1,7041,32,-1,-1,-1,-1,-1,-1,7,1,10,-1,-1,-1,-1,,,,,
23415,4565631,-1,6985,4,-1,-1,-1,-1,-1,-1,7,1,18,-1,-1,-1,-1,,,,,
23418,4565787,-1,24,1,-1,-1,-1,-1,-1,-1,15,1,12,-1,-1,-1,-1,,,,,
23419,4565864,-1,41,4,-1,-1,-1,-1,-1,-1,15,1,19,-1,-1,-1,-1,,,,,
23420,4565889,-1,28,2,-1,-1,-1,-1,-1,-1,15,1,20,-1,-1,-1,-1,,,,,
23421,4566096,-1,1469,4,-1,-1,-1,-1,-1,-1,15,1,19,-1,-1,-1,-1,,,,,
23422,4566118,-1,1760,2,-1,-1,-1,-1,-1,-1,15,1,20,-1,-1,-1,-1,,,,,
23430,4567823,-1,21,4,-1,-1,-1,-1,-1,-1,15,1,19,-1,-1,-1,-1,,,,,
23431,4567894,-1,2101,4,-1,-1,-1,-1,-1,-1,15,1,19,-1,-1,-1,-1,,,,,
23432,4567915,-1,2082,2,-1,-1,-1,-1,-1,-1,15,1,20,-1,-1,-1,-1,,,,,
23434,4568409,-1,4193,64,-1,-1,-1,-1,-1,-1,4,1,-1,-1,-1,-1,-1,,,,,
23442,4570021,-1,2603,4,-1,-1,-1,-1,-1,-1,15,1,19,-1,-1,-1,-1,,,,,
23443,4570042,-1,2578,2,-1,-1,-1,-1,-1,-1,15,1,20,-1,-1,-1,-1,,,,,
23457,4572628,-1,9835,128,-1,-1,-1,-1,-1,-1,2,1,-1,-1,-1,-1,-1,,,,,
23458,4582468,-1,9567,64,-1,-1,-1,-1,-1,-1,4,1,-1,-1,-1,-1,-1,,,,,
23460,4582573,-1,9471,32,-1,-1,-1,-1,-1,-1,7,1,10,-1,-1,-1,-1,,,,,
23461,4582666,-1,9382,4,-1,-1,-1,-1,-1,-1,7,1,18,-1,-1,-1,-1,,,,,
23584,4592053,-1,9639,128,-1,-1,-1,-1,-1,-1,2,1,-1,-1,-1,-1,-1,,,,,
23585,4601715,-1,14636,32,-1,-1,-1,-1,-1,-1,7,1,10,-1,-1,-1,-1,,,,,
23586,4601774,-1,14878,4,-1,-1,-1,-1,-1,-1,7,1,18,-1,-1,-1,-1,,,,,
23588,4601889,-1,21,8,-1,-1,-1,-1,-1,-1,23,1,134,-1,-1,-1,-1,,,,,
23591,4602233,-1,32,2,-1,-1,-1,-1,-1,-1,28,1,77,-1,-1,-1,-1,,,,,
23593,4602300,-1,14656,2,-1,-1,-1,-1,-1,-1,28,1,77,-1,-1,-1,-1,,,,,
23599,4602791,-1,21,8,-1,-1,-1,-1,-1,-1,23,1,134,-1,-1,-1,-1,,,,,
23603,4602883,-1,25,8,-1,-1,-1,-1,-1,-1,23,1,134,-1,-1,-1,-1,,,,,
23608,4603032,-1,350,8,-1,-1,-1,-1,-1,-1,23,1,134,-1,-1,-1,-1,,,,,
23612,4603363,-1,21,1,-1,-1,-1,-1,-1,-1,23,1,145,-1,-1,-1,-1,,,,,
23615,4603628,-1,315,8,-1,-1,-1,-1,-1,-1,23,1,134,-1,-1,-1,-1,,,,,
23618,4603990,-1,258,64,-1,-1,-1,-1,-1,-1,23,1,134,-1,-1,-1,-1,,,,,
23635,4604783,-1,57,8,-1,-1,-1,-1,-1,-1,23,1,134,-1,-1,-1,-1,,,,,
23637,4604890,-1,18,1,-1,-1,-1,-1,-1,-1,23,1,12,-1,-1,-1,-1,,,,,
23639,4604973,-1,320,8,-1,-1,-1,-1,-1,-1,23,1,134,-1,-1,-1,-1,,,,,
23654,4606050,-1,625,16,-1,-1,-1,-1,-1,-1,23,1,134,-1,-1,-1,-1,,,,,
23656,4606071,-1,620,16,-1,-1,-1,-1,-1,-1,23,1,162,-1,-1,-1,-1,,,,,
23671,4607499,-1,50,2,-1,-1,-1,-1,-1,-1,28,1,67,-1,-1,-1,-1,,,,,
23676,4607810,-1,22,2,-1,-1,-1,-1,-1,-1,55,1,376,-1,-1,-1,-1,,,,,
23677,4607822,-1,380,4,-1,-1,-1,-1,-1,-1,19,1,47,-1,-1,-1,-1,,,,,
23679,4607849,-1,22,2,-1,-1,-1,-1,-1,-1,55,1,376,-1,-1,-1,-1,,,,,
23680,4607858,-1,446,2,-1,-1,-1,-1,-1,-1,55,1,347,-1,-1,-1,-1,,,,,
23683,4608291,-1,21,2,-1,-1,-1,-1,-1,-1,55,1,376,-1,-1,-1,-1,,,,,
23684,4608316,-1,409,2,-1,-1,-1,-1,-1,-1,55,1,347,-1,-1,-1,-1,,,,,
23686,4608494,-1,653,16,-1,-1,-1,-1,-1,-1,23,1,134,-1,-1,-1,-1,,,,,
23688,4608737,-1,134,2,-1,-1,-1,-1,-1,-1,55,1,347,-1,-1,-1,-1,,,,,
23690,4608978,-1,361,2,-1,-1,-1,-1,-1,-1,55,1,347,-1,-1,-1,-1,,,,,
23692,4609348,-1,708,2,-1,-1,-1,-1,-1,-1,55,1,347,-1,-1,-1,-1,,,,,
23694,4609971,-1,435,64,-1,-1,-1,-1,-1,-1,23,1,134,-1,-1,-1,-1,,,,,
23695,4609994,-1,83,16,-1,-1,-1,-1,-1,-1,28,1,67,-1,-1,-1,-1,,,,,
23697,4610424,-1,376,64,-1,-1,-1,-1,-1,-1,23,1,134,-1,-1,-1,-1,,,,,
23703,4610825,-1,158,64,-1,-1,-1,-1,-1,-1,12,2,14,-1,-1,-1,-1,,,,,
23704,4611000,-1,17,1,-1,-1,-1,-1,-1,-1,12,2,1,-1,-1,-1,-1,,,,,
23705,4611261,-1,365,64,-1,-1,-1,-1,-1,-1,23,1,134,-1,-1,-1,-1,,,,,
23707,4612026,-1,371,4,-1,-1,-1,-1,-1,-1,19,1,47,-1,-1,-1,-1,,,,,
23708,4612044,-1,212,2,-1,-1,-1,-1,-1,-1,55,1,347,-1,-1,-1,-1,,,,,
23709,4612105,-1,10,32,-1,-1,-1,-1,-1,-1,23,1,134,-1,-1,-1,-1,,,,,
23711,4612237,-1,1677,32,-1,-1,-1,-1,-1,-1,4,1,-1,-1,-1,-1,-1,,,,,
23712,4612336,-1,411,32,-1,-1,-1,-1,-1,-1,23,1,134,-1,-1,-1,-1,,,,,
23714,4612595,-1,266,2,-1,-1,-1,-1,-1,-1,55,1,347,-1,-1,-1,-1,,,,,
23716,4612939,-1,672,2,-1,-1,-1,-1,-1,-1,55,1,347,-1,-1,-1,-1,,,,,
23721,4613356,-1,278,32,-1,-1,-1,-1,-1,-1,23,1,134,-1,-1,-1,-1,,,,,
23723,4613795,-1,149,2,-1,-1,-1,-1,-1,-1,55,1,347,-1,-1,-1,-1,,,,,
23724,4613923,-1,20,1,-1,-1,-1,-1,-1,-1,4,1,4,-1,-1,-1,-1,,,,,
23725,4613961,-1,3591,32,-1,-1,-1,-1,-1,-1,4,1,-1,-1,-1,-1,-1,,,,,
23726,4614078,-1,244,2,-1,-1,-1,-1,-1,-1,55,1,347,-1,-1,-1,-1,,,,,
23728,4614331,-1,284,2,-1,-1,-1,-1,-1,-1,55,1,347,-1,-1,-1,-1,,,,,
23729,4614392,-1,353,16,-1,-1,-1,-1,-1,-1,44,1,254,-1,-1,-1,-1,,,,,
23734,4614697,-1,185,2,-1,-1,-1,-1,-1,-1,55,1,347,-1,-1,-1,-1,,,,,
23735,4614796,-1,369,16,-1,-1,-1,-1,-1,-1,23,1,134,-1,-1,-1,-1,,,,,
23737,4614982,-1,24,1,-1,-1,-1,-1,-1,-1,44,1,12,-1,-1,-1,-1,,,,,
23738,4615223,-1,43,8,-1,-1,-1,-1,-1,-1,44,1,254,-1,-1,-1,-1,,,,,
23740,4615502,-1,21,1,-1,-1,-1,-1,-1,-1,9,2,9,-1,-1,-1,-1,,,,,
23741,4615519,-1,36,4,-1,-1,-1,-1,-1,-1,44,1,254,-1,-1,-1,-1,,,,,
23743,4615985,-1,1570,32,-1,-1,-1,-1,-1,-1,24,1,101,-1,-1,-1,-1,,,,,
23744,4616010,-1,1546,8,-1,-1,-1,-1,-1,-1,24,1,101,-1,-1,-1,-1,,,,,
23745,4616050,-1,58,16,-1,-1,-1,-1,-1,-1,28,1,67,-1,-1,-1,-1,,,,,
23750,4616358,-1,39,32,-1,-1,-1,-1,-1,-1,28,1,-1,-1,-1,-1,-1,,,,,
23752,4616571,-1,18,32,-1,-1,-1,-1,-1,-1,28,1,-1,-1,-1,-1,-1,,,,,
23753,4616655,-1,337,32,-1,-1,-1,-1,-1,-1,28,1,-1,-1,-1,-1,-1,,,,,
23754,4616686,-1,41,8,-1,-1,-1,-1,-1,-1,44,1,254,-1,-1,-1,-1,,,,,
23756,4616958,-1,555,8,-1,-1,-1,-1,-1,-1,44,1,254,-1,-1,-1,-1,,,,,
23757,4617269,-1,1218,32,-1,-1,-1,-1,-1,-1,7,1,10,-1,-1,-1,-1,,,,,
23758,4617348,-1,1140,4,-1,-1,-1,-1,-1,-1,7,1,18,-1,-1,-1,-1,,,,,
23760,4617535,-1,35,1,-1,-1,-1,-1,-1,-1,44,1,12,-1,-1,-1,-1,,,,,
23761,4617561,-1,209,32,-1,-1,-1,-1,-1,-1,4,1,-1,-1,-1,-1,-1,,,,,
23762,4617642,-1,966,4,-1,-1,-1,-1,-1,-1,44,1,254,-1,-1,-1,-1,,,,,
23763,4617745,-1,53,2,-1,-1,-1,-1,-1,-1,28,1,77,-1,-1,-1,-1,,,,,
23767,4617936,-1,84,2,-1,-1,-1,-1,-1,-1,28,1,77,-1,-1,-1,-1,,,,,
23769,4617970,-1,14,1,-1,-1,-1,-1,-1,-1,4,1,2,-1,-1,-1,-1,,,,,
23770,4617986,-1,144,32,-1,-1,-1,-1,-1,-1,4,1,373,-1,-1,-1,-1,,,,,
23772,4618161,-1,122,32,-1,-1,-1,-1,-1,-1,4,1,373,-1,-1,-1,-1,,,,,
23773,4618285,-1,19,1,-1,-1,-1,-1,-1,-1,4,1,4,-1,-1,-1,-1,,,,,
23774,4618323,-1,37,16,-1,-1,-1,-1,-1,-1,17,1,367,-1,-1,-1,-1,,,,,
23775,4618453,-1,20,1,-1,-1,-1,-1,-1,-1,4,1,4,-1,-1,-1,-1,,,,,
23777,4618639,-1,217,32,-1,-1,-1,-1,-1,-1,4,1,373,-1,-1,-1,-1,,,,,
23779,4619004,-1,282,64,-1,-1,-1,-1,-1,-1,23,1,134,-1,-1,-1,-1,,,,,
23780,4619081,-1,218,32,-1,-1,-1,-1,-1,-1,4,1,373,-1,-1,-1,-1,,,,,
23786,4619591,-1,114,32,-1,-1,-1,-1,-1,-1,4,1,373,-1,-1,-1,-1,,,,,
23787,4619707,-1,20,1,-1,-1,-1,-1,-1,-1,4,1,4,-1,-1,-1,-1,,,,,
23789,4620040,-1,213,32,-1,-1,-1,-1,-1,-1,4,1,373,-1,-1,-1,-1,,,,,
23791,4620742,-1,112,32,-1,-1,-1,-1,-1,-1,4,1,373,-1,-1,-1,-1,,,,,
23793,4620856,-1,17,1,-1,-1,-1,-1,-1,-1,4,1,4,-1,-1,-1,-1,,,,,
23794,4620862,-1,103,1,-1,-1,-1,-1,-1,-1,51,1,379,-1,-1,-1,-1,,,,,
23797,4620981,-1,126,32,-1,-1,-1,-1,-1,-1,4,1,373,-1,-1,-1,-1,,,,,
23798,4621006,-1,29,16,-1,-1,-1,-1,-1,-1,51,1,380,-1,-1,-1,-1,,,,,
23800,4621097,-1,277,4,-1,-1,-1,-1,-1,-1,51,1,381,-1,-1,-1,-1,,,,,
23801,4621111,-1,27,1,-1,-1,-1,-1,-1,-1,4,1,4,-1,-1,-1,-1,,,,,
23803,4621393,-1,772,16,-1,-1,-1,-1,-1,-1,51,1,380,-1,-1,-1,-1,,,,,
23804,4621550,-1,37,1,-1,-1,-1,-1,-1,-1,4,1,4,-1,-1,-1,-1,,,,,
23806,4621647,-1,129,32,-1,-1,-1,-1,-1,-1,4,1,373,-1,-1,-1,-1,,,,,
23807,4621778,-1,36,1,-1,-1,-1,-1,-1,-1,4,1,4,-1,-1,-1,-1,,,,,
23808,4621785,-1,7,1,-1,-1,-1,-1,-1,-1,4,1,2,-1,-1,-1,-1,,,,,
23809,4621824,-1,55,32,-1,-1,-1,-1,-1,-1,4,1,373,-1,-1,-1,-1,,,,,
23810,4621881,-1,34,1,-1,-1,-1,-1,-1,-1,4,1,4,-1,-1,-1,-1,,,,,
23812,4622150,-1,4,1,-1,-1,-1,-1,-1,-1,12,2,1,-1,-1,-1,-1,,,,,
23813,4622183,-1,13,16,-1,-1,-1,-1,-1,-1,28,1,77,-1,-1,-1,-1,,,,,
23814,4622205,-1,47,16,-1,-1,-1,-1,-1,-1,28,1,77,-1,-1,-1,-1,,,,,
23816,4622998,-1,417,32,-1,-1,-1,-1,-1,-1,4,1,-1,-1,-1,-1,-1,,,,,
23817,4623016,-1,584,32,-1,-1,-1,-1,-1,-1,28,1,77,-1,-1,-1,-1,,,,,
23818,4623020,-1,302,8,-1,-1,-1,-1,-1,-1,29,1,80,-1,-1,-1,-1,,,,,
23819,4623058,-1,166,32,-1,-1,-1,-1,-1,-1,4,1,373,-1,-1,-1,-1,,,,,
23823,4623227,-1,12,1,-1,-1,-1,-1,-1,-1,4,1,2,-1,-1,-1,-1,,,,,
23824,4623229,-1,46,1,-1,-1,-1,-1,-1,-1,4,1,4,-1,-1,-1,-1,,,,,
23825,4623245,-1,118,32,-1,-1,-1,-1,-1,-1,7,1,10,-1,-1,-1,-1,,,,,
23826,4623285,-1,66,1,-1,-1,-1,-1,-1,-1,4,1,4,-1,-1,-1,-1,,,,,
23827,4623333,-1,30,4,-1,-1,-1,-1,-1,-1,7,1,18,-1,-1,-1,-1,,,,,
23829,4623429,-1,340,16,-1,-1,-1,-1,-1,-1,23,1,-1,-1,-1,-1,-1,,,,,
23830,4623461,-1,116,32,-1,-1,-1,-1,-1,-1,4,1,373,-1,-1,-1,-1,,,,,
23831,4623579,-1,34,1,-1,-1,-1,-1,-1,-1,4,1,4,-1,-1,-1,-1,,,,,
23832,4623643,-1,8,1,-1,-1,-1,-1,-1,-1,4,1,2,-1,-1,-1,-1,,,,,
23833,4623669,-1,706,32,-1,-1,-1,-1,-1,-1,7,1,10,-1,-1,-1,-1,,,,,
23834,4623687,-1,246,32,-1,-1,-1,-1,-1,-1,4,1,373,-1,-1,-1,-1,,,,,
23835,4623800,-1,92,32,-1,-1,-1,-1,-1,-1,28,1,77,-1,-1,-1,-1,,,,,
23837,4623935,-1,37,1,-1,-1,-1,-1,-1,-1,4,1,4,-1,-1,-1,-1,,,,,
23838,4623961,-1,9,1,-1,-1,-1,-1,-1,-1,4,1,2,-1,-1,-1,-1,,,,,
23839,4624096,-1,537,8,-1,-1,-1,-1,-1,-1,29,1,80,-1,-1,-1,-1,,,,,
23840,4624284,-1,203,32,-1,-1,-1,-1,-1,-1,4,1,373,-1,-1,-1,-1,,,,,
23842,4624451,-1,2,16,-1,-1,-1,-1,-1,-1,28,1,77,-1,-1,-1,-1,,,,,
23843,4624458,-1,56,16,-1,-1,-1,-1,-1,-1,28,1,77,-1,-1,-1,-1,,,,,
23844,4624491,-1,37,1,-1,-1,-1,-1,-1,-1,4,1,4,-1,-1,-1,-1,,,,,
23845,4624536,-1,19,1,-1,-1,-1,-1,-1,-1,4,1,4,-1,-1,-1,-1,,,,,
23846,4624582,-1,8,32,-1,-1,-1,-1,-1,-1,4,1,373,-1,-1,-1,-1,,,,,
23847,4624591,-1,25,1,-1,-1,-1,-1,-1,-1,4,1,4,-1,-1,-1,-1,,,,,
23848,4624612,-1,66,2,-1,-1,-1,-1,-1,-1,55,1,347,-1,-1,-1,-1,,,,,
23849,4624632,-1,39,32,-1,-1,-1,-1,-1,-1,4,1,-1,-1,-1,-1,-1,,,,,
23850,4624656,-1,772,8,-1,-1,-1,-1,-1,-1,29,1,80,-1,-1,-1,-1,,,,,
23851,4624673,-1,3,32,-1,-1,-1,-1,-1,-1,4,1,-1,-1,-1,-1,-1,,,,,
23852,4624743,-1,663,32,-1,-1,-1,-1,-1,-1,7,1,10,-1,-1,-1,-1,,,,,
23853,4624789,-1,176,32,-1,-1,-1,-1,-1,-1,4,1,3,-1,-1,-1,-1,,,,,
23856,4625035,-1,7,1,-1,-1,-1,-1,-1,-1,12,2,1,-1,-1,-1,-1,,,,,
23857,4625050,-1,84,1,-1,-1,-1,-1,-1,-1,12,2,1,-1,-1,-1,-1,,,,,
23858,4625075,-1,162,32,-1,-1,-1,-1,-1,-1,4,1,3,-1,-1,-1,-1,,,,,
23859,4625157,-1,83,1,-1,-1,-1,-1,-1,-1,12,2,1,-1,-1,-1,-1,,,,,
23861,4625239,-1,16,1,-1,-1,-1,-1,-1,-1,4,1,4,-1,-1,-1,-1,,,,,
23862,4625266,-1,5,1,-1,-1,-1,-1,-1,-1,12,2,1,-1,-1,-1,-1,,,,,
23863,4625307,-1,153,32,-1,-1,-1,-1,-1,-1,4,1,3,-1,-1,-1,-1,,,,,
23864,4625423,-1,0,32,-1,-1,-1,-1,-1,-1,7,1,10,-1,-1,-1,-1,,,,,
23865,4625471,-1,24,1,-1,-1,-1,-1,-1,-1,4,1,4,-1,-1,-1,-1,,,,,
23867,4625509,-1,17,1,-1,-1,-1,-1,-1,-1,12,2,1,-1,-1,-1,-1,,,,,
23868,4625519,-1,329,2,-1,-1,-1,-1,-1,-1,55,1,347,-1,-1,-1,-1,,,,,
23870,4625565,-1,38,1,-1,-1,-1,-1,-1,-1,12,2,1,-1,-1,-1,-1,,,,,
23871,4625569,-1,210,2,-1,-1,-1,-1,-1,-1,55,1,376,-1,-1,-1,-1,,,,,
23872,4625585,-1,196,32,-1,-1,-1,-1,-1,-1,4,1,3,-1,-1,-1,-1,,,,,
23873,4625627,-1,92,2,-1,-1,-1,-1,-1,-1,55,1,347,-1,-1,-1,-1,,,,,
23874,4625630,-1,29,1,-1,-1,-1,-1,-1,-1,12,2,1,-1,-1,-1,-1,,,,,
23875,4625725,-1,38,16,-1,-1,-1,-1,-1,-1,55,1,11,-1,-1,-1,-1,,,,,
23876,4625767,-1,0,2,-1,-1,-1,-1,-1,-1,55,1,11,-1,-1,-1,-1,,,,,
23877,4625783,-1,15,1,-1,-1,-1,-1,-1,-1,4,1,4,-1,-1,-1,-1,,,,,
23878,4625830,-1,12,1,-1,-1,-1,-1,-1,-1,4,1,2,-1,-1,-1,-1,,,,,
23879,4626441,-1,15,1,-1,-1,-1,-1,-1,-1,12,2,1,-1,-1,-1,-1,,,,,
23881,4626459,-1,11486,2,-1,-1,-1,-1,-1,-1,55,1,11,-1,-1,-1,-1,,,,,
23883,4626591,-1,156,32,-1,-1,-1,-1,-1,-1,4,1,3,-1,-1,-1,-1,,,,,
23885,4626671,-1,17,1,-1,-1,-1,-1,-1,-1,12,2,1,-1,-1,-1,-1,,,,,
23886,4626741,-1,421,4,-1,-1,-1,-1,-1,-1,29,1,28,-1,-1,-1,-1,,,,,
23887,4626749,-1,18,1,-1,-1,-1,-1,-1,-1,4,1,4,-1,-1,-1,-1,,,,,
23889,4627356,-1,1,1,-1,-1,-1,-1,-1,-1,44,1,12,-1,-1,-1,-1,,,,,
23890,4627366,-1,193,32,-1,-1,-1,-1,-1,-1,4,1,3,-1,-1,-1,-1,,,,,
23891,4627565,-1,14,1,-1,-1,-1,-1,-1,-1,4,1,4,-1,-1,-1,-1,,,,,
23892,4627605,-1,143,32,-1,-1,-1,-1,-1,-1,4,1,3,-1,-1,-1,-1,,,,,
23894,4627751,-1,15,1,-1,-1,-1,-1,-1,-1,4,1,4,-1,-1,-1,-1,,,,,
23895,4627810,-1,163,32,-1,-1,-1,-1,-1,-1,4,1,3,-1,-1,-1,-1,,,,,
23896,4627837,-1,134,16,-1,-1,-1,-1,-1,-1,23,1,134,-1,-1,-1,-1,,,,,
23898,4627981,-1,19,1,-1,-1,-1,-1,-1,-1,4,1,4,-1,-1,-1,-1,,,,,
23903,4628295,-1,387,16,-1,-1,-1,-1,-1,-1,23,1,134,-1,-1,-1,-1,,,,,
23904,4628475,-1,164,32,-1,-1,-1,-1,-1,-1,4,1,3,-1,-1,-1,-1,,,,,
23905,4628646,-1,17,1,-1,-1,-1,-1,-1,-1,4,1,4,-1,-1,-1,-1,,,,,
23907,4628804,-1,391,16,-1,-1,-1,-1,-1,-1,23,1,134,-1,-1,-1,-1,,,,,
23909,4629339,-1,106,32,-1,-1,-1,-1,-1,-1,4,1,3,-1,-1,-1,-1,,,,,
23910,4629411,-1,239,32,-1,-1,-1,-1,-1,-1,44,1,254,-1,-1,-1,-1,,,,,
23911,4629447,-1,23,1,-1,-1,-1,-1,-1,-1,4,1,4,-1,-1,-1,-1,,,,,
23914,4629577,-1,15042,32,-1,-1,-1,-1,-1,-1,7,1,10,-1,-1,-1,-1,,,,,
23915,4629599,-1,35,2,-1,-1,-1,-1,-1,-1,55,1,71,-1,-1,-1,-1,,,,,
23916,4629655,-1,15245,4,-1,-1,-1,-1,-1,-1,7,1,18,-1,-1,-1,-1,,,,,
23918,4629704,-1,32,2,-1,-1,-1,-1,-1,-1,55,1,71,-1,-1,-1,-1,,,,,
23919,4629742,-1,3290,2,-1,-1,-1,-1,-1,-1,55,1,11,-1,-1,-1,-1,,,,,
23921,4629807,-1,252,32,-1,-1,-1,-1,-1,-1,4,1,3,-1,-1,-1,-1,,,,,
23922,4629847,-1,107,2,-1,-1,-1,-1,-1,-1,9,2,28,-1,-1,-1,-1,,,,,
23924,4630062,-1,14,1,-1,-1,-1,-1,-1,-1,4,1,4,-1,-1,-1,-1,,,,,
23925,4630106,-1,271,16,-1,-1,-1,-1,-1,-1,23,1,134,-1,-1,-1,-1,,,,,
23926,4630284,-1,119,32,-1,-1,-1,-1,-1,-1,4,1,3,-1,-1,-1,-1,,,,,
23927,4630406,-1,20,1,-1,-1,-1,-1,-1,-1,4,1,4,-1,-1,-1,-1,,,,,
23929,4630655,-1,167,32,-1,-1,-1,-1,-1,-1,4,1,3,-1,-1,-1,-1,,,,,
23930,4630808,-1,235,32,-1,-1,-1,-1,-1,-1,44,1,254,-1,-1,-1,-1,,,,,
23931,4630826,-1,26,1,-1,-1,-1,-1,-1,-1,4,1,4,-1,-1,-1,-1,,,,,
23932,4630893,-1,114,32,-1,-1,-1,-1,-1,-1,4,1,3,-1,-1,-1,-1,,,,,
23934,4631009,-1,18,1,-1,-1,-1,-1,-1,-1,4,1,4,-1,-1,-1,-1,,,,,
23935,4631208,-1,34,1,-1,-1,-1,-1,-1,-1,23,1,9,-1,-1,-1,-1,,,,,
23936,4631293,-1,190,32,-1,-1,-1,-1,-1,-1,4,1,3,-1,-1,-1,-1,,,,,
23940,4631486,-1,20,1,-1,-1,-1,-1,-1,-1,4,1,4,-1,-1,-1,-1,,,,,
23943,4631675,-1,102,32,-1,-1,-1,-1,-1,-1,4,1,3,-1,-1,-1,-1,,,,,
23944,4631779,-1,22,1,-1,-1,-1,-1,-1,-1,4,1,4,-1,-1,-1,-1,,,,,
23945,4631943,-1,24,4,-1,-1,-1,-1,-1,-1,7,1,37,-1,-1,-1,-1,,,,,
23946,4632030,-1,54,1,-1,-1,-1,-1,-1,-1,8,1,286,-1,-1,-1,-1,,,,,
23948,4632197,-1,33,16,-1,-1,-1,-1,-1,-1,8,1,286,-1,-1,-1,-1,,,,,
23949,4632319,-1,229,32,-1,-1,-1,-1,-1,-1,44,1,254,-1,-1,-1,-1,,,,,
23951,4632554,-1,51,1,-1,-1,-1,-1,-1,-1,15,1,9,-1,-1,-1,-1,,,,,
23952,4632557,-1,57,32,-1,-1,-1,-1,-1,-1,8,1,286,-1,-1,-1,-1,,,,,
23953,4632763,-1,34,8,-1,-1,-1,-1,-1,-1,8,1,286,-1,-1,-1,-1,,,,,
23954,4632818,-1,43,32,-1,-1,-1,-1,-1,-1,44,1,254,-1,-1,-1,-1,,,,,
23957,4632946,-1,37,4,-1,-1,-1,-1,-1,-1,8,1,286,-1,-1,-1,-1,,,,,
23960,4633066,-1,39,2,-1,-1,-1,-1,-1,-1,8,1,286,-1,-1,-1,-1,,,,,
23962,4633102,-1,54,32,-1,-1,-1,-1,-1,-1,44,1,254,-1,-1,-1,-1,,,,,
23963,4633169,-1,28,2,-1,-1,-1,-1,-1,-1,8,1,286,-1,-1,-1,-1,,,,,
23964,4633262,-1,157,32,-1,-1,-1,-1,-1,-1,4,1,3,-1,-1,-1,-1,,,,,
23965,4633270,-1,158,32,-1,-1,-1,-1,-1,-1,44,1,254,-1,-1,-1,-1,,,,,
23966,4633279,-1,40,2,-1,-1,-1,-1,-1,-1,8,1,286,-1,-1,-1,-1,,,,,
23967,4633392,-1,25,1,-1,-1,-1,-1,-1,-1,8,1,286,-1,-1,-1,-1,,,,,
23968,4633422,-1,18,1,-1,-1,-1,-1,-1,-1,4,1,4,-1,-1,-1,-1,,,,,
23969,4633529,-1,26,4,-1,-1,-1,-1,-1,-1,8,1,286,-1,-1,-1,-1,,,,,
23971,4633624,-1,142,32,-1,-1,-1,-1,-1,-1,44,1,254,-1,-1,-1,-1,,,,,
23972,4633712,-1,145,32,-1,-1,-1,-1,-1,-1,4,1,3,-1,-1,-1,-1,,,,,
23973,4633768,-1,74,16,-1,-1,-1,-1,-1,-1,33,1,28,-1,-1,-1,-1,,,,,
23974,4633820,-1,32,8,-1,-1,-1,-1,-1,-1,8,1,286,-1,-1,-1,-1,,,,,
23975,4633854,-1,69,32,-1,-1,-1,-1,-1,-1,33,1,28,-1,-1,-1,-1,,,,,
23976,4633862,-1,22,1,-1,-1,-1,-1,-1,-1,4,1,4,-1,-1,-1,-1,,,,,
23977,4633895,-1,26,1,-1,-1,-1,-1,-1,-1,44,1,12,-1,-1,-1,-1,,,,,
23978,4633928,-1,38,16,-1,-1,-1,-1,-1,-1,8,1,286,-1,-1,-1,-1,,,,,
23979,4633997,-1,41,32,-1,-1,-1,-1,-1,-1,33,1,28,-1,-1,-1,-1,,,,,
23981,4634252,-1,44,32,-1,-1,-1,-1,-1,-1,8,1,286,-1,-1,-1,-1,,,,,
23983,4634443,-1,145,32,-1,-1,-1,-1,-1,-1,4,1,3,-1,-1,-1,-1,,,,,
23985,4634559,-1,2039,32,-1,-1,-1,-1,-1,-1,8,1,286,-1,-1,-1,-1,,,,,
23987,4634590,-1,19,1,-1,-1,-1,-1,-1,-1,4,1,4,-1,-1,-1,-1,,,,,
23990,4634720,-1,48,32,-1,-1,-1,-1,-1,-1,33,1,319,-1,-1,-1,-1,,,,,
23991,4634726,-1,20,1,-1,-1,-1,-1,-1,-1,4,1,4,-1,-1,-1,-1,,,,,
23992,4634788,-1,44,16,-1,-1,-1,-1,-1,-1,33,1,319,-1,-1,-1,-1,,,,,
23993,4634809,-1,854,4,-1,-1,-1,-1,-1,-1,15,1,19,-1,-1,-1,-1,,,,,
23994,4634832,-1,834,2,-1,-1,-1,-1,-1,-1,15,1,20,-1,-1,-1,-1,,,,,
23995,4635033,-1,193,32,-1,-1,-1,-1,-1,-1,4,1,3,-1,-1,-1,-1,,,,,
23996,4635055,-1,86,16,-1,-1,-1,-1,-1,-1,33,1,319,-1,-1,-1,-1,,,,,
23997,4635232,-1,33,1,-1,-1,-1,-1,-1,-1,4,1,4,-1,-1,-1,-1,,,,,
23998,4635244,-1,523,1,-1,-1,-1,-1,-1,-1,44,1,254,-1,-1,-1,-1,,,,,
24000,4635443,-1,151,32,-1,-1,-1,-1,-1,-1,4,1,3,-1,-1,-1,-1,,,,,
24001,4635601,-1,26,1,-1,-1,-1,-1,-1,-1,4,1,4,-1,-1,-1,-1,,,,,
24002,4635684,-1,2102,4,-1,-1,-1,-1,-1,-1,15,1,19,-1,-1,-1,-1,,,,,
24003,4635694,-1,223,32,-1,-1,-1,-1,-1,-1,4,1,3,-1,-1,-1,-1,,,,,
24004,4635696,-1,164,16,-1,-1,-1,-1,-1,-1,33,1,319,-1,-1,-1,-1,,,,,
24005,4635705,-1,2082,2,-1,-1,-1,-1,-1,-1,15,1,20,-1,-1,-1,-1,,,,,
24007,4635920,-1,21,1,-1,-1,-1,-1,-1,-1,4,1,4,-1,-1,-1,-1,,,,,
24008,4635961,-1,26,1,-1,-1,-1,-1,-1,-1,44,1,12,-1,-1,-1,-1,,,,,
24009,4636157,-1,231,32,-1,-1,-1,-1,-1,-1,4,1,3,-1,-1,-1,-1,,,,,
24011,4636241,-1,114,16,-1,-1,-1,-1,-1,-1,33,1,319,-1,-1,-1,-1,,,,,
24013,4636404,-1,25,1,-1,-1,-1,-1,-1,-1,4,1,4,-1,-1,-1,-1,,,,,
24014,4636441,-1,30,4,-1,-1,-1,-1,-1,-1,7,1,37,-1,-1,-1,-1,,,,,
24017,4636580,-1,120,32,-1,-1,-1,-1,-1,-1,4,1,3,-1,-1,-1,-1,,,,,
24019,4636703,-1,17,1,-1,-1,-1,-1,-1,-1,4,1,4,-1,-1,-1,-1,,,,,
24020,4636839,-1,6,1,-1,-1,-1,-1,-1,-1,7,1,9,-1,-1,-1,-1,,,,,
24022,4637115,-1,148,32,-1,-1,-1,-1,-1,-1,4,1,3,-1,-1,-1,-1,,,,,
24023,4637266,-1,17,1,-1,-1,-1,-1,-1,-1,4,1,4,-1,-1,-1,-1,,,,,
24024,4637319,-1,120,32,-1,-1,-1,-1,-1,-1,4,1,3,-1,-1,-1,-1,,,,,
24025,4637443,-1,18,1,-1,-1,-1,-1,-1,-1,4,1,4,-1,-1,-1,-1,,,,,
24027,4637798,-1,3072,4,-1,-1,-1,-1,-1,-1,15,1,19,-1,-1,-1,-1,,,,,
24028,4637819,-1,3052,2,-1,-1,-1,-1,-1,-1,15,1,20,-1,-1,-1,-1,,,,,
24034,4638273,-1,160,32,-1,-1,-1,-1,-1,-1,4,1,3,-1,-1,-1,-1,,,,,
24036,4638435,-1,14,1,-1,-1,-1,-1,-1,-1,4,1,4,-1,-1,-1,-1,,,,,
24037,4638519,-1,140,32,-1,-1,-1,-1,-1,-1,4,1,3,-1,-1,-1,-1,,,,,
24039,4638663,-1,18,1,-1,-1,-1,-1,-1,-1,4,1,4,-1,-1,-1,-1,,,,,
24041,4638932,-1,6,1,-1,-1,-1,-1,-1,-1,7,1,9,-1,-1,-1,-1,,,,,
24042,4638939,-1,16,4,-1,-1,-1,-1,-1,-1,7,1,37,-1,-1,-1,-1,,,,,
24044,4639284,-1,26,1,-1,-1,-1,-1,-1,-1,33,1,106,-1,-1,-1,-1,,,,,
24045,4639317,-1,150,32,-1,-1,-1,-1,-1,-1,4,1,3,-1,-1,-1,-1,,,,,
24047,4639471,-1,25,1,-1,-1,-1,-1,-1,-1,4,1,4,-1,-1,-1,-1,,,,,
24048,4639525,-1,322,16,-1,-1,-1,-1,-1,-1,33,1,106,-1,-1,-1,-1,,,,,
24049,4639619,-1,187,32,-1,-1,-1,-1,-1,-1,4,1,3,-1,-1,-1,-1,,,,,
24050,4639812,-1,16,1,-1,-1,-1,-1,-1,-1,4,1,4,-1,-1,-1,-1,,,,,
24051,4639969,-1,137,16,-1,-1,-1,-1,-1,-1,33,1,319,-1,-1,-1,-1,,,,,
24052,4640015,-1,109,32,-1,-1,-1,-1,-1,-1,8,1,286,-1,-1,-1,-1,,,,,
24055,4640138,-1,742,16,-1,-1,-1,-1,-1,-1,33,1,319,-1,-1,-1,-1,,,,,
24057,4640184,-1,2981,32,-1,-1,-1,-1,-1,-1,8,1,286,-1,-1,-1,-1,,,,,
24059,4640301,-1,112,32,-1,-1,-1,-1,-1,-1,4,1,3,-1,-1,-1,-1,,,,,
24060,4640417,-1,18,1,-1,-1,-1,-1,-1,-1,4,1,4,-1,-1,-1,-1,,,,,
24061,4640656,-1,38,32,-1,-1,-1,-1,-1,-1,33,1,28,-1,-1,-1,-1,,,,,
24064,4640891,-1,1310,32,-1,-1,-1,-1,-1,-1,33,1,106,-1,-1,-1,-1,,,,,
24065,4640926,-1,10009,4,-1,-1,-1,-1,-1,-1,15,1,19,-1,-1,-1,-1,,,,,
24066,4640954,-1,9981,2,-1,-1,-1,-1,-1,-1,15,1,20,-1,-1,-1,-1,,,,,
24067,4640959,-1,1890,16,-1,-1,-1,-1,-1,-1,33,1,319,-1,-1,-1,-1,,,,,
24068,4641229,-1,26,1,-1,-1,-1,-1,-1,-1,7,1,9,-1,-1,-1,-1,,,,,
24076,4642220,-1,255,32,-1,-1,-1,-1,-1,-1,4,1,3,-1,-1,-1,-1,,,,,
24080,4642577,-1,176,32,-1,-1,-1,-1,-1,-1,4,1,3,-1,-1,-1,-1,,,,,
24082,4642756,-1,21,1,-1,-1,-1,-1,-1,-1,4,1,4,-1,-1,-1,-1,,,,,
24083,4642765,-1,10,1,-1,-1,-1,-1,-1,-1,4,1,2,-1,-1,-1,-1,,,,,
24084,4642850,-1,202,32,-1,-1,-1,-1,-1,-1,4,1,3,-1,-1,-1,-1,,,,,
24085,4643056,-1,20,1,-1,-1,-1,-1,-1,-1,4,1,4,-1,-1,-1,-1,,,,,
24086,4643087,-1,25,1,-1,-1,-1,-1,-1,-1,4,1,2,-1,-1,-1,-1,,,,,
24087,4643102,-1,32,4,-1,-1,-1,-1,-1,-1,7,1,37,-1,-1,-1,-1,,,,,
24088,4643190,-1,171,32,-1,-1,-1,-1,-1,-1,4,1,3,-1,-1,-1,-1,,,,,
24090,4643321,-1,2739,32,-1,-1,-1,-1,-1,-1,8,1,286,-1,-1,-1,-1,,,,,
24091,4643364,-1,18,1,-1,-1,-1,-1,-1,-1,4,1,4,-1,-1,-1,-1,,,,,
24092,4643442,-1,14,1,-1,-1,-1,-1,-1,-1,4,1,2,-1,-1,-1,-1,,,,,
24093,4643469,-1,50,4,-1,-1,-1,-1,-1,-1,40,2,297,-1,-1,-1,-1,,,,,
24094,4643621,-1,569,32,-1,-1,-1,-1,-1,-1,33,1,106,-1,-1,-1,-1,,,,,
24095,4643683,-1,1739,16,-1,-1,-1,-1,-1,-1,60,1,319,-1,-1,-1,-1,,,,,
24097,4643908,-1,116,4,-1,-1,-1,-1,-1,-1,40,2,297,-1,-1,-1,-1,,,,,
24099,4644160,-1,29,1,-1,-1,-1,-1,-1,-1,4,1,4,-1,-1,-1,-1,,,,,
24102,4644296,-1,18,1,-1,-1,-1,-1,-1,-1,4,1,2,-1,-1,-1,-1,,,,,
24104,4644588,-1,1050,32,-1,-1,-1,-1,-1,-1,4,1,3,-1,-1,-1,-1,,,,,
24106,4645062,-1,29,16,-1,-1,-1,-1,-1,-1,33,1,28,-1,-1,-1,-1,,,,,
24107,4645158,-1,34,16,-1,-1,-1,-1,-1,-1,33,1,28,-1,-1,-1,-1,,,,,
24108,4645170,-1,34,4,-1,-1,-1,-1,-1,-1,7,1,37,-1,-1,-1,-1,,,,,
24109,4645259,-1,32,16,-1,-1,-1,-1,-1,-1,33,1,28,-1,-1,-1,-1,,,,,
24111,4645454,-1,485,16,-1,-1,-1,-1,-1,-1,60,1,319,-1,-1,-1,-1,,,,,
24112,4645461,-1,46,16,-1,-1,-1,-1,-1,-1,33,1,28,-1,-1,-1,-1,,,,,
24113,4645685,-1,29,4,-1,-1,-1,-1,-1,-1,7,1,37,-1,-1,-1,-1,,,,,
24115,4645758,-1,1646,32,-1,-1,-1,-1,-1,-1,4,1,3,-1,-1,-1,-1,,,,,
24119,4646003,-1,349,16,-1,-1,-1,-1,-1,-1,60,1,319,-1,-1,-1,-1,,,,,
24120,4646174,-1,71,32,-1,-1,-1,-1,-1,-1,8,1,286,-1,-1,-1,-1,,,,,
24121,4646324,-1,80,32,-1,-1,-1,-1,-1,-1,8,1,286,-1,-1,-1,-1,,,,,
24122,4646419,-1,21,4,-1,-1,-1,-1,-1,-1,7,1,37,-1,-1,-1,-1,,,,,
24123,4646480,-1,48,32,-1,-1,-1,-1,-1,-1,8,1,286,-1,-1,-1,-1,,,,,
24125,4646604,-1,36,16,-1,-1,-1,-1,-1,-1,8,1,286,-1,-1,-1,-1,,,,,
24126,4646715,-1,29,8,-1,-1,-1,-1,-1,-1,8,1,286,-1,-1,-1,-1,,,,,
24127,4646753,-1,3979,32,-1,-1,-1,-1,-1,-1,7,1,10,-1,-1,-1,-1,,,,,
24128,4646824,-1,3908,4,-1,-1,-1,-1,-1,-1,7,1,18,-1,-1,-1,-1,,,,,
24129,4646843,-1,42,4,-1,-1,-1,-1,-1,-1,8,1,286,-1,-1,-1,-1,,,,,
24130,4646953,-1,40,2,-1,-1,-1,-1,-1,-1,8,1,286,-1,-1,-1,-1,,,,,
24132,4647074,-1,51,1,-1,-1,-1,-1,-1,-1,8,1,286,-1,-1,-1,-1,,,,,
24134,4647407,-1,20,1,-1,-1,-1,-1,-1,-1,4,1,4,-1,-1,-1,-1,,,,,
24136,4647475,-1,343,32,-1,-1,-1,-1,-1,-1,4,1,3,-1,-1,-1,-1,,,,,
24139,4647629,-1,51,2,-1,-1,-1,-1,-1,-1,8,1,286,-1,-1,-1,-1,,,,,
24140,4647820,-1,18,1,-1,-1,-1,-1,-1,-1,4,1,4,-1,-1,-1,-1,,,,,
24141,4647867,-1,51,4,-1,-1,-1,-1,-1,-1,8,1,286,-1,-1,-1,-1,,,,,
24142,4647906,-1,27,1,-1,-1,-1,-1,-1,-1,9,2,9,-1,-1,-1,-1,,,,,
24143,4647911,-1,15,1,-1,-1,-1,-1,-1,-1,4,1,2,-1,-1,-1,-1,,,,,
24144,4647964,-1,11,1,-1,-1,-1,-1,-1,-1,4,1,2,-1,-1,-1,-1,,,,,
24145,4647977,-1,146,32,-1,-1,-1,-1,-1,-1,4,1,3,-1,-1,-1,-1,,,,,
24146,4648006,-1,50,8,-1,-1,-1,-1,-1,-1,8,1,286,-1,-1,-1,-1,,,,,
24148,4648162,-1,52,16,-1,-1,-1,-1,-1,-1,8,1,286,-1,-1,-1,-1,,,,,
24149,4648178,-1,149,32,-1,-1,-1,-1,-1,-1,4,1,3,-1,-1,-1,-1,,,,,
24150,4648191,-1,34,4,-1,-1,-1,-1,-1,-1,7,1,37,-1,-1,-1,-1,,,,,
24151,4648329,-1,20,1,-1,-1,-1,-1,-1,-1,4,1,4,-1,-1,-1,-1,,,,,
24152,4648338,-1,9,1,-1,-1,-1,-1,-1,-1,4,1,2,-1,-1,-1,-1,,,,,
24153,4648459,-1,2476,32,-1,-1,-1,-1,-1,-1,4,1,3,-1,-1,-1,-1,,,,,
24154,4648469,-1,30,1,-1,-1,-1,-1,-1,-1,8,1,286,-1,-1,-1,-1,,,,,
24156,4648599,-1,23,2,-1,-1,-1,-1,-1,-1,8,1,286,-1,-1,-1,-1,,,,,
24157,4648640,-1,20,4,-1,-1,-1,-1,-1,-1,7,1,37,-1,-1,-1,-1,,,,,
24158,4648671,-1,26,4,-1,-1,-1,-1,-1,-1,8,1,286,-1,-1,-1,-1,,,,,
24159,4648741,-1,24,8,-1,-1,-1,-1,-1,-1,8,1,286,-1,-1,-1,-1,,,,,
24160,4648874,-1,35,16,-1,-1,-1,-1,-1,-1,8,1,286,-1,-1,-1,-1,,,,,
24162,4648973,-1,58,32,-1,-1,-1,-1,-1,-1,8,1,286,-1,-1,-1,-1,,,,,
24165,4649086,-1,56,32,-1,-1,-1,-1,-1,-1,8,1,286,-1,-1,-1,-1,,,,,
24167,4649192,-1,51,32,-1,-1,-1,-1,-1,-1,8,1,286,-1,-1,-1,-1,,,,,
24168,4649404,-1,39,16,-1,-1,-1,-1,-1,-1,8,1,286,-1,-1,-1,-1,,,,,
24169,4649592,-1,36,16,-1,-1,-1,-1,-1,-1,8,1,286,-1,-1,-1,-1,,,,,
24170,4649672,-1,24,8,-1,-1,-1,-1,-1,-1,8,1,286,-1,-1,-1,-1,,,,,
24171,4649754,-1,29,8,-1,-1,-1,-1,-1,-1,8,1,286,-1,-1,-1,-1,,,,,
24172,4649829,-1,27,8,-1,-1,-1,-1,-1,-1,8,1,286,-1,-1,-1,-1,,,,,
24173,4649904,-1,27,4,-1,-1,-1,-1,-1,-1,8,1,286,-1,-1,-1,-1,,,,,
24175,4650014,-1,19,2,-1,-1,-1,-1,-1,-1,8,1,286,-1,-1,-1,-1,,,,,
24176,4650091,-1,19,1,-1,-1,-1,-1,-1,-1,8,1,286,-1,-1,-1,-1,,,,,
24177,4650151,-1,22,1,-1,-1,-1,-1,-1,-1,8,1,286,-1,-1,-1,-1,,,,,
24178,4650232,-1,22,2,-1,-1,-1,-1,-1,-1,8,1,286,-1,-1,-1,-1,,,,,
24179,4650309,-1,27,4,-1,-1,-1,-1,-1,-1,8,1,286,-1,-1,-1,-1,,,,,
24185,4658179,-1,5106,64,-1,-1,-1,-1,-1,-1,18,1,-1,-1,-1,-1,-1,,,,,
24186,4658180,-1,10931,64,-1,-1,-1,-1,-1,-1,28,1,-1,-1,-1,-1,-1,,,,,
24187,4663324,-1,5792,32,-1,-1,-1,-1,-1,-1,7,1,10,-1,-1,-1,-1,,,,,
24188,4663383,-1,5737,4,-1,-1,-1,-1,-1,-1,7,1,18,-1,-1,-1,-1,,,,,
24207,4669249,-1,140,128,-1,-1,-1,-1,-1,-1,23,1,-1,-1,-1,-1,-1,,,,,
24208,4669395,-1,98,128,-1,-1,-1,-1,-1,-1,23,1,-1,-1,-1,-1,-1,,,,,
24209,4669499,-1,111,128,-1,-1,-1,-1,-1,-1,44,1,-1,-1,-1,-1,-1,,,,,
24210,4669614,-1,9610,128,-1,-1,-1,-1,-1,-1,2,1,-1,-1,-1,-1,-1,,,,,
24211,4679228,-1,9335,64,-1,-1,-1,-1,-1,-1,4,1,-1,-1,-1,-1,-1,,,,,
24212,4679384,-1,6314,32,-1,-1,-1,-1,-1,-1,7,1,10,-1,-1,-1,-1,,,,,
24213,4679446,-1,6259,4,-1,-1,-1,-1,-1,-1,7,1,18,-1,-1,-1,-1,,,,,
24262,4685716,-1,3730,64,-1,-1,-1,-1,-1,-1,28,1,-1,-1,-1,-1,-1,,,,,
24263,4688568,-1,25,32,-1,-1,-1,-1,-1,-1,28,1,-1,-1,-1,-1,-1,,,,,
24264,4688714,-1,1689,32,-1,-1,-1,-1,-1,-1,7,1,10,-1,-1,-1,-1,,,,,
24265,4688781,-1,1618,4,-1,-1,-1,-1,-1,-1,7,1,18,-1,-1,-1,-1,,,,,
24274,4689557,-1,255,64,-1,-1,-1,-1,-1,-1,23,1,134,-1,-1,-1,-1,,,,,
24279,4689879,-1,215,64,-1,-1,-1,-1,-1,-1,23,1,134,-1,-1,-1,-1,,,,,
24284,4690099,-1,3725,64,-1,-1,-1,-1,-1,-1,28,1,-1,-1,-1,-1,-1,,,,,
24289,4690530,-1,756,64,-1,-1,-1,-1,-1,-1,28,1,-1,-1,-1,-1,-1,,,,,
24290,4691307,-1,44,32,-1,-1,-1,-1,-1,-1,7,1,10,-1,-1,-1,-1,,,,,
24291,4691344,-1,142,32,-1,-1,-1,-1,-1,-1,23,1,134,-1,-1,-1,-1,,,,,
24296,4691493,-1,120,32,-1,-1,-1,-1,-1,-1,23,1,134,-1,-1,-1,-1,,,,,
24297,4691628,-1,14607,32,-1,-1,-1,-1,-1,-1,7,1,10,-1,-1,-1,-1,,,,,
24298,4691684,-1,14550,4,-1,-1,-1,-1,-1,-1,7,1,18,-1,-1,-1,-1,,,,,
24316,4693383,-1,3553,2,-1,-1,-1,-1,-1,-1,55,1,11,-1,-1,-1,-1,,,,,
24324,4693956,-1,287,32,-1,-1,-1,-1,-1,-1,23,1,134,-1,-1,-1,-1,,,,,
24333,4694688,-1,15,1,-1,-1,-1,-1,-1,-1,4,1,2,-1,-1,-1,-1,,,,,
24334,4694710,-1,18,1,-1,-1,-1,-1,-1,-1,4,1,2,-1,-1,-1,-1,,,,,
24335,4694951,-1,3539,32,-1,-1,-1,-1,-1,-1,4,1,-1,-1,-1,-1,-1,,,,,
24349,4695915,-1,132,16,-1,-1,-1,-1,-1,-1,23,1,134,-1,-1,-1,-1,,,,,
24355,4696513,-1,190,16,-1,-1,-1,-1,-1,-1,23,1,134,-1,-1,-1,-1,,,,,
24363,4696942,-1,8298,2,-1,-1,-1,-1,-1,-1,55,1,11,-1,-1,-1,-1,,,,,
24364,4696963,-1,176,16,-1,-1,-1,-1,-1,-1,23,1,134,-1,-1,-1,-1,,,,,
24372,4697994,-1,71,2,-1,-1,-1,-1,-1,-1,28,1,67,-1,-1,-1,-1,,,,,
24373,4698055,-1,693,1,-1,-1,-1,-1,-1,-1,55,1,347,-1,-1,-1,-1,,,,,
24374,4698111,-1,85,2,-1,-1,-1,-1,-1,-1,28,1,67,-1,-1,-1,-1,,,,,
24378,4698472,-1,12,1,-1,-1,-1,-1,-1,-1,4,1,2,-1,-1,-1,-1,,,,,
24379,4698494,-1,3516,32,-1,-1,-1,-1,-1,-1,4,1,-1,-1,-1,-1,-1,,,,,
24383,4699301,-1,15,1,-1,-1,-1,-1,-1,-1,12,2,1,-1,-1,-1,-1,,,,,
24391,4700931,-1,119,4,-1,-1,-1,-1,-1,-1,40,2,297,-1,-1,-1,-1,,,,,
24393,4701103,-1,43,4,-1,-1,-1,-1,-1,-1,40,2,297,-1,-1,-1,-1,,,,,
24394,4701305,-1,75,16,-1,-1,-1,-1,-1,-1,23,1,134,-1,-1,-1,-1,,,,,
24395,4701340,-1,52,4,-1,-1,-1,-1,-1,-1,40,2,297,-1,-1,-1,-1,,,,,
24399,4701533,-1,44,4,-1,-1,-1,-1,-1,-1,40,2,297,-1,-1,-1,-1,,,,,
24400,4701586,-1,168,8,-1,-1,-1,-1,-1,-1,23,1,134,-1,-1,-1,-1,,,,,
24401,4701615,-1,49,2,-1,-1,-1,-1,-1,-1,28,1,67,-1,-1,-1,-1,,,,,
24403,4701871,-1,313,8,-1,-1,-1,-1,-1,-1,23,1,134,-1,-1,-1,-1,,,,,
24404,4701906,-1,13,1,-1,-1,-1,-1,-1,-1,9,2,9,-1,-1,-1,-1,,,,,
24405,4702015,-1,3517,32,-1,-1,-1,-1,-1,-1,4,1,-1,-1,-1,-1,-1,,,,,
24406,4702086,-1,57,4,-1,-1,-1,-1,-1,-1,40,2,297,-1,-1,-1,-1,,,,,
24410,4702257,-1,142,8,-1,-1,-1,-1,-1,-1,23,1,134,-1,-1,-1,-1,,,,,
24411,4702443,-1,50,4,-1,-1,-1,-1,-1,-1,40,2,297,-1,-1,-1,-1,,,,,
24412,4702508,-1,220,8,-1,-1,-1,-1,-1,-1,23,1,134,-1,-1,-1,-1,,,,,
24414,4702947,-1,46,4,-1,-1,-1,-1,-1,-1,40,2,297,-1,-1,-1,-1,,,,,
24419,4703348,-1,42,4,-1,-1,-1,-1,-1,-1,40,2,297,-1,-1,-1,-1,,,,,
24422,4704379,-1,45,4,-1,-1,-1,-1,-1,-1,40,2,297,-1,-1,-1,-1,,,,,
24428,4705267,-1,786,1,-1,-1,-1,-1,-1,-1,55,1,347,-1,-1,-1,-1,,,,,
24429,4705270,-1,3109,2,-1,-1,-1,-1,-1,-1,55,1,11,-1,-1,-1,-1,,,,,
24431,4705534,-1,3500,32,-1,-1,-1,-1,-1,-1,4,1,-1,-1,-1,-1,-1,,,,,
24432,4705573,-1,23,4,-1,-1,-1,-1,-1,-1,7,1,37,-1,-1,-1,-1,,,,,
24433,4705623,-1,47,4,-1,-1,-1,-1,-1,-1,40,2,297,-1,-1,-1,-1,,,,,
24437,4705998,-1,60,4,-1,-1,-1,-1,-1,-1,40,2,297,-1,-1,-1,-1,,,,,
24439,4706170,-1,271,4,-1,-1,-1,-1,-1,-1,23,1,134,-1,-1,-1,-1,,,,,
24440,4706367,-1,580,32,-1,-1,-1,-1,-1,-1,7,1,10,-1,-1,-1,-1,,,,,
24441,4706429,-1,519,4,-1,-1,-1,-1,-1,-1,7,1,18,-1,-1,-1,-1,,,,,
24444,4706953,-1,290,4,-1,-1,-1,-1,-1,-1,23,1,134,-1,-1,-1,-1,,,,,
24446,4707289,-1,732,1,-1,-1,-1,-1,-1,-1,55,1,347,-1,-1,-1,-1,,,,,
24448,4707386,-1,1952,32,-1,-1,-1,-1,-1,-1,11,1,11,-1,-1,-1,-1,,,,,
24450,4707483,-1,91,32,-1,-1,-1,-1,-1,-1,7,1,10,-1,-1,-1,-1,,,,,
24452,4707557,-1,30,4,-1,-1,-1,-1,-1,-1,7,1,18,-1,-1,-1,-1,,,,,
24454,4707639,-1,358,4,-1,-1,-1,-1,-1,-1,15,1,19,-1,-1,-1,-1,,,,,
24455,4707665,-1,213,32,-1,-1,-1,-1,-1,-1,7,1,10,-1,-1,-1,-1,,,,,
24457,4707732,-1,145,4,-1,-1,-1,-1,-1,-1,7,1,18,-1,-1,-1,-1,,,,,
24458,4707894,-1,56,1,-1,-1,-1,-1,-1,-1,12,2,1,-1,-1,-1,-1,,,,,
24459,4707956,-1,42,1,-1,-1,-1,-1,-1,-1,12,2,11,-1,-1,-1,-1,,,,,
24460,4708031,-1,130,4,-1,-1,-1,-1,-1,-1,15,1,19,-1,-1,-1,-1,,,,,
24461,4708052,-1,110,2,-1,-1,-1,-1,-1,-1,15,1,20,-1,-1,-1,-1,,,,,
24462,4708103,-1,212,32,-1,-1,-1,-1,-1,-1,14,2,26,-1,-1,-1,-1,,,,,
24464,4708255,-1,13,1,-1,-1,-1,-1,-1,-1,4,1,2,-1,-1,-1,-1,,,,,
24465,4708445,-1,28,2,-1,-1,-1,-1,-1,-1,55,1,11,-1,-1,-1,-1,,,,,
24466,4708492,-1,8110,2,-1,-1,-1,-1,-1,-1,55,1,11,-1,-1,-1,-1,,,,,
24469,4708930,-1,134,1,-1,-1,-1,-1,-1,-1,55,1,347,-1,-1,-1,-1,,,,,
24471,4709036,-1,1798,32,-1,-1,-1,-1,-1,-1,4,1,-1,-1,-1,-1,-1,,,,,
24472,4709151,-1,21,1,-1,-1,-1,-1,-1,-1,55,1,347,-1,-1,-1,-1,,,,,
24473,4709242,-1,43,32,-1,-1,-1,-1,-1,-1,55,1,11,-1,-1,-1,-1,,,,,
24474,4709290,-1,46,1,-1,-1,-1,-1,-1,-1,55,1,11,-1,-1,-1,-1,,,,,
24476,4709356,-1,21,1,-1,-1,-1,-1,-1,-1,55,1,347,-1,-1,-1,-1,,,,,
24478,4709440,-1,494,32,-1,-1,-1,-1,-1,-1,11,1,11,-1,-1,-1,-1,,,,,
24480,4709553,-1,617,1,-1,-1,-1,-1,-1,-1,55,1,347,-1,-1,-1,-1,,,,,
24482,4709617,-1,129,4,-1,-1,-1,-1,-1,-1,23,1,134,-1,-1,-1,-1,,,,,
24483,4709796,-1,148,4,-1,-1,-1,-1,-1,-1,23,1,134,-1,-1,-1,-1,,,,,
24484,4709905,-1,21,32,-1,-1,-1,-1,-1,-1,60,1,28,-1,-1,-1,-1,,,,,
24485,4709967,-1,21,32,-1,-1,-1,-1,-1,-1,60,1,28,-1,-1,-1,-1,,,,,
24487,4710128,-1,46,4,-1,-1,-1,-1,-1,-1,40,2,297,-1,-1,-1,-1,,,,,
24488,4710163,-1,199,2,-1,-1,-1,-1,-1,-1,28,1,67,-1,-1,-1,-1,,,,,
24489,4710471,-1,401,32,-1,-1,-1,-1,-1,-1,7,1,10,-1,-1,-1,-1,,,,,
24491,4710552,-1,321,4,-1,-1,-1,-1,-1,-1,7,1,18,-1,-1,-1,-1,,,,,
24492,4710554,-1,345,16,-1,-1,-1,-1,-1,-1,33,1,106,-1,-1,-1,-1,,,,,
24493,4710642,-1,176,32,-1,-1,-1,-1,-1,-1,11,1,11,-1,-1,-1,-1,,,,,
24494,4710824,-1,145,32,-1,-1,-1,-1,-1,-1,11,1,11,-1,-1,-1,-1,,,,,
24495,4710883,-1,3544,32,-1,-1,-1,-1,-1,-1,4,1,-1,-1,-1,-1,-1,,,,,
24497,4710947,-1,21,16,-1,-1,-1,-1,-1,-1,33,1,28,-1,-1,-1,-1,,,,,
24498,4710981,-1,752,32,-1,-1,-1,-1,-1,-1,11,1,11,-1,-1,-1,-1,,,,,
24499,4711177,-1,27,16,-1,-1,-1,-1,-1,-1,33,1,28,-1,-1,-1,-1,,,,,
24501,4711232,-1,321,16,-1,-1,-1,-1,-1,-1,33,1,106,-1,-1,-1,-1,,,,,
24505,4711534,-1,15,1,-1,-1,-1,-1,-1,-1,12,2,1,-1,-1,-1,-1,,,,,
24506,4711603,-1,184,1,-1,-1,-1,-1,-1,-1,14,2,9,-1,-1,-1,-1,,,,,
24507,4711637,-1,106,8,-1,-1,-1,-1,-1,-1,23,1,134,-1,-1,-1,-1,,,,,
24508,4711759,-1,83,8,-1,-1,-1,-1,-1,-1,23,1,134,-1,-1,-1,-1,,,,,
24509,4711840,-1,20,16,-1,-1,-1,-1,-1,-1,60,1,319,-1,-1,-1,-1,,,,,
24511,4711890,-1,60,16,-1,-1,-1,-1,-1,-1,60,1,319,-1,-1,-1,-1,,,,,
24512,4712061,-1,17,1,-1,-1,-1,-1,-1,-1,60,1,107,-1,-1,-1,-1,,,,,
24513,4712112,-1,175,1,-1,-1,-1,-1,-1,-1,14,2,9,-1,-1,-1,-1,,,,,
24514,4712122,-1,416,16,-1,-1,-1,-1,-1,-1,60,1,319,-1,-1,-1,-1,,,,,
24516,4712484,-1,382,32,-1,-1,-1,-1,-1,-1,11,1,11,-1,-1,-1,-1,,,,,
24518,4712710,-1,135,8,-1,-1,-1,-1,-1,-1,23,1,134,-1,-1,-1,-1,,,,,
24519,4712883,-1,62,8,-1,-1,-1,-1,-1,-1,23,1,134,-1,-1,-1,-1,,,,,
24522,4713111,-1,27,8,-1,-1,-1,-1,-1,-1,23,1,134,-1,-1,-1,-1,,,,,
24524,4713172,-1,21,8,-1,-1,-1,-1,-1,-1,23,1,134,-1,-1,-1,-1,,,,,
24526,4713205,-1,21,1,-1,-1,-1,-1,-1,-1,23,1,145,-1,-1,-1,-1,,,,,
24527,4713307,-1,87,32,-1,-1,-1,-1,-1,-1,11,1,11,-1,-1,-1,-1,,,,,
24528,4713368,-1,281,16,-1,-1,-1,-1,-1,-1,33,1,28,-1,-1,-1,-1,,,,,
24529,4713399,-1,300,32,-1,-1,-1,-1,-1,-1,11,1,11,-1,-1,-1,-1,,,,,
24530,4713476,-1,113,1,-1,-1,-1,-1,-1,-1,23,1,145,-1,-1,-1,-1,,,,,
24531,4713614,-1,10,1,-1,-1,-1,-1,-1,-1,23,1,145,-1,-1,-1,-1,,,,,
24533,4713676,-1,5,1,-1,-1,-1,-1,-1,-1,23,1,145,-1,-1,-1,-1,,,,,
24534,4713725,-1,52,8,-1,-1,-1,-1,-1,-1,23,1,134,-1,-1,-1,-1,,,,,
24535,4713746,-1,4217,32,-1,-1,-1,-1,-1,-1,11,1,11,-1,-1,-1,-1,,,,,
24536,4713748,-1,6369,32,-1,-1,-1,-1,-1,-1,33,1,28,-1,-1,-1,-1,,,,,
24537,4713845,-1,24,8,-1,-1,-1,-1,-1,-1,23,1,134,-1,-1,-1,-1,,,,,
24538,4714039,-1,21,1,-1,-1,-1,-1,-1,-1,23,1,145,-1,-1,-1,-1,,,,,
24539,4714061,-1,55,8,-1,-1,-1,-1,-1,-1,23,1,134,-1,-1,-1,-1,,,,,
24541,4714158,-1,46,8,-1,-1,-1,-1,-1,-1,23,1,134,-1,-1,-1,-1,,,,,
24542,4714403,-1,64,8,-1,-1,-1,-1,-1,-1,23,1,134,-1,-1,-1,-1,,,,,
24543,4714432,-1,3524,32,-1,-1,-1,-1,-1,-1,4,1,-1,-1,-1,-1,-1,,,,,
24545,4714588,-1,56,8,-1,-1,-1,-1,-1,-1,23,1,134,-1,-1,-1,-1,,,,,
24546,4714732,-1,11,1,-1,-1,-1,-1,-1,-1,4,1,2,-1,-1,-1,-1,,,,,
24547,4714827,-1,60,8,-1,-1,-1,-1,-1,-1,23,1,134,-1,-1,-1,-1,,,,,
24552,4715394,-1,21,1,-1,-1,-1,-1,-1,-1,23,1,145,-1,-1,-1,-1,,,,,
24553,4715403,-1,60,8,-1,-1,-1,-1,-1,-1,23,1,134,-1,-1,-1,-1,,,,,
24554,4715529,-1,54,8,-1,-1,-1,-1,-1,-1,23,1,134,-1,-1,-1,-1,,,,,
24557,4716224,-1,10,8,-1,-1,-1,-1,-1,-1,23,1,134,-1,-1,-1,-1,,,,,
24558,4716399,-1,11,8,-1,-1,-1,-1,-1,-1,23,1,134,-1,-1,-1,-1,,,,,
24560,4716605,-1,96,2,-1,-1,-1,-1,-1,-1,55,1,11,-1,-1,-1,-1,,,,,
24561,4716642,-1,24604,2,-1,-1,-1,-1,-1,-1,55,1,11,-1,-1,-1,-1,,,,,
24562,4716712,-1,287,1,-1,-1,-1,-1,-1,-1,44,1,378,-1,-1,-1,-1,,,,,
24567,4717124,-1,479,1,-1,-1,-1,-1,-1,-1,44,1,378,-1,-1,-1,-1,,,,,
24569,4717667,-1,21,1,-1,-1,-1,-1,-1,-1,55,1,347,-1,-1,-1,-1,,,,,
24570,4717692,-1,1944,1,-1,-1,-1,-1,-1,-1,44,1,253,-1,-1,-1,-1,,,,,
24571,4717751,-1,254,1,-1,-1,-1,-1,-1,-1,55,1,347,-1,-1,-1,-1,,,,,
24572,4717968,-1,3646,32,-1,-1,-1,-1,-1,-1,4,1,-1,-1,-1,-1,-1,,,,,
24574,4718351,-1,182,1,-1,-1,-1,-1,-1,-1,55,1,347,-1,-1,-1,-1,,,,,
24575,4718395,-1,158,1,-1,-1,-1,-1,-1,-1,44,1,12,-1,-1,-1,-1,,,,,
24579,4718602,-1,1034,1,-1,-1,-1,-1,-1,-1,44,1,12,-1,-1,-1,-1,,,,,
24583,4719137,-1,28,4,-1,-1,-1,-1,-1,-1,7,1,37,-1,-1,-1,-1,,,,,
24585,4719371,-1,116,1,-1,-1,-1,-1,-1,-1,3,2,9,-1,-1,-1,-1,,,,,
24586,4719536,-1,8,1,-1,-1,-1,-1,-1,-1,2,1,9,-1,-1,-1,-1,,,,,
24587,4719566,-1,36,1,-1,-1,-1,-1,-1,-1,59,2,1,-1,-1,-1,-1,,,,,
24589,4719624,-1,31,1,-1,-1,-1,-1,-1,-1,2,1,56,-1,-1,-1,-1,,,,,
24590,4719669,-1,17,1,-1,-1,-1,-1,-1,-1,59,2,1,-1,-1,-1,-1,,,,,
24593,4720653,-1,162,64,-1,-1,-1,-1,-1,-1,12,2,14,-1,-1,-1,-1,,,,,
24594,4720683,-1,17,1,-1,-1,-1,-1,-1,-1,12,2,1,-1,-1,-1,-1,,,,,
24595,4720782,-1,120,1,-1,-1,-1,-1,-1,-1,3,2,9,-1,-1,-1,-1,,,,,
24604,4722338,-1,303,32,-1,-1,-1,-1,-1,-1,7,1,10,-1,-1,-1,-1,,,,,
24605,4722349,-1,7,1,-1,-1,-1,-1,-1,-1,2,1,9,-1,-1,-1,-1,,,,,
24606,4722420,-1,221,4,-1,-1,-1,-1,-1,-1,7,1,18,-1,-1,-1,-1,,,,,
24607,4722448,-1,624,64,-1,-1,-1,-1,-1,-1,4,1,3,-1,-1,-1,-1,,,,,
24610,4722619,-1,20,1,-1,-1,-1,-1,-1,-1,12,2,1,-1,-1,-1,-1,,,,,
24611,4722660,-1,1634,32,-1,-1,-1,-1,-1,-1,7,1,10,-1,-1,-1,-1,,,,,
24613,4722680,-1,72,1,-1,-1,-1,-1,-1,-1,40,2,1,-1,-1,-1,-1,,,,,
24614,4722718,-1,21,1,-1,-1,-1,-1,-1,-1,12,2,1,-1,-1,-1,-1,,,,,
24615,4722722,-1,32,1,-1,-1,-1,-1,-1,-1,44,1,378,-1,-1,-1,-1,,,,,
24616,4722742,-1,2213,4,-1,-1,-1,-1,-1,-1,7,1,18,-1,-1,-1,-1,,,,,
24617,4722782,-1,17,1,-1,-1,-1,-1,-1,-1,12,2,1,-1,-1,-1,-1,,,,,
24618,4722792,-1,5,1,-1,-1,-1,-1,-1,-1,2,1,9,-1,-1,-1,-1,,,,,
24619,4722859,-1,29,1,-1,-1,-1,-1,-1,-1,2,1,56,-1,-1,-1,-1,,,,,
24620,4722901,-1,12,4,-1,-1,-1,-1,-1,-1,40,2,297,-1,-1,-1,-1,,,,,
24621,4722903,-1,17,1,-1,-1,-1,-1,-1,-1,2,1,9,-1,-1,-1,-1,,,,,
24622,4722954,-1,28,16,-1,-1,-1,-1,-1,-1,13,1,274,-1,-1,-1,-1,,,,,
24623,4723046,-1,66,4,-1,-1,-1,-1,-1,-1,40,2,297,-1,-1,-1,-1,,,,,
24624,4723102,-1,79,16,-1,-1,-1,-1,-1,-1,33,1,28,-1,-1,-1,-1,,,,,
24625,4723156,-1,1324,64,-1,-1,-1,-1,-1,-1,4,1,3,-1,-1,-1,-1,,,,,
24627,4723341,-1,46,4,-1,-1,-1,-1,-1,-1,40,2,297,-1,-1,-1,-1,,,,,
24628,4723454,-1,23,16,-1,-1,-1,-1,-1,-1,33,1,28,-1,-1,-1,-1,,,,,
24629,4723542,-1,4,4,-1,-1,-1,-1,-1,-1,40,2,297,-1,-1,-1,-1,,,,,
24631,4723644,-1,3,16,-1,-1,-1,-1,-1,-1,33,1,28,-1,-1,-1,-1,,,,,
24632,4723715,-1,1315,4,-1,-1,-1,-1,-1,-1,15,1,19,-1,-1,-1,-1,,,,,
24633,4723722,-1,26,16,-1,-1,-1,-1,-1,-1,33,1,28,-1,-1,-1,-1,,,,,
24634,4723738,-1,1294,2,-1,-1,-1,-1,-1,-1,15,1,20,-1,-1,-1,-1,,,,,
24635,4723777,-1,125,4,-1,-1,-1,-1,-1,-1,40,2,297,-1,-1,-1,-1,,,,,
24636,4723831,-1,117,16,-1,-1,-1,-1,-1,-1,13,1,274,-1,-1,-1,-1,,,,,
24637,4723911,-1,25,4,-1,-1,-1,-1,-1,-1,7,1,37,-1,-1,-1,-1,,,,,
24639,4724016,-1,54,4,-1,-1,-1,-1,-1,-1,40,2,297,-1,-1,-1,-1,,,,,
24640,4724045,-1,9,1,-1,-1,-1,-1,-1,-1,2,1,9,-1,-1,-1,-1,,,,,
24641,4724243,-1,69,16,-1,-1,-1,-1,-1,-1,33,1,28,-1,-1,-1,-1,,,,,
24642,4724300,-1,22,32,-1,-1,-1,-1,-1,-1,12,2,-1,-1,-1,-1,-1,,,,,
24644,4724332,-1,26,1,-1,-1,-1,-1,-1,-1,4,1,4,-1,-1,-1,-1,,,,,
24646,4724402,-1,59,4,-1,-1,-1,-1,-1,-1,40,2,297,-1,-1,-1,-1,,,,,
24647,4724419,-1,143,16,-1,-1,-1,-1,-1,-1,13,1,274,-1,-1,-1,-1,,,,,
24649,4724494,-1,47,1,-1,-1,-1,-1,-1,-1,44,1,378,-1,-1,-1,-1,,,,,
24650,4724502,-1,3505,32,-1,-1,-1,-1,-1,-1,4,1,-1,-1,-1,-1,-1,,,,,
24652,4724838,-1,213,16,-1,-1,-1,-1,-1,-1,13,1,274,-1,-1,-1,-1,,,,,
24653,4724845,-1,274,1,-1,-1,-1,-1,-1,-1,44,1,378,-1,-1,-1,-1,,,,,
24654,4724957,-1,1507,32,-1,-1,-1,-1,-1,-1,7,1,10,-1,-1,-1,-1,,,,,
24655,4725036,-1,1728,4,-1,-1,-1,-1,-1,-1,7,1,18,-1,-1,-1,-1,,,,,
24656,4725086,-1,79,2,-1,-1,-1,-1,-1,-1,42,1,349,-1,-1,-1,-1,,,,,
24658,4725244,-1,135,32,-1,-1,-1,-1,-1,-1,44,1,254,-1,-1,-1,-1,,,,,
24662,4726013,-1,65,16,-1,-1,-1,-1,-1,-1,33,1,28,-1,-1,-1,-1,,,,,
24665,4726110,-1,223,32,-1,-1,-1,-1,-1,-1,33,1,28,-1,-1,-1,-1,,,,,
24669,4726273,-1,46,1,-1,-1,-1,-1,-1,-1,44,1,378,-1,-1,-1,-1,,,,,
24670,4726430,-1,54,32,-1,-1,-1,-1,-1,-1,33,1,28,-1,-1,-1,-1,,,,,
24671,4726468,-1,121,2,-1,-1,-1,-1,-1,-1,42,1,349,-1,-1,-1,-1,,,,,
24672,4726530,-1,171,32,-1,-1,-1,-1,-1,-1,44,1,254,-1,-1,-1,-1,,,,,
24674,4726623,-1,28,16,-1,-1,-1,-1,-1,-1,13,1,274,-1,-1,-1,-1,,,,,
24675,4726690,-1,61,32,-1,-1,-1,-1,-1,-1,33,1,28,-1,-1,-1,-1,,,,,
24677,4726766,-1,1244,32,-1,-1,-1,-1,-1,-1,7,1,10,-1,-1,-1,-1,,,,,
24678,4726829,-1,31,4,-1,-1,-1,-1,-1,-1,7,1,18,-1,-1,-1,-1,,,,,
24679,4726847,-1,84,32,-1,-1,-1,-1,-1,-1,33,1,28,-1,-1,-1,-1,,,,,
24681,4726978,-1,115,16,-1,-1,-1,-1,-1,-1,13,1,274,-1,-1,-1,-1,,,,,
24693,4727771,-1,4415,32,-1,-1,-1,-1,-1,-1,24,1,101,-1,-1,-1,-1,,,,,
24694,4727890,-1,44,4,-1,-1,-1,-1,-1,-1,48,2,382,-1,-1,-1,-1,,,,,
24695,4728014,-1,3724,32,-1,-1,-1,-1,-1,-1,4,1,-1,-1,-1,-1,-1,,,,,
24696,4728065,-1,13161,32,-1,-1,-1,-1,-1,-1,7,1,10,-1,-1,-1,-1,,,,,
24697,4728157,-1,13082,4,-1,-1,-1,-1,-1,-1,7,1,18,-1,-1,-1,-1,,,,,
24699,4728505,-1,62,1,-1,-1,-1,-1,-1,-1,48,2,382,-1,-1,-1,-1,,,,,
24700,4728615,-1,84,4,-1,-1,-1,-1,-1,-1,48,2,382,-1,-1,-1,-1,,,,,
24718,4731747,-1,3647,32,-1,-1,-1,-1,-1,-1,4,1,-1,-1,-1,-1,-1,,,,,
24722,4732459,-1,221,32,-1,-1,-1,-1,-1,-1,12,2,14,-1,-1,-1,-1,,,,,
24731,4734300,-1,13,1,-1,-1,-1,-1,-1,-1,9,2,9,-1,-1,-1,-1,,,,,
24739,4735805,-1,17,4,-1,-1,-1,-1,-1,-1,7,1,37,-1,-1,-1,-1,,,,,
24740,4736010,-1,12,4,-1,-1,-1,-1,-1,-1,7,1,37,-1,-1,-1,-1,,,,,
24741,4736053,-1,4,1,-1,-1,-1,-1,-1,-1,7,1,9,-1,-1,-1,-1,,,,,
24768,4740857,-1,109,32,-1,-1,-1,-1,-1,-1,4,1,-1,-1,-1,-1,-1,,,,,
24769,4741108,-1,3531,32,-1,-1,-1,-1,-1,-1,4,1,-1,-1,-1,-1,-1,,,,,
24770,4741186,-1,111,32,-1,-1,-1,-1,-1,-1,3,2,-1,-1,-1,-1,-1,,,,,
24772,4741382,-1,10924,64,-1,-1,-1,-1,-1,-1,28,1,-1,-1,-1,-1,-1,,,,,
24773,4741528,-1,73,32,-1,-1,-1,-1,-1,-1,7,1,10,-1,-1,-1,-1,,,,,
24775,4741903,-1,64,32,-1,-1,-1,-1,-1,-1,7,1,10,-1,-1,-1,-1,,,,,
24785,4742267,-1,61,32,-1,-1,-1,-1,-1,-1,7,1,10,-1,-1,-1,-1,,,,,
24796,4743236,-1,56,32,-1,-1,-1,-1,-1,-1,7,1,10,-1,-1,-1,-1,,,,,
24803,4743594,-1,60,32,-1,-1,-1,-1,-1,-1,7,1,10,-1,-1,-1,-1,,,,,
24810,4743956,-1,69,32,-1,-1,-1,-1,-1,-1,7,1,10,-1,-1,-1,-1,,,,,
24816,4744627,-1,12,32,-1,-1,-1,-1,-1,-1,7,1,10,-1,-1,-1,-1,,,,,
24817,4744645,-1,3491,32,-1,-1,-1,-1,-1,-1,4,1,-1,-1,-1,-1,-1,,,,,
24823,4745246,-1,97,4,-1,-1,-1,-1,-1,-1,15,1,19,-1,-1,-1,-1,,,,,
24824,4745267,-1,77,2,-1,-1,-1,-1,-1,-1,15,1,20,-1,-1,-1,-1,,,,,
24826,4745691,-1,106,4,-1,-1,-1,-1,-1,-1,15,1,19,-1,-1,-1,-1,,,,,
24827,4745719,-1,79,2,-1,-1,-1,-1,-1,-1,15,1,20,-1,-1,-1,-1,,,,,
24839,4748146,-1,129,32,-1,-1,-1,-1,-1,-1,4,1,-1,-1,-1,-1,-1,,,,,
24841,4748566,-1,3747,32,-1,-1,-1,-1,-1,-1,7,1,10,-1,-1,-1,-1,,,,,
24843,4748625,-1,3692,4,-1,-1,-1,-1,-1,-1,7,1,18,-1,-1,-1,-1,,,,,
24859,4752331,-1,167,128,-1,-1,-1,-1,-1,-1,44,1,-1,-1,-1,-1,-1,,,,,
24860,4752502,-1,9741,128,-1,-1,-1,-1,-1,-1,2,1,-1,-1,-1,-1,-1,,,,,
24861,4762248,-1,10923,64,-1,-1,-1,-1,-1,-1,4,1,-1,-1,-1,-1,-1,,,,,
24862,4762282,-1,120,32,-1,-1,-1,-1,-1,-1,7,1,10,-1,-1,-1,-1,,,,,
24864,4762373,-1,46,4,-1,-1,-1,-1,-1,-1,7,1,18,-1,-1,-1,-1,,,,,
24867,4762695,-1,35829,32,-1,-1,-1,-1,-1,-1,7,1,10,-1,-1,-1,-1,,,,,
24868,4762761,-1,35762,4,-1,-1,-1,-1,-1,-1,7,1,18,-1,-1,-1,-1,,,,,
24973,4778398,-1,44513,32,-1,-1,-1,-1,-1,-1,4,1,3,-1,-1,-1,-1,,,,,
24988,4788300,-1,12,1,-1,-1,-1,-1,-1,-1,9,2,9,-1,-1,-1,-1,,,,,
25141,4799566,-1,306,64,-1,-1,-1,-1,-1,-1,15,1,125,-1,-1,-1,-1,,,,,
25144,4799895,-1,374,64,-1,-1,-1,-1,-1,-1,15,1,125,-1,-1,-1,-1,,,,,
25151,4800305,-1,253,64,-1,-1,-1,-1,-1,-1,15,1,365,-1,-1,-1,-1,,,,,
25153,4800535,-1,12,1,-1,-1,-1,-1,-1,-1,7,1,9,-1,-1,-1,-1,,,,,
25163,4801106,-1,4,1,-1,-1,-1,-1,-1,-1,7,1,9,-1,-1,-1,-1,,,,,
25164,4801122,-1,20,4,-1,-1,-1,-1,-1,-1,7,1,37,-1,-1,-1,-1,,,,,
25165,4801131,-1,77,64,-1,-1,-1,-1,-1,-1,15,1,365,-1,-1,-1,-1,,,,,
25166,4801309,-1,793,64,-1,-1,-1,-1,-1,-1,15,1,365,-1,-1,-1,-1,,,,,
25242,4806332,-1,33,2,-1,-1,-1,-1,-1,-1,42,1,349,-1,-1,-1,-1,,,,,
25245,4806517,-1,70,2,-1,-1,-1,-1,-1,-1,42,1,349,-1,-1,-1,-1,,,,,
25255,4807170,-1,82,2,-1,-1,-1,-1,-1,-1,42,1,349,-1,-1,-1,-1,,,,,
25308,4810748,-1,90,2,-1,-1,-1,-1,-1,-1,42,1,349,-1,-1,-1,-1,,,,,
25327,4812067,-1,38,2,-1,-1,-1,-1,-1,-1,42,1,349,-1,-1,-1,-1,,,,,
25332,4812348,-1,33,1,-1,-1,-1,-1,-1,-1,51,1,379,-1,-1,-1,-1,,,,,
25336,4812552,-1,603,1,-1,-1,-1,-1,-1,-1,51,1,324,-1,-1,-1,-1,,,,,
25454,4820700,-1,16,1,-1,-1,-1,-1,-1,-1,9,2,9,-1,-1,-1,-1,,,,,
25487,4822914,-1,19,1,-1,-1,-1,-1,-1,-1,4,1,4,-1,-1,-1,-1,,,,,
25558,4827606,-1,1898,64,-1,-1,-1,-1,-1,-1,4,1,-1,-1,-1,-1,-1,,,,,
25572,4828852,-1,652,1,-1,-1,-1,-1,-1,-1,3,2,9,-1,-1,-1,-1,,,,,
25573,4828897,-1,20,1,-1,-1,-1,-1,-1,-1,3,2,145,-1,-1,-1,-1,,,,,
25581,4830463,-1,10524,64,-1,-1,-1,-1,-1,-1,4,1,-1,-1,-1,-1,-1,,,,,
25609,4832294,-1,20,1,-1,-1,-1,-1,-1,-1,15,1,12,-1,-1,-1,-1,,,,,
25613,4832375,-1,8617,4,-1,-1,-1,-1,-1,-1,15,1,19,-1,-1,-1,-1,,,,,
25615,4832396,-1,8599,2,-1,-1,-1,-1,-1,-1,15,1,20,-1,-1,-1,-1,,,,,
25712,4840999,-1,9795,128,-1,-1,-1,-1,-1,-1,2,1,-1,-1,-1,-1,-1,,,,,
25713,4850798,-1,10485,64,-1,-1,-1,-1,-1,-1,4,1,-1,-1,-1,-1,-1,,,,,
25829,4862197,-1,3724,64,-1,-1,-1,-1,-1,-1,28,1,-1,-1,-1,-1,-1,,,,,
25836,4863060,-1,1325,64,-1,-1,-1,-1,-1,-1,28,1,-1,-1,-1,-1,-1,,,,,
25857,4870939,-1,96,128,-1,-1,-1,-1,-1,-1,12,2,14,-1,-1,-1,-1,,,,,
25858,4871183,-1,21,1,-1,-1,-1,-1,-1,-1,12,2,1,-1,-1,-1,-1,,,,,
25860,4874700,-1,10,1,-1,-1,-1,-1,-1,-1,9,2,9,-1,-1,-1,-1,,,,,
25886,4878100,-1,49,4,-1,-1,-1,-1,-1,-1,40,2,297,-1,-1,-1,-1,,,,,
25889,4878372,-1,174,32,-1,-1,-1,-1,-1,-1,54,1,345,-1,-1,-1,-1,,,,,
25890,4878447,-1,86,4,-1,-1,-1,-1,-1,-1,40,2,297,-1,-1,-1,-1,,,,,
25891,4878554,-1,49,4,-1,-1,-1,-1,-1,-1,40,2,297,-1,-1,-1,-1,,,,,
25905,4879733,-1,242,64,-1,-1,-1,-1,-1,-1,54,1,345,-1,-1,-1,-1,,,,,
25910,4880206,-1,82,2,-1,-1,-1,-1,-1,-1,12,2,90,-1,-1,-1,-1,,,,,
25911,4880213,-1,76,2,-1,-1,-1,-1,-1,-1,12,2,49,-1,-1,-1,-1,,,,,
25912,4880223,-1,66,2,-1,-1,-1,-1,-1,-1,12,2,50,-1,-1,-1,-1,,,,,
25913,4880230,-1,54,2,-1,-1,-1,-1,-1,-1,12,2,51,-1,-1,-1,-1,,,,,
25915,4880241,-1,45,2,-1,-1,-1,-1,-1,-1,12,2,55,-1,-1,-1,-1,,,,,
25916,4880248,-1,38,2,-1,-1,-1,-1,-1,-1,12,2,250,-1,-1,-1,-1,,,,,
25917,4880255,-1,32,2,-1,-1,-1,-1,-1,-1,12,2,251,-1,-1,-1,-1,,,,,
25918,4880262,-1,23,2,-1,-1,-1,-1,-1,-1,12,2,252,-1,-1,-1,-1,,,,,
25919,4880270,-1,18,2,-1,-1,-1,-1,-1,-1,12,2,383,-1,-1,-1,-1,,,,,
25948,4883113,-1,71,4,-1,-1,-1,-1,-1,-1,40,2,297,-1,-1,-1,-1,,,,,
25953,4883389,-1,5,1,-1,-1,-1,-1,-1,-1,2,1,9,-1,-1,-1,-1,,,,,
25955,4883466,-1,106,4,-1,-1,-1,-1,-1,-1,40,2,297,-1,-1,-1,-1,,,,,
25957,4883510,-1,17,2,-1,-1,-1,-1,-1,-1,12,2,90,-1,-1,-1,-1,,,,,
25959,4883542,-1,16,2,-1,-1,-1,-1,-1,-1,12,2,90,-1,-1,-1,-1,,,,,
25962,4883702,-1,74,4,-1,-1,-1,-1,-1,-1,40,2,297,-1,-1,-1,-1,,,,,
25970,4883996,-1,93,8,-1,-1,-1,-1,-1,-1,40,2,297,-1,-1,-1,-1,,,,,
25973,4884318,-1,23,2,-1,-1,-1,-1,-1,-1,12,2,90,-1,-1,-1,-1,,,,,
25974,4884326,-1,7,2,-1,-1,-1,-1,-1,-1,12,2,49,-1,-1,-1,-1,,,,,
25975,4884382,-1,18,1,-1,-1,-1,-1,-1,-1,12,2,1,-1,-1,-1,-1,,,,,
25992,4885265,-1,99,2,-1,-1,-1,-1,-1,-1,12,2,90,-1,-1,-1,-1,,,,,
25993,4885272,-1,95,2,-1,-1,-1,-1,-1,-1,12,2,49,-1,-1,-1,-1,,,,,
25994,4885285,-1,83,2,-1,-1,-1,-1,-1,-1,12,2,50,-1,-1,-1,-1,,,,,
25995,4885292,-1,78,2,-1,-1,-1,-1,-1,-1,12,2,51,-1,-1,-1,-1,,,,,
25996,4885328,-1,26,4,-1,-1,-1,-1,-1,-1,7,1,37,-1,-1,-1,-1,,,,,
25997,4885343,-1,8933,64,-1,-1,-1,-1,-1,-1,54,1,345,-1,-1,-1,-1,,,,,
25999,4885381,-1,57,2,-1,-1,-1,-1,-1,-1,12,2,90,-1,-1,-1,-1,,,,,
26000,4885388,-1,48,2,-1,-1,-1,-1,-1,-1,12,2,49,-1,-1,-1,-1,,,,,
26001,4885398,-1,37,2,-1,-1,-1,-1,-1,-1,12,2,50,-1,-1,-1,-1,,,,,
26002,4885405,-1,30,2,-1,-1,-1,-1,-1,-1,12,2,51,-1,-1,-1,-1,,,,,
26003,4885412,-1,24,2,-1,-1,-1,-1,-1,-1,12,2,55,-1,-1,-1,-1,,,,,
26005,4885421,-1,16,2,-1,-1,-1,-1,-1,-1,12,2,250,-1,-1,-1,-1,,,,,
26006,4885428,-1,8,2,-1,-1,-1,-1,-1,-1,12,2,251,-1,-1,-1,-1,,,,,
26007,4885449,-1,120,2,-1,-1,-1,-1,-1,-1,12,2,90,-1,-1,-1,-1,,,,,
26008,4885456,-1,116,2,-1,-1,-1,-1,-1,-1,12,2,49,-1,-1,-1,-1,,,,,
26009,4885463,-1,111,2,-1,-1,-1,-1,-1,-1,12,2,50,-1,-1,-1,-1,,,,,
26010,4885471,-1,105,2,-1,-1,-1,-1,-1,-1,12,2,51,-1,-1,-1,-1,,,,,
26011,4885477,-1,100,2,-1,-1,-1,-1,-1,-1,12,2,55,-1,-1,-1,-1,,,,,
26012,4885484,-1,95,2,-1,-1,-1,-1,-1,-1,12,2,250,-1,-1,-1,-1,,,,,
26014,4885524,-1,119,4,-1,-1,-1,-1,-1,-1,7,1,37,-1,-1,-1,-1,,,,,
26016,4885702,-1,47,4,-1,-1,-1,-1,-1,-1,40,2,297,-1,-1,-1,-1,,,,,
26031,4886912,-1,38,4,-1,-1,-1,-1,-1,-1,7,1,37,-1,-1,-1,-1,,,,,
26037,4887105,-1,35,16,-1,-1,-1,-1,-1,-1,51,1,380,-1,-1,-1,-1,,,,,
26040,4887147,-1,33,4,-1,-1,-1,-1,-1,-1,51,1,381,-1,-1,-1,-1,,,,,
26041,4887185,-1,32,4,-1,-1,-1,-1,-1,-1,7,1,37,-1,-1,-1,-1,,,,,
26044,4887496,-1,23,4,-1,-1,-1,-1,-1,-1,7,1,37,-1,-1,-1,-1,,,,,
26045,4887547,-1,11,4,-1,-1,-1,-1,-1,-1,7,1,37,-1,-1,-1,-1,,,,,
26047,4887724,-1,15,4,-1,-1,-1,-1,-1,-1,7,1,37,-1,-1,-1,-1,,,,,
26061,4889063,-1,219,32,-1,-1,-1,-1,-1,-1,12,2,-1,-1,-1,-1,-1,,,,,
26063,4889388,-1,179,16,-1,-1,-1,-1,-1,-1,12,2,-1,-1,-1,-1,-1,,,,,
26065,4889539,-1,20,4,-1,-1,-1,-1,-1,-1,40,2,148,-1,-1,-1,-1,,,,,
26066,4889596,-1,21,4,-1,-1,-1,-1,-1,-1,40,2,148,-1,-1,-1,-1,,,,,
26067,4889639,-1,21,4,-1,-1,-1,-1,-1,-1,40,2,148,-1,-1,-1,-1,,,,,
26071,4889802,-1,2172,4,-1,-1,-1,-1,-1,-1,40,2,148,-1,-1,-1,-1,,,,,
26109,4893540,-1,25,16,-1,-1,-1,-1,-1,-1,51,1,380,-1,-1,-1,-1,,,,,
26110,4893573,-1,23,1,-1,-1,-1,-1,-1,-1,51,1,379,-1,-1,-1,-1,,,,,
26111,4893665,-1,21,1,-1,-1,-1,-1,-1,-1,51,1,346,-1,-1,-1,-1,,,,,
26113,4893722,-1,22,4,-1,-1,-1,-1,-1,-1,51,1,381,-1,-1,-1,-1,,,,,
26114,4893811,-1,21,16,-1,-1,-1,-1,-1,-1,51,1,346,-1,-1,-1,-1,,,,,
26115,4893923,-1,21,16,-1,-1,-1,-1,-1,-1,51,1,324,-1,-1,-1,-1,,,,,
26117,4894013,-1,5434,16,-1,-1,-1,-1,-1,-1,51,1,324,-1,-1,-1,-1,,,,,
26118,4894059,-1,19947,16,-1,-1,-1,-1,-1,-1,51,1,380,-1,-1,-1,-1,,,,,
26125,4894697,-1,163,64,-1,-1,-1,-1,-1,-1,54,1,345,-1,-1,-1,-1,,,,,
26131,4894941,-1,17,4,-1,-1,-1,-1,-1,-1,7,1,37,-1,-1,-1,-1,,,,,
26133,4895115,-1,15,4,-1,-1,-1,-1,-1,-1,7,1,37,-1,-1,-1,-1,,,,,
26134,4895225,-1,8910,64,-1,-1,-1,-1,-1,-1,54,1,384,-1,-1,-1,-1,,,,,
26135,4895239,-1,24,4,-1,-1,-1,-1,-1,-1,7,1,37,-1,-1,-1,-1,,,,,
26137,4895450,-1,16,4,-1,-1,-1,-1,-1,-1,7,1,37,-1,-1,-1,-1,,,,,
26147,4896679,-1,21,1,-1,-1,-1,-1,-1,-1,15,1,12,-1,-1,-1,-1,,,,,
26148,4896704,-1,921,4,-1,-1,-1,-1,-1,-1,15,1,19,-1,-1,-1,-1,,,,,
26149,4896726,-1,899,2,-1,-1,-1,-1,-1,-1,15,1,20,-1,-1,-1,-1,,,,,
26151,4896968,-1,15,1,-1,-1,-1,-1,-1,-1,40,2,385,-1,-1,-1,-1,,,,,
26152,4897067,-1,23,1,-1,-1,-1,-1,-1,-1,40,2,385,-1,-1,-1,-1,,,,,
26153,4897236,-1,16,1,-1,-1,-1,-1,-1,-1,40,2,385,-1,-1,-1,-1,,,,,
26155,4897460,-1,20,1,-1,-1,-1,-1,-1,-1,40,2,385,-1,-1,-1,-1,,,,,
26156,4897655,-1,39,1,-1,-1,-1,-1,-1,-1,15,1,12,-1,-1,-1,-1,,,,,
26157,4897661,-1,33,1,-1,-1,-1,-1,-1,-1,40,2,385,-1,-1,-1,-1,,,,,
26159,4897714,-1,1979,4,-1,-1,-1,-1,-1,-1,15,1,19,-1,-1,-1,-1,,,,,
26160,4897736,-1,1958,2,-1,-1,-1,-1,-1,-1,15,1,20,-1,-1,-1,-1,,,,,
26162,4897774,-1,30,1,-1,-1,-1,-1,-1,-1,40,2,385,-1,-1,-1,-1,,,,,
26164,4897847,-1,33,1,-1,-1,-1,-1,-1,-1,40,2,385,-1,-1,-1,-1,,,,,
26167,4897983,-1,74,2,-1,-1,-1,-1,-1,-1,12,2,90,-1,-1,-1,-1,,,,,
26168,4897990,-1,69,2,-1,-1,-1,-1,-1,-1,12,2,49,-1,-1,-1,-1,,,,,
26169,4897996,-1,65,2,-1,-1,-1,-1,-1,-1,12,2,50,-1,-1,-1,-1,,,,,
26170,4898003,-1,59,2,-1,-1,-1,-1,-1,-1,12,2,51,-1,-1,-1,-1,,,,,
26178,4899772,-1,461,4,-1,-1,-1,-1,-1,-1,15,1,19,-1,-1,-1,-1,,,,,
26179,4899794,-1,438,2,-1,-1,-1,-1,-1,-1,15,1,20,-1,-1,-1,-1,,,,,
26181,4900058,-1,15,1,-1,-1,-1,-1,-1,-1,40,2,385,-1,-1,-1,-1,,,,,
26182,4900190,-1,21,1,-1,-1,-1,-1,-1,-1,40,2,385,-1,-1,-1,-1,,,,,
26183,4900235,-1,427,4,-1,-1,-1,-1,-1,-1,51,1,381,-1,-1,-1,-1,,,,,
26184,4900247,-1,3148,4,-1,-1,-1,-1,-1,-1,15,1,19,-1,-1,-1,-1,,,,,
26185,4900269,-1,3125,2,-1,-1,-1,-1,-1,-1,15,1,20,-1,-1,-1,-1,,,,,
26186,4900385,-1,18,1,-1,-1,-1,-1,-1,-1,40,2,385,-1,-1,-1,-1,,,,,
26188,4900566,-1,21,1,-1,-1,-1,-1,-1,-1,40,2,385,-1,-1,-1,-1,,,,,
26189,4900595,-1,30,4,-1,-1,-1,-1,-1,-1,7,1,37,-1,-1,-1,-1,,,,,
26190,4900610,-1,28,1,-1,-1,-1,-1,-1,-1,40,2,385,-1,-1,-1,-1,,,,,
26191,4900701,-1,158,1,-1,-1,-1,-1,-1,-1,40,2,385,-1,-1,-1,-1,,,,,
26196,4900900,-1,22,4,-1,-1,-1,-1,-1,-1,7,1,37,-1,-1,-1,-1,,,,,
26197,4900933,-1,27,1,-1,-1,-1,-1,-1,-1,40,2,385,-1,-1,-1,-1,,,,,
26198,4900936,-1,95,16,-1,-1,-1,-1,-1,-1,51,1,324,-1,-1,-1,-1,,,,,
26200,4901000,-1,15,1,-1,-1,-1,-1,-1,-1,40,2,385,-1,-1,-1,-1,,,,,
26201,4901140,-1,15,1,-1,-1,-1,-1,-1,-1,40,2,385,-1,-1,-1,-1,,,,,
26202,4901238,-1,19,1,-1,-1,-1,-1,-1,-1,40,2,385,-1,-1,-1,-1,,,,,
26203,4901286,-1,18,1,-1,-1,-1,-1,-1,-1,40,2,385,-1,-1,-1,-1,,,,,
26204,4901327,-1,25,1,-1,-1,-1,-1,-1,-1,40,2,385,-1,-1,-1,-1,,,,,
26205,4901374,-1,17,1,-1,-1,-1,-1,-1,-1,40,2,385,-1,-1,-1,-1,,,,,
26207,4901488,-1,104,4,-1,-1,-1,-1,-1,-1,7,1,37,-1,-1,-1,-1,,,,,
26208,4901543,-1,18,1,-1,-1,-1,-1,-1,-1,40,2,385,-1,-1,-1,-1,,,,,
26217,4903401,-1,211,4,-1,-1,-1,-1,-1,-1,15,1,19,-1,-1,-1,-1,,,,,
26218,4903426,-1,186,2,-1,-1,-1,-1,-1,-1,15,1,20,-1,-1,-1,-1,,,,,
26219,4903624,-1,617,4,-1,-1,-1,-1,-1,-1,15,1,19,-1,-1,-1,-1,,,,,
26221,4903646,-1,595,2,-1,-1,-1,-1,-1,-1,15,1,20,-1,-1,-1,-1,,,,,
26224,4903789,-1,26,4,-1,-1,-1,-1,-1,-1,7,1,37,-1,-1,-1,-1,,,,,
26227,4904210,-1,26,1,-1,-1,-1,-1,-1,-1,15,1,12,-1,-1,-1,-1,,,,,
26228,4904250,-1,379,4,-1,-1,-1,-1,-1,-1,15,1,19,-1,-1,-1,-1,,,,,
26229,4904271,-1,358,2,-1,-1,-1,-1,-1,-1,15,1,20,-1,-1,-1,-1,,,,,
26231,4904639,-1,244,4,-1,-1,-1,-1,-1,-1,15,1,19,-1,-1,-1,-1,,,,,
26232,4904670,-1,212,2,-1,-1,-1,-1,-1,-1,15,1,20,-1,-1,-1,-1,,,,,
26234,4905051,-1,95,32,-1,-1,-1,-1,-1,-1,7,1,10,-1,-1,-1,-1,,,,,
26235,4905090,-1,27,4,-1,-1,-1,-1,-1,-1,7,1,37,-1,-1,-1,-1,,,,,
26236,4905123,-1,23,4,-1,-1,-1,-1,-1,-1,7,1,18,-1,-1,-1,-1,,,,,
26239,4905254,-1,8757,32,-1,-1,-1,-1,-1,-1,7,1,10,-1,-1,-1,-1,,,,,
26240,4905318,-1,8696,4,-1,-1,-1,-1,-1,-1,7,1,18,-1,-1,-1,-1,,,,,
26250,4907102,-1,13,1,-1,-1,-1,-1,-1,-1,9,2,9,-1,-1,-1,-1,,,,,
26252,4908269,-1,18,4,-1,-1,-1,-1,-1,-1,7,1,37,-1,-1,-1,-1,,,,,
26253,4908316,-1,4,1,-1,-1,-1,-1,-1,-1,7,1,9,-1,-1,-1,-1,,,,,
26254,4908348,-1,12,1,-1,-1,-1,-1,-1,-1,7,1,9,-1,-1,-1,-1,,,,,
26255,4908369,-1,18,4,-1,-1,-1,-1,-1,-1,7,1,37,-1,-1,-1,-1,,,,,
26256,4908401,-1,4,1,-1,-1,-1,-1,-1,-1,7,1,9,-1,-1,-1,-1,,,,,
26257,4909630,-1,5,1,-1,-1,-1,-1,-1,-1,7,1,9,-1,-1,-1,-1,,,,,
26258,4909651,-1,14,4,-1,-1,-1,-1,-1,-1,7,1,37,-1,-1,-1,-1,,,,,
26259,4909678,-1,7,1,-1,-1,-1,-1,-1,-1,7,1,9,-1,-1,-1,-1,,,,,
26260,4910221,-1,22,4,-1,-1,-1,-1,-1,-1,7,1,37,-1,-1,-1,-1,,,,,
26261,4910587,-1,17,1,-1,-1,-1,-1,-1,-1,7,1,9,-1,-1,-1,-1,,,,,
26262,4910632,-1,40,4,-1,-1,-1,-1,-1,-1,7,1,37,-1,-1,-1,-1,,,,,
26263,4910744,-1,32,4,-1,-1,-1,-1,-1,-1,7,1,37,-1,-1,-1,-1,,,,,
26264,4914005,-1,250,64,-1,-1,-1,-1,-1,-1,28,1,-1,-1,-1,-1,-1,,,,,
26265,4914021,-1,197,64,-1,-1,-1,-1,-1,-1,12,2,-1,-1,-1,-1,-1,,,,,
26266,4914223,-1,10495,64,-1,-1,-1,-1,-1,-1,4,1,-1,-1,-1,-1,-1,,,,,
26267,4914259,-1,10924,64,-1,-1,-1,-1,-1,-1,28,1,-1,-1,-1,-1,-1,,,,,
26268,4924860,-1,331,32,-1,-1,-1,-1,-1,-1,7,1,10,-1,-1,-1,-1,,,,,
26269,4924922,-1,266,4,-1,-1,-1,-1,-1,-1,7,1,18,-1,-1,-1,-1,,,,,
26270,4925194,-1,105,128,-1,-1,-1,-1,-1,-1,12,2,-1,-1,-1,-1,-1,,,,,
26271,4925302,-1,9719,128,-1,-1,-1,-1,-1,-1,2,1,-1,-1,-1,-1,-1,,,,,
26272,4935023,-1,10461,64,-1,-1,-1,-1,-1,-1,4,1,-1,-1,-1,-1,-1,,,,,
26273,4935142,-1,30048,32,-1,-1,-1,-1,-1,-1,7,1,10,-1,-1,-1,-1,,,,,
26274,4935211,-1,29979,4,-1,-1,-1,-1,-1,-1,7,1,18,-1,-1,-1,-1,,,,,
26362,4959299,-1,6545,64,-1,-1,-1,-1,-1,-1,54,1,384,-1,-1,-1,-1,,,,,
26386,4961101,-1,14,1,-1,-1,-1,-1,-1,-1,9,2,9,-1,-1,-1,-1,,,,,
26473,4967536,-1,30541,64,-1,-1,-1,-1,-1,-1,54,1,384,-1,-1,-1,-1,,,,,
26550,4973292,-1,180,64,-1,-1,-1,-1,-1,-1,12,2,14,-1,-1,-1,-1,,,,,
26589,4975910,-1,7979,32,-1,-1,-1,-1,-1,-1,7,1,10,-1,-1,-1,-1,,,,,
26591,4975978,-1,7910,4,-1,-1,-1,-1,-1,-1,7,1,18,-1,-1,-1,-1,,,,,
26616,4977656,-1,29,4,-1,-1,-1,-1,-1,-1,15,1,19,-1,-1,-1,-1,,,,,
26617,4977726,-1,28,4,-1,-1,-1,-1,-1,-1,15,1,19,-1,-1,-1,-1,,,,,
26619,4977795,-1,21,4,-1,-1,-1,-1,-1,-1,15,1,19,-1,-1,-1,-1,,,,,
26621,4977837,-1,27,4,-1,-1,-1,-1,-1,-1,15,1,19,-1,-1,-1,-1,,,,,
26623,4977903,-1,22,4,-1,-1,-1,-1,-1,-1,15,1,19,-1,-1,-1,-1,,,,,
26624,4977962,-1,28,4,-1,-1,-1,-1,-1,-1,15,1,19,-1,-1,-1,-1,,,,,
26625,4978021,-1,21,4,-1,-1,-1,-1,-1,-1,15,1,19,-1,-1,-1,-1,,,,,
26627,4978075,-1,21,4,-1,-1,-1,-1,-1,-1,15,1,19,-1,-1,-1,-1,,,,,
26632,4978279,-1,28,4,-1,-1,-1,-1,-1,-1,15,1,19,-1,-1,-1,-1,,,,,
26635,4978423,-1,28,4,-1,-1,-1,-1,-1,-1,15,1,19,-1,-1,-1,-1,,,,,
26636,4978436,-1,22,4,-1,-1,-1,-1,-1,-1,15,1,19,-1,-1,-1,-1,,,,,
26644,4978660,-1,32,4,-1,-1,-1,-1,-1,-1,15,1,19,-1,-1,-1,-1,,,,,
26645,4978793,-1,28,1,-1,-1,-1,-1,-1,-1,15,1,12,-1,-1,-1,-1,,,,,
26646,4978867,-1,28,1,-1,-1,-1,-1,-1,-1,15,1,12,-1,-1,-1,-1,,,,,
26647,4978916,-1,29,4,-1,-1,-1,-1,-1,-1,15,1,19,-1,-1,-1,-1,,,,,
26648,4978934,-1,17,4,-1,-1,-1,-1,-1,-1,7,1,37,-1,-1,-1,-1,,,,,
26651,4978967,-1,15,4,-1,-1,-1,-1,-1,-1,7,1,37,-1,-1,-1,-1,,,,,
26653,4978997,-1,5,1,-1,-1,-1,-1,-1,-1,7,1,9,-1,-1,-1,-1,,,,,
26658,4979368,-1,29,4,-1,-1,-1,-1,-1,-1,15,1,19,-1,-1,-1,-1,,,,,
26661,4979546,-1,21,4,-1,-1,-1,-1,-1,-1,15,1,19,-1,-1,-1,-1,,,,,
26663,4979607,-1,21,4,-1,-1,-1,-1,-1,-1,15,1,19,-1,-1,-1,-1,,,,,
26664,4979661,-1,1277,4,-1,-1,-1,-1,-1,-1,15,1,19,-1,-1,-1,-1,,,,,
26665,4979683,-1,1255,2,-1,-1,-1,-1,-1,-1,15,1,20,-1,-1,-1,-1,,,,,
26679,4980298,-1,11,1,-1,-1,-1,-1,-1,-1,7,1,9,-1,-1,-1,-1,,,,,
26680,4980310,-1,19,4,-1,-1,-1,-1,-1,-1,7,1,37,-1,-1,-1,-1,,,,,
26688,4980945,-1,656,4,-1,-1,-1,-1,-1,-1,15,1,19,-1,-1,-1,-1,,,,,
26690,4980967,-1,634,2,-1,-1,-1,-1,-1,-1,15,1,20,-1,-1,-1,-1,,,,,
26706,4981851,-1,1774,4,-1,-1,-1,-1,-1,-1,15,1,19,-1,-1,-1,-1,,,,,
26707,4981873,-1,1751,2,-1,-1,-1,-1,-1,-1,15,1,20,-1,-1,-1,-1,,,,,
26734,4983892,-1,393,32,-1,-1,-1,-1,-1,-1,7,1,10,-1,-1,-1,-1,,,,,
26735,4983941,-1,24,4,-1,-1,-1,-1,-1,-1,15,1,19,-1,-1,-1,-1,,,,,
26736,4983951,-1,341,4,-1,-1,-1,-1,-1,-1,7,1,18,-1,-1,-1,-1,,,,,
26741,4984214,-1,376,4,-1,-1,-1,-1,-1,-1,15,1,19,-1,-1,-1,-1,,,,,
26742,4984235,-1,356,2,-1,-1,-1,-1,-1,-1,15,1,20,-1,-1,-1,-1,,,,,
26743,4984297,-1,15393,32,-1,-1,-1,-1,-1,-1,7,1,10,-1,-1,-1,-1,,,,,
26744,4984366,-1,15329,4,-1,-1,-1,-1,-1,-1,7,1,18,-1,-1,-1,-1,,,,,
26749,4984543,-1,39,1,-1,-1,-1,-1,-1,-1,15,1,12,-1,-1,-1,-1,,,,,
26750,4984593,-1,846,4,-1,-1,-1,-1,-1,-1,15,1,19,-1,-1,-1,-1,,,,,
26751,4984614,-1,825,2,-1,-1,-1,-1,-1,-1,15,1,20,-1,-1,-1,-1,,,,,
26760,4985512,-1,380,4,-1,-1,-1,-1,-1,-1,15,1,19,-1,-1,-1,-1,,,,,
26761,4985533,-1,360,2,-1,-1,-1,-1,-1,-1,15,1,20,-1,-1,-1,-1,,,,,
26766,4985894,-1,97,4,-1,-1,-1,-1,-1,-1,15,1,19,-1,-1,-1,-1,,,,,
26767,4985915,-1,569,2,-1,-1,-1,-1,-1,-1,15,1,20,-1,-1,-1,-1,,,,,
26776,4986492,-1,295,4,-1,-1,-1,-1,-1,-1,15,1,19,-1,-1,-1,-1,,,,,
26777,4986513,-1,275,2,-1,-1,-1,-1,-1,-1,15,1,20,-1,-1,-1,-1,,,,,
26779,4986789,-1,330,4,-1,-1,-1,-1,-1,-1,15,1,19,-1,-1,-1,-1,,,,,
26781,4986816,-1,304,2,-1,-1,-1,-1,-1,-1,15,1,20,-1,-1,-1,-1,,,,,
26784,4987121,-1,902,4,-1,-1,-1,-1,-1,-1,15,1,19,-1,-1,-1,-1,,,,,
26785,4987142,-1,882,2,-1,-1,-1,-1,-1,-1,15,1,20,-1,-1,-1,-1,,,,,
26854,4993501,-1,15,1,-1,-1,-1,-1,-1,-1,9,2,9,-1,-1,-1,-1,,,,,
26867,4994630,-1,16,1,-1,-1,-1,-1,-1,-1,4,1,2,-1,-1,-1,-1,,,,,
26872,4994983,-1,29,16,-1,-1,-1,-1,-1,-1,15,1,125,-1,-1,-1,-1,,,,,
26873,4995047,-1,324,16,-1,-1,-1,-1,-1,-1,15,1,125,-1,-1,-1,-1,,,,,
26888,4996313,-1,989,16,-1,-1,-1,-1,-1,-1,15,1,365,-1,-1,-1,-1,,,,,
26903,4997610,-1,356,16,-1,-1,-1,-1,-1,-1,15,1,365,-1,-1,-1,-1,,,,,
26908,4998114,-1,75,64,-1,-1,-1,-1,-1,-1,54,1,384,-1,-1,-1,-1,,,,,
26913,4998362,-1,490,32,-1,-1,-1,-1,-1,-1,15,1,365,-1,-1,-1,-1,,,,,
26919,4998973,-1,450,32,-1,-1,-1,-1,-1,-1,15,1,125,-1,-1,-1,-1,,,,,
26926,4999692,-1,599,32,-1,-1,-1,-1,-1,-1,15,1,365,-1,-1,-1,-1,,,,,
26927,4999713,-1,202,64,-1,-1,-1,-1,-1,-1,12,2,14,-1,-1,-1,-1,,,,,
26932,4999993,-1,417,32,-1,-1,-1,-1,-1,-1,7,1,10,-1,-1,-1,-1,,,,,
26933,5000052,-1,355,4,-1,-1,-1,-1,-1,-1,7,1,18,-1,-1,-1,-1,,,,,
26937,5000308,-1,29,32,-1,-1,-1,-1,-1,-1,15,1,365,-1,-1,-1,-1,,,,,
26939,5000358,-1,43,32,-1,-1,-1,-1,-1,-1,15,1,365,-1,-1,-1,-1,,,,,
26940,5000425,-1,109,128,-1,-1,-1,-1,-1,-1,12,2,-1,-1,-1,-1,-1,,,,,
26941,5000538,-1,10493,64,-1,-1,-1,-1,-1,-1,4,1,-1,-1,-1,-1,-1,,,,,
26944,5000712,-1,9,32,-1,-1,-1,-1,-1,-1,7,1,10,-1,-1,-1,-1,,,,,
26946,5000852,-1,16,64,-1,-1,-1,-1,-1,-1,54,1,-1,-1,-1,-1,-1,,,,,
26947,5000923,-1,16,64,-1,-1,-1,-1,-1,-1,54,1,-1,-1,-1,-1,-1,,,,,
26948,5000974,-1,559,32,-1,-1,-1,-1,-1,-1,15,1,365,-1,-1,-1,-1,,,,,
26949,5001022,-1,73,32,-1,-1,-1,-1,-1,-1,7,1,10,-1,-1,-1,-1,,,,,
26951,5001396,-1,66,32,-1,-1,-1,-1,-1,-1,7,1,10,-1,-1,-1,-1,,,,,
26954,5001682,-1,733,32,-1,-1,-1,-1,-1,-1,15,1,365,-1,-1,-1,-1,,,,,
26955,5001763,-1,58,32,-1,-1,-1,-1,-1,-1,7,1,10,-1,-1,-1,-1,,,,,
26957,5002122,-1,58,32,-1,-1,-1,-1,-1,-1,7,1,10,-1,-1,-1,-1,,,,,
26959,5002444,-1,41,32,-1,-1,-1,-1,-1,-1,15,1,365,-1,-1,-1,-1,,,,,
26960,5002481,-1,8557,32,-1,-1,-1,-1,-1,-1,7,1,10,-1,-1,-1,-1,,,,,
26962,5002544,-1,8498,4,-1,-1,-1,-1,-1,-1,7,1,18,-1,-1,-1,-1,,,,,
27048,5011047,-1,9637,128,-1,-1,-1,-1,-1,-1,2,1,-1,-1,-1,-1,-1,,,,,
27049,5020687,-1,0,64,-1,-1,-1,-1,-1,-1,4,1,-1,-1,-1,-1,-1,,,,,
27054,5020983,-1,0,32,-1,-1,-1,-1,-1,-1,7,1,10,-1,-1,-1,-1,,,,,
27055,5021042,-1,0,4,-1,-1,-1,-1,-1,-1,7,1,18,-1,-1,-1,-1,,,,,
27300,5047245,-1,3482,64,-1,-1,-1,-1,-1,-1,56,1,348,-1,-1,-1,-1,,,,,
27302,5047501,-1,16,1,-1,-1,-1,-1,-1,-1,9,2,9,-1,-1,-1,-1,,,,,
27315,5050297,-1,13,1,-1,-1,-1,-1,-1,-1,4,1,2,-1,-1,-1,-1,,,,,
27316,5050431,-1,23,1,-1,-1,-1,-1,-1,-1,4,1,4,-1,-1,-1,-1,,,,,
27318,5050520,-1,29,1,-1,-1,-1,-1,-1,-1,4,1,4,-1,-1,-1,-1,,,,,
27320,5051082,-1,403,4,-1,-1,-1,-1,-1,-1,15,1,19,-1,-1,-1,-1,,,,,
27321,5051103,-1,382,2,-1,-1,-1,-1,-1,-1,15,1,20,-1,-1,-1,-1,,,,,
27329,5052614,-1,3449,64,-1,-1,-1,-1,-1,-1,56,1,348,-1,-1,-1,-1,,,,,
27348,5056374,-1,5233,64,-1,-1,-1,-1,-1,-1,54,1,384,-1,-1,-1,-1,,,,,
27356,5057530,-1,3506,32,-1,-1,-1,-1,-1,-1,7,1,10,-1,-1,-1,-1,,,,,
27357,5057589,-1,3446,4,-1,-1,-1,-1,-1,-1,7,1,18,-1,-1,-1,-1,,,,,
27369,5060219,-1,26,4,-1,-1,-1,-1,-1,-1,7,1,37,-1,-1,-1,-1,,,,,
27372,5060302,-1,4,1,-1,-1,-1,-1,-1,-1,7,1,9,-1,-1,-1,-1,,,,,
27373,5060354,-1,21,4,-1,-1,-1,-1,-1,-1,7,1,37,-1,-1,-1,-1,,,,,
27380,5068885,-1,96,128,-1,-1,-1,-1,-1,-1,12,2,14,-1,-1,-1,-1,,,,,
27381,5069173,-1,17633,32,-1,-1,-1,-1,-1,-1,7,1,10,-1,-1,-1,-1,,,,,
27382,5069232,-1,17578,4,-1,-1,-1,-1,-1,-1,7,1,18,-1,-1,-1,-1,,,,,
27387,5071555,-1,3450,64,-1,-1,-1,-1,-1,-1,56,1,348,-1,-1,-1,-1,,,,,
27388,5075427,-1,3447,64,-1,-1,-1,-1,-1,-1,56,1,348,-1,-1,-1,-1,,,,,
27389,5079197,-1,3453,64,-1,-1,-1,-1,-1,-1,56,1,348,-1,-1,-1,-1,,,,,
27390,5079901,-1,12,1,-1,-1,-1,-1,-1,-1,9,2,9,-1,-1,-1,-1,,,,,
27391,5083003,-1,1314,64,-1,-1,-1,-1,-1,-1,4,1,3,-1,-1,-1,-1,,,,,
27392,5084319,-1,15,1,-1,-1,-1,-1,-1,-1,4,1,4,-1,-1,-1,-1,,,,,
27393,5084542,-1,390,64,-1,-1,-1,-1,-1,-1,4,1,3,-1,-1,-1,-1,,,,,
27394,5085037,-1,1320,64,-1,-1,-1,-1,-1,-1,4,1,3,-1,-1,-1,-1,,,,,
27395,5086359,-1,14,1,-1,-1,-1,-1,-1,-1,4,1,4,-1,-1,-1,-1,,,,,
27396,5086805,-1,10662,64,-1,-1,-1,-1,-1,-1,4,1,-1,-1,-1,-1,-1,,,,,
27397,5086815,-1,50,64,-1,-1,-1,-1,-1,-1,54,1,-1,-1,-1,-1,-1,,,,,
27398,5087107,-1,10365,32,-1,-1,-1,-1,-1,-1,7,1,10,-1,-1,-1,-1,,,,,
27399,5087173,-1,10303,4,-1,-1,-1,-1,-1,-1,7,1,18,-1,-1,-1,-1,,,,,
27400,5095898,-1,21,1,-1,-1,-1,-1,-1,-1,51,1,324,-1,-1,-1,-1,,,,,
27401,5095968,-1,21,16,-1,-1,-1,-1,-1,-1,51,1,325,-1,-1,-1,-1,,,,,
27402,5096023,-1,26,16,-1,-1,-1,-1,-1,-1,51,1,380,-1,-1,-1,-1,,,,,
27403,5096057,-1,556,4,-1,-1,-1,-1,-1,-1,51,1,381,-1,-1,-1,-1,,,,,
27404,5096660,-1,24,4,-1,-1,-1,-1,-1,-1,51,1,381,-1,-1,-1,-1,,,,,
27405,5096850,-1,21,1,-1,-1,-1,-1,-1,-1,51,1,324,-1,-1,-1,-1,,,,,
27406,5096887,-1,21,4,-1,-1,-1,-1,-1,-1,51,1,324,-1,-1,-1,-1,,,,,
27407,5096978,-1,22,1,-1,-1,-1,-1,-1,-1,51,1,324,-1,-1,-1,-1,,,,,
27408,5097481,-1,9612,128,-1,-1,-1,-1,-1,-1,2,1,-1,-1,-1,-1,-1,,,,,
27409,5107096,-1,5370,64,-1,-1,-1,-1,-1,-1,18,1,-1,-1,-1,-1,-1,,,,,
27410,5107098,-1,10924,64,-1,-1,-1,-1,-1,-1,4,1,-1,-1,-1,-1,-1,,,,,
27411,5112541,-1,13989,32,-1,-1,-1,-1,-1,-1,7,1,10,-1,-1,-1,-1,,,,,
27412,5112610,-1,14220,4,-1,-1,-1,-1,-1,-1,7,1,18,-1,-1,-1,-1,,,,,
27422,5118800,-1,177,64,-1,-1,-1,-1,-1,-1,28,1,-1,-1,-1,-1,-1,,,,,
27423,5120876,-1,17,1,-1,-1,-1,-1,-1,-1,4,1,2,-1,-1,-1,-1,,,,,
27424,5120965,-1,647,64,-1,-1,-1,-1,-1,-1,4,1,3,-1,-1,-1,-1,,,,,
27425,5121655,-1,5409,64,-1,-1,-1,-1,-1,-1,4,1,3,-1,-1,-1,-1,,,,,
27426,5123199,-1,42,16,-1,-1,-1,-1,-1,-1,11,1,11,-1,-1,-1,-1,,,,,
27427,5123247,-1,133,16,-1,-1,-1,-1,-1,-1,11,1,11,-1,-1,-1,-1,,,,,
27428,5124884,-1,2462,16,-1,-1,-1,-1,-1,-1,11,1,11,-1,-1,-1,-1,,,,,
27430,5126831,-1,515,32,-1,-1,-1,-1,-1,-1,7,1,10,-1,-1,-1,-1,,,,,
27431,5126899,-1,446,4,-1,-1,-1,-1,-1,-1,7,1,18,-1,-1,-1,-1,,,,,
27432,5127071,-1,26,1,-1,-1,-1,-1,-1,-1,4,1,4,-1,-1,-1,-1,,,,,
27433,5127332,-1,85,32,-1,-1,-1,-1,-1,-1,3,2,1,-1,-1,-1,-1,,,,,
27435,5127905,-1,26,2,-1,-1,-1,-1,-1,-1,28,1,67,-1,-1,-1,-1,,,,,
27436,5127957,-1,8286,2,-1,-1,-1,-1,-1,-1,55,1,11,-1,-1,-1,-1,,,,,
27437,5128793,-1,163,64,-1,-1,-1,-1,-1,-1,12,2,14,-1,-1,-1,-1,,,,,
27438,5128872,-1,235,32,-1,-1,-1,-1,-1,-1,12,2,-1,-1,-1,-1,-1,,,,,
27439,5129009,-1,404,32,-1,-1,-1,-1,-1,-1,4,1,3,-1,-1,-1,-1,,,,,
27440,5129130,-1,16,1,-1,-1,-1,-1,-1,-1,12,2,1,-1,-1,-1,-1,,,,,
27441,5130182,-1,112,8,-1,-1,-1,-1,-1,-1,23,1,134,-1,-1,-1,-1,,,,,
27442,5130371,-1,167,16,-1,-1,-1,-1,-1,-1,13,1,274,-1,-1,-1,-1,,,,,
27443,5130407,-1,60,8,-1,-1,-1,-1,-1,-1,23,1,134,-1,-1,-1,-1,,,,,
27444,5130531,-1,78,8,-1,-1,-1,-1,-1,-1,23,1,134,-1,-1,-1,-1,,,,,
27445,5130625,-1,2692,32,-1,-1,-1,-1,-1,-1,4,1,3,-1,-1,-1,-1,,,,,
27446,5130717,-1,81,8,-1,-1,-1,-1,-1,-1,23,1,134,-1,-1,-1,-1,,,,,
27447,5130821,-1,165,16,-1,-1,-1,-1,-1,-1,13,1,274,-1,-1,-1,-1,,,,,
27450,5131755,-1,496,32,-1,-1,-1,-1,-1,-1,15,1,365,-1,-1,-1,-1,,,,,
27451,5131978,-1,19,1,-1,-1,-1,-1,-1,-1,4,1,4,-1,-1,-1,-1,,,,,
27453,5132358,-1,492,32,-1,-1,-1,-1,-1,-1,15,1,365,-1,-1,-1,-1,,,,,
27456,5132917,-1,29,2,-1,-1,-1,-1,-1,-1,28,1,67,-1,-1,-1,-1,,,,,
27458,5132987,-1,119,8,-1,-1,-1,-1,-1,-1,23,1,134,-1,-1,-1,-1,,,,,
27461,5133319,-1,17,1,-1,-1,-1,-1,-1,-1,4,1,4,-1,-1,-1,-1,,,,,
27462,5133414,-1,35,2,-1,-1,-1,-1,-1,-1,28,1,67,-1,-1,-1,-1,,,,,
27464,5133741,-1,454,32,-1,-1,-1,-1,-1,-1,4,1,3,-1,-1,-1,-1,,,,,
27465,5133902,-1,18,1,-1,-1,-1,-1,-1,-1,9,2,9,-1,-1,-1,-1,,,,,
27467,5134221,-1,6032,32,-1,-1,-1,-1,-1,-1,4,1,3,-1,-1,-1,-1,,,,,
27470,5134551,-1,35,2,-1,-1,-1,-1,-1,-1,28,1,67,-1,-1,-1,-1,,,,,
27471,5134667,-1,31,2,-1,-1,-1,-1,-1,-1,28,1,67,-1,-1,-1,-1,,,,,
27475,5135131,-1,166,16,-1,-1,-1,-1,-1,-1,13,1,274,-1,-1,-1,-1,,,,,
27478,5136029,-1,615,32,-1,-1,-1,-1,-1,-1,15,1,365,-1,-1,-1,-1,,,,,
27480,5136112,-1,593,32,-1,-1,-1,-1,-1,-1,11,1,11,-1,-1,-1,-1,,,,,
27482,5136269,-1,202,16,-1,-1,-1,-1,-1,-1,13,1,274,-1,-1,-1,-1,,,,,
27483,5136307,-1,892,2,-1,-1,-1,-1,-1,-1,55,1,11,-1,-1,-1,-1,,,,,
27487,5136969,-1,20,1,-1,-1,-1,-1,-1,-1,4,1,4,-1,-1,-1,-1,,,,,
27489,5137043,-1,933,32,-1,-1,-1,-1,-1,-1,11,1,11,-1,-1,-1,-1,,,,,
27490,5137121,-1,28,32,-1,-1,-1,-1,-1,-1,15,1,365,-1,-1,-1,-1,,,,,
27491,5137163,-1,5763,2,-1,-1,-1,-1,-1,-1,55,1,11,-1,-1,-1,-1,,,,,
27493,5137805,-1,55,2,-1,-1,-1,-1,-1,-1,28,1,374,-1,-1,-1,-1,,,,,
27494,5137807,-1,472,32,-1,-1,-1,-1,-1,-1,24,1,101,-1,-1,-1,-1,,,,,
27495,5137862,-1,420,8,-1,-1,-1,-1,-1,-1,24,1,101,-1,-1,-1,-1,,,,,
27498,5137982,-1,46,2,-1,-1,-1,-1,-1,-1,28,1,375,-1,-1,-1,-1,,,,,
27500,5138066,-1,66,8,-1,-1,-1,-1,-1,-1,23,1,134,-1,-1,-1,-1,,,,,
27503,5138218,-1,2048,32,-1,-1,-1,-1,-1,-1,11,1,11,-1,-1,-1,-1,,,,,
27504,5138295,-1,98,2,-1,-1,-1,-1,-1,-1,28,1,77,-1,-1,-1,-1,,,,,
27505,5138401,-1,3066,2,-1,-1,-1,-1,-1,-1,28,1,77,-1,-1,-1,-1,,,,,
27506,5138474,-1,84,16,-1,-1,-1,-1,-1,-1,16,2,337,-1,-1,-1,-1,,,,,
27508,5138780,-1,108,8,-1,-1,-1,-1,-1,-1,23,1,134,-1,-1,-1,-1,,,,,
27509,5138802,-1,21,1,-1,-1,-1,-1,-1,-1,4,1,4,-1,-1,-1,-1,,,,,
27510,5138854,-1,57,32,-1,-1,-1,-1,-1,-1,24,1,101,-1,-1,-1,-1,,,,,
27511,5138874,-1,37,8,-1,-1,-1,-1,-1,-1,24,1,101,-1,-1,-1,-1,,,,,
27512,5138934,-1,550,32,-1,-1,-1,-1,-1,-1,15,1,365,-1,-1,-1,-1,,,,,
27513,5138987,-1,171,8,-1,-1,-1,-1,-1,-1,23,1,134,-1,-1,-1,-1,,,,,
27515,5139338,-1,77,8,-1,-1,-1,-1,-1,-1,23,1,134,-1,-1,-1,-1,,,,,
27516,5139591,-1,281,1,-1,-1,-1,-1,-1,-1,44,1,386,-1,-1,-1,-1,,,,,
27522,5139845,-1,68,32,-1,-1,-1,-1,-1,-1,24,1,101,-1,-1,-1,-1,,,,,
27523,5139878,-1,35,8,-1,-1,-1,-1,-1,-1,24,1,101,-1,-1,-1,-1,,,,,
27524,5140157,-1,1197,32,-1,-1,-1,-1,-1,-1,15,1,365,-1,-1,-1,-1,,,,,
27525,5140193,-1,163,8,-1,-1,-1,-1,-1,-1,23,1,134,-1,-1,-1,-1,,,,,
27526,5140258,-1,36,1,-1,-1,-1,-1,-1,-1,4,1,4,-1,-1,-1,-1,,,,,
27528,5140309,-1,1288,32,-1,-1,-1,-1,-1,-1,24,1,101,-1,-1,-1,-1,,,,,
27529,5140348,-1,1250,8,-1,-1,-1,-1,-1,-1,24,1,101,-1,-1,-1,-1,,,,,
27530,5140390,-1,634,32,-1,-1,-1,-1,-1,-1,11,1,11,-1,-1,-1,-1,,,,,
27531,5140579,-1,83,2,-1,-1,-1,-1,-1,-1,28,1,67,-1,-1,-1,-1,,,,,
27532,5140648,-1,47,8,-1,-1,-1,-1,-1,-1,33,1,28,-1,-1,-1,-1,,,,,
27533,5140692,-1,34,1,-1,-1,-1,-1,-1,-1,4,1,4,-1,-1,-1,-1,,,,,
27535,5140841,-1,131,4,-1,-1,-1,-1,-1,-1,40,2,297,-1,-1,-1,-1,,,,,
27536,5141036,-1,1881,32,-1,-1,-1,-1,-1,-1,7,1,10,-1,-1,-1,-1,,,,,
27537,5141101,-1,1838,4,-1,-1,-1,-1,-1,-1,7,1,18,-1,-1,-1,-1,,,,,
27543,5141484,-1,149,8,-1,-1,-1,-1,-1,-1,23,1,134,-1,-1,-1,-1,,,,,
27544,5141596,-1,51,32,-1,-1,-1,-1,-1,-1,4,1,-1,-1,-1,-1,-1,,,,,
27545,5141604,-1,0,32,-1,-1,-1,-1,-1,-1,4,1,-1,-1,-1,-1,-1,,,,,
27546,5141791,-1,138,8,-1,-1,-1,-1,-1,-1,23,1,134,-1,-1,-1,-1,,,,,
27548,5142055,-1,63,8,-1,-1,-1,-1,-1,-1,23,1,134,-1,-1,-1,-1,,,,,
27549,5142203,-1,52,8,-1,-1,-1,-1,-1,-1,23,1,134,-1,-1,-1,-1,,,,,
27550,5142265,-1,53,32,-1,-1,-1,-1,-1,-1,33,1,28,-1,-1,-1,-1,,,,,
27551,5142353,-1,72,8,-1,-1,-1,-1,-1,-1,16,2,337,-1,-1,-1,-1,,,,,
27553,5142440,-1,99,32,-1,-1,-1,-1,-1,-1,24,1,101,-1,-1,-1,-1,,,,,
27554,5142445,-1,181,4,-1,-1,-1,-1,-1,-1,15,1,365,-1,-1,-1,-1,,,,,
27555,5142462,-1,79,8,-1,-1,-1,-1,-1,-1,24,1,101,-1,-1,-1,-1,,,,,
27556,5142643,-1,60,4,-1,-1,-1,-1,-1,-1,15,1,365,-1,-1,-1,-1,,,,,
27558,5142765,-1,605,32,-1,-1,-1,-1,-1,-1,15,1,365,-1,-1,-1,-1,,,,,
27561,5142974,-1,123,32,-1,-1,-1,-1,-1,-1,24,1,101,-1,-1,-1,-1,,,,,
27562,5143017,-1,30,2,-1,-1,-1,-1,-1,-1,55,1,11,-1,-1,-1,-1,,,,,
27563,5143034,-1,64,8,-1,-1,-1,-1,-1,-1,24,1,101,-1,-1,-1,-1,,,,,
27565,5143085,-1,105,2,-1,-1,-1,-1,-1,-1,55,1,11,-1,-1,-1,-1,,,,,
27567,5143162,-1,0,2,-1,-1,-1,-1,-1,-1,28,1,77,-1,-1,-1,-1,,,,,
27568,5143182,-1,0,2,-1,-1,-1,-1,-1,-1,55,1,11,-1,-1,-1,-1,,,,,
27569,5143191,-1,88,32,-1,-1,-1,-1,-1,-1,24,1,101,-1,-1,-1,-1,,,,,
27570,5143225,-1,55,8,-1,-1,-1,-1,-1,-1,24,1,101,-1,-1,-1,-1,,,,,
27571,5143373,-1,54,16,-1,-1,-1,-1,-1,-1,13,1,274,-1,-1,-1,-1,,,,,
27572,5143420,-1,0,8,-1,-1,-1,-1,-1,-1,23,1,134,-1,-1,-1,-1,,,,,
27573,5143466,-1,41,16,-1,-1,-1,-1,-1,-1,13,1,274,-1,-1,-1,-1,,,,,
27574,5143533,-1,110,16,-1,-1,-1,-1,-1,-1,13,1,274,-1,-1,-1,-1,,,,,
27575,5143558,-1,90,32,-1,-1,-1,-1,-1,-1,7,1,10,-1,-1,-1,-1,,,,,
27576,5143630,-1,32,4,-1,-1,-1,-1,-1,-1,7,1,18,-1,-1,-1,-1,,,,,
27578,5143683,-1,3,32,-1,-1,-1,-1,-1,-1,24,1,101,-1,-1,-1,-1,,,,,
27579,5143699,-1,3,32,-1,-1,-1,-1,-1,-1,24,1,101,-1,-1,-1,-1,,,,,
27580,5143843,-1,3,1,-1,-1,-1,-1,-1,-1,12,2,1,-1,-1,-1,-1,,,,,
27581,5143854,-1,3,2,-1,-1,-1,-1,-1,-1,28,1,77,-1,-1,-1,-1,,,,,
27582,5144471,-1,89,8,-1,-1,-1,-1,-1,-1,16,2,337,-1,-1,-1,-1,,,,,
27583,5144499,-1,98,8,-1,-1,-1,-1,-1,-1,16,2,387,-1,-1,-1,-1,,,,,
27584,5144506,-1,87,2,-1,-1,-1,-1,-1,-1,48,2,388,-1,-1,-1,-1,,,,,
27585,5144514,-1,3717,32,-1,-1,-1,-1,-1,-1,4,1,-1,-1,-1,-1,-1,,,,,
27587,5144563,-1,188,32,-1,-1,-1,-1,-1,-1,7,1,10,-1,-1,-1,-1,,,,,
27588,5144578,-1,25781,2,-1,-1,-1,-1,-1,-1,55,1,11,-1,-1,-1,-1,,,,,
27589,5144650,-1,313,2,-1,-1,-1,-1,-1,-1,28,1,77,-1,-1,-1,-1,,,,,
27591,5144689,-1,40,4,-1,-1,-1,-1,-1,-1,7,1,18,-1,-1,-1,-1,,,,,
27592,5144705,-1,42,2,-1,-1,-1,-1,-1,-1,55,1,11,-1,-1,-1,-1,,,,,
27593,5144775,-1,23,2,-1,-1,-1,-1,-1,-1,48,2,388,-1,-1,-1,-1,,,,,
27594,5144787,-1,62,32,-1,-1,-1,-1,-1,-1,33,1,28,-1,-1,-1,-1,,,,,
27597,5144976,-1,96,32,-1,-1,-1,-1,-1,-1,33,1,28,-1,-1,-1,-1,,,,,
27598,5145000,-1,42,2,-1,-1,-1,-1,-1,-1,28,1,67,-1,-1,-1,-1,,,,,
27599,5145010,-1,49,2,-1,-1,-1,-1,-1,-1,55,1,11,-1,-1,-1,-1,,,,,
27600,5145013,-1,1573,32,-1,-1,-1,-1,-1,-1,7,1,10,-1,-1,-1,-1,,,,,
27601,5145077,-1,19,32,-1,-1,-1,-1,-1,-1,55,1,11,-1,-1,-1,-1,,,,,
27602,5145083,-1,1805,4,-1,-1,-1,-1,-1,-1,7,1,18,-1,-1,-1,-1,,,,,
27603,5145098,-1,26,32,-1,-1,-1,-1,-1,-1,55,1,376,-1,-1,-1,-1,,,,,
27604,5145131,-1,2,1,-1,-1,-1,-1,-1,-1,55,1,376,-1,-1,-1,-1,,,,,
27605,5145168,-1,57,2,-1,-1,-1,-1,-1,-1,48,2,388,-1,-1,-1,-1,,,,,
27606,5145187,-1,4,1,-1,-1,-1,-1,-1,-1,55,1,347,-1,-1,-1,-1,,,,,
27607,5145216,-1,130,32,-1,-1,-1,-1,-1,-1,23,1,134,-1,-1,-1,-1,,,,,
27608,5145273,-1,40,1,-1,-1,-1,-1,-1,-1,55,1,11,-1,-1,-1,-1,,,,,
27609,5145371,-1,29,16,-1,-1,-1,-1,-1,-1,13,1,274,-1,-1,-1,-1,,,,,
27610,5145387,-1,322,8,-1,-1,-1,-1,-1,-1,16,2,387,-1,-1,-1,-1,,,,,
27611,5145391,-1,795,1,-1,-1,-1,-1,-1,-1,55,1,347,-1,-1,-1,-1,,,,,
27612,5145394,-1,316,8,-1,-1,-1,-1,-1,-1,16,2,337,-1,-1,-1,-1,,,,,
27613,5145463,-1,97,16,-1,-1,-1,-1,-1,-1,13,1,274,-1,-1,-1,-1,,,,,
27614,5145466,-1,70,4,-1,-1,-1,-1,-1,-1,7,1,37,-1,-1,-1,-1,,,,,
27615,5145599,-1,24,1,-1,-1,-1,-1,-1,-1,7,1,9,-1,-1,-1,-1,,,,,
27616,5145633,-1,98,16,-1,-1,-1,-1,-1,-1,13,1,274,-1,-1,-1,-1,,,,,
27617,5145637,-1,30,1,-1,-1,-1,-1,-1,-1,7,1,9,-1,-1,-1,-1,,,,,
27618,5145702,-1,6,1,-1,-1,-1,-1,-1,-1,7,1,9,-1,-1,-1,-1,,,,,
27619,5145734,-1,75,32,-1,-1,-1,-1,-1,-1,24,1,101,-1,-1,-1,-1,,,,,
27620,5145758,-1,52,8,-1,-1,-1,-1,-1,-1,24,1,101,-1,-1,-1,-1,,,,,
27621,5145834,-1,394,32,-1,-1,-1,-1,-1,-1,23,1,134,-1,-1,-1,-1,,,,,
27622,5145922,-1,26,4,-1,-1,-1,-1,-1,-1,7,1,37,-1,-1,-1,-1,,,,,
27623,5145986,-1,125,16,-1,-1,-1,-1,-1,-1,13,1,274,-1,-1,-1,-1,,,,,
27625,5146076,-1,112,8,-1,-1,-1,-1,-1,-1,16,2,337,-1,-1,-1,-1,,,,,
27626,5146144,-1,98,8,-1,-1,-1,-1,-1,-1,16,2,387,-1,-1,-1,-1,,,,,
27627,5146229,-1,60,16,-1,-1,-1,-1,-1,-1,13,1,274,-1,-1,-1,-1,,,,,
27628,5146255,-1,399,32,-1,-1,-1,-1,-1,-1,23,1,134,-1,-1,-1,-1,,,,,
27629,5146344,-1,203,4,-1,-1,-1,-1,-1,-1,15,1,19,-1,-1,-1,-1,,,,,
27630,5146366,-1,180,2,-1,-1,-1,-1,-1,-1,15,1,20,-1,-1,-1,-1,,,,,
27631,5146403,-1,169,16,-1,-1,-1,-1,-1,-1,13,1,274,-1,-1,-1,-1,,,,,
27634,5146566,-1,159,1,-1,-1,-1,-1,-1,-1,55,1,347,-1,-1,-1,-1,,,,,
27635,5146608,-1,112,32,-1,-1,-1,-1,-1,-1,24,1,101,-1,-1,-1,-1,,,,,
27636,5146639,-1,38,1,-1,-1,-1,-1,-1,-1,15,1,12,-1,-1,-1,-1,,,,,
27637,5146658,-1,63,8,-1,-1,-1,-1,-1,-1,24,1,101,-1,-1,-1,-1,,,,,
27638,5146695,-1,319,4,-1,-1,-1,-1,-1,-1,15,1,19,-1,-1,-1,-1,,,,,
27639,5146723,-1,298,2,-1,-1,-1,-1,-1,-1,15,1,20,-1,-1,-1,-1,,,,,
27640,5146780,-1,565,32,-1,-1,-1,-1,-1,-1,15,1,125,-1,-1,-1,-1,,,,,
27641,5146786,-1,76,2,-1,-1,-1,-1,-1,-1,12,2,90,-1,-1,-1,-1,,,,,
27642,5146798,-1,71,2,-1,-1,-1,-1,-1,-1,12,2,49,-1,-1,-1,-1,,,,,
27643,5146866,-1,82,8,-1,-1,-1,-1,-1,-1,16,2,387,-1,-1,-1,-1,,,,,
27645,5146880,-1,81,8,-1,-1,-1,-1,-1,-1,16,2,337,-1,-1,-1,-1,,,,,
27646,5146921,-1,40,1,-1,-1,-1,-1,-1,-1,12,2,1,-1,-1,-1,-1,,,,,
27647,5146951,-1,232,32,-1,-1,-1,-1,-1,-1,23,1,134,-1,-1,-1,-1,,,,,
27649,5147024,-1,24,1,-1,-1,-1,-1,-1,-1,4,1,4,-1,-1,-1,-1,,,,,
27651,5147075,-1,23,1,-1,-1,-1,-1,-1,-1,12,2,1,-1,-1,-1,-1,,,,,
27652,5147113,-1,87,8,-1,-1,-1,-1,-1,-1,16,2,337,-1,-1,-1,-1,,,,,
27653,5147120,-1,80,8,-1,-1,-1,-1,-1,-1,16,2,387,-1,-1,-1,-1,,,,,
27654,5147201,-1,3373,32,-1,-1,-1,-1,-1,-1,7,1,10,-1,-1,-1,-1,,,,,
27655,5147258,-1,3619,4,-1,-1,-1,-1,-1,-1,7,1,18,-1,-1,-1,-1,,,,,
27656,5147358,-1,91,16,-1,-1,-1,-1,-1,-1,13,1,274,-1,-1,-1,-1,,,,,
27657,5147451,-1,117,32,-1,-1,-1,-1,-1,-1,24,1,101,-1,-1,-1,-1,,,,,
27658,5147477,-1,35,1,-1,-1,-1,-1,-1,-1,15,1,12,-1,-1,-1,-1,,,,,
27659,5147497,-1,71,8,-1,-1,-1,-1,-1,-1,24,1,101,-1,-1,-1,-1,,,,,
27660,5147537,-1,22,1,-1,-1,-1,-1,-1,-1,15,1,12,-1,-1,-1,-1,,,,,
27661,5147563,-1,449,4,-1,-1,-1,-1,-1,-1,15,1,19,-1,-1,-1,-1,,,,,
27662,5147585,-1,427,2,-1,-1,-1,-1,-1,-1,15,1,20,-1,-1,-1,-1,,,,,
27664,5147631,-1,32,32,-1,-1,-1,-1,-1,-1,23,1,134,-1,-1,-1,-1,,,,,
27665,5147676,-1,107,32,-1,-1,-1,-1,-1,-1,23,1,134,-1,-1,-1,-1,,,,,
27666,5147781,-1,59,8,-1,-1,-1,-1,-1,-1,16,2,337,-1,-1,-1,-1,,,,,
27667,5147912,-1,158,32,-1,-1,-1,-1,-1,-1,44,1,254,-1,-1,-1,-1,,,,,
27669,5148088,-1,101,32,-1,-1,-1,-1,-1,-1,23,1,134,-1,-1,-1,-1,,,,,
27670,5148092,-1,68,8,-1,-1,-1,-1,-1,-1,16,2,337,-1,-1,-1,-1,,,,,
27671,5148210,-1,25,2,-1,-1,-1,-1,-1,-1,28,1,77,-1,-1,-1,-1,,,,,
27672,5148264,-1,133,32,-1,-1,-1,-1,-1,-1,15,1,125,-1,-1,-1,-1,,,,,
27673,5148359,-1,154,16,-1,-1,-1,-1,-1,-1,13,1,274,-1,-1,-1,-1,,,,,
27674,5148401,-1,190,4,-1,-1,-1,-1,-1,-1,15,1,19,-1,-1,-1,-1,,,,,
27675,5148426,-1,167,2,-1,-1,-1,-1,-1,-1,15,1,20,-1,-1,-1,-1,,,,,
27677,5148511,-1,51,2,-1,-1,-1,-1,-1,-1,28,1,77,-1,-1,-1,-1,,,,,
27679,5148680,-1,623,32,-1,-1,-1,-1,-1,-1,15,1,125,-1,-1,-1,-1,,,,,
27681,5148908,-1,48,2,-1,-1,-1,-1,-1,-1,28,1,77,-1,-1,-1,-1,,,,,
27683,5149014,-1,87,8,-1,-1,-1,-1,-1,-1,16,2,337,-1,-1,-1,-1,,,,,
27685,5149030,-1,71,8,-1,-1,-1,-1,-1,-1,16,2,387,-1,-1,-1,-1,,,,,
27686,5149132,-1,60,8,-1,-1,-1,-1,-1,-1,16,2,387,-1,-1,-1,-1,,,,,
27687,5149164,-1,21,2,-1,-1,-1,-1,-1,-1,28,1,77,-1,-1,-1,-1,,,,,
27688,5149311,-1,92,16,-1,-1,-1,-1,-1,-1,13,1,274,-1,-1,-1,-1,,,,,
27689,5149390,-1,28,1,-1,-1,-1,-1,-1,-1,4,1,4,-1,-1,-1,-1,,,,,
27690,5149397,-1,556,32,-1,-1,-1,-1,-1,-1,15,1,365,-1,-1,-1,-1,,,,,
27691,5149462,-1,3354,32,-1,-1,-1,-1,-1,-1,4,1,-1,-1,-1,-1,-1,,,,,
27692,5149473,-1,56,2,-1,-1,-1,-1,-1,-1,28,1,77,-1,-1,-1,-1,,,,,
27694,5149563,-1,103,2,-1,-1,-1,-1,-1,-1,12,2,90,-1,-1,-1,-1,,,,,
27695,5149580,-1,90,2,-1,-1,-1,-1,-1,-1,12,2,49,-1,-1,-1,-1,,,,,
27696,5149591,-1,81,2,-1,-1,-1,-1,-1,-1,12,2,50,-1,-1,-1,-1,,,,,
27697,5149707,-1,30,1,-1,-1,-1,-1,-1,-1,15,1,12,-1,-1,-1,-1,,,,,
27698,5149749,-1,17,1,-1,-1,-1,-1,-1,-1,15,1,12,-1,-1,-1,-1,,,,,
27699,5149770,-1,177,4,-1,-1,-1,-1,-1,-1,15,1,19,-1,-1,-1,-1,,,,,
27700,5149787,-1,26,2,-1,-1,-1,-1,-1,-1,28,1,77,-1,-1,-1,-1,,,,,
27701,5149791,-1,163,2,-1,-1,-1,-1,-1,-1,15,1,20,-1,-1,-1,-1,,,,,
27702,5149853,-1,68,8,-1,-1,-1,-1,-1,-1,16,2,337,-1,-1,-1,-1,,,,,
27703,5149955,-1,171,16,-1,-1,-1,-1,-1,-1,13,1,274,-1,-1,-1,-1,,,,,
27704,5149986,-1,629,32,-1,-1,-1,-1,-1,-1,15,1,365,-1,-1,-1,-1,,,,,
27705,5150006,-1,115,4,-1,-1,-1,-1,-1,-1,40,2,297,-1,-1,-1,-1,,,,,
27706,5150063,-1,48,2,-1,-1,-1,-1,-1,-1,28,1,77,-1,-1,-1,-1,,,,,
27708,5150301,-1,88,8,-1,-1,-1,-1,-1,-1,16,2,337,-1,-1,-1,-1,,,,,
27709,5150307,-1,82,8,-1,-1,-1,-1,-1,-1,16,2,387,-1,-1,-1,-1,,,,,
27711,5150454,-1,42,16,-1,-1,-1,-1,-1,-1,13,1,274,-1,-1,-1,-1,,,,,
27713,5150529,-1,118,16,-1,-1,-1,-1,-1,-1,13,1,274,-1,-1,-1,-1,,,,,
27714,5150577,-1,56,2,-1,-1,-1,-1,-1,-1,28,1,375,-1,-1,-1,-1,,,,,
27715,5150592,-1,5631,32,-1,-1,-1,-1,-1,-1,24,1,101,-1,-1,-1,-1,,,,,
27716,5150631,-1,5594,8,-1,-1,-1,-1,-1,-1,24,1,101,-1,-1,-1,-1,,,,,
27717,5150656,-1,45,2,-1,-1,-1,-1,-1,-1,28,1,77,-1,-1,-1,-1,,,,,
27718,5150801,-1,433,1,-1,-1,-1,-1,-1,-1,55,1,347,-1,-1,-1,-1,,,,,
27720,5150878,-1,617,32,-1,-1,-1,-1,-1,-1,15,1,125,-1,-1,-1,-1,,,,,
27723,5151371,-1,30,4,-1,-1,-1,-1,-1,-1,7,1,37,-1,-1,-1,-1,,,,,
27724,5151384,-1,100,8,-1,-1,-1,-1,-1,-1,16,2,337,-1,-1,-1,-1,,,,,
27725,5151393,-1,123,8,-1,-1,-1,-1,-1,-1,16,2,387,-1,-1,-1,-1,,,,,
27727,5151540,-1,70,8,-1,-1,-1,-1,-1,-1,16,2,337,-1,-1,-1,-1,,,,,
27728,5151562,-1,81,16,-1,-1,-1,-1,-1,-1,13,1,274,-1,-1,-1,-1,,,,,
27729,5151605,-1,1071,8,-1,-1,-1,-1,-1,-1,60,1,80,-1,-1,-1,-1,,,,,
27730,5151875,-1,123,8,-1,-1,-1,-1,-1,-1,16,2,337,-1,-1,-1,-1,,,,,
27731,5151883,-1,129,8,-1,-1,-1,-1,-1,-1,16,2,387,-1,-1,-1,-1,,,,,
27732,5151995,-1,414,1,-1,-1,-1,-1,-1,-1,55,1,347,-1,-1,-1,-1,,,,,
27734,5152286,-1,4,16,-1,-1,-1,-1,-1,-1,13,1,274,-1,-1,-1,-1,,,,,
27735,5152337,-1,90,16,-1,-1,-1,-1,-1,-1,13,1,274,-1,-1,-1,-1,,,,,
27737,5152454,-1,77,8,-1,-1,-1,-1,-1,-1,16,2,337,-1,-1,-1,-1,,,,,
27738,5152460,-1,116,4,-1,-1,-1,-1,-1,-1,40,2,297,-1,-1,-1,-1,,,,,
27741,5152593,-1,78,16,-1,-1,-1,-1,-1,-1,13,1,274,-1,-1,-1,-1,,,,,
27743,5152622,-1,108,8,-1,-1,-1,-1,-1,-1,16,2,337,-1,-1,-1,-1,,,,,
27745,5152700,-1,971,8,-1,-1,-1,-1,-1,-1,60,1,80,-1,-1,-1,-1,,,,,
27746,5152784,-1,190,4,-1,-1,-1,-1,-1,-1,40,2,297,-1,-1,-1,-1,,,,,
27747,5152829,-1,3598,32,-1,-1,-1,-1,-1,-1,4,1,-1,-1,-1,-1,-1,,,,,
27748,5153009,-1,127,8,-1,-1,-1,-1,-1,-1,16,2,337,-1,-1,-1,-1,,,,,
27749,5153037,-1,140,8,-1,-1,-1,-1,-1,-1,16,2,387,-1,-1,-1,-1,,,,,
27750,5153208,-1,145,4,-1,-1,-1,-1,-1,-1,40,2,297,-1,-1,-1,-1,,,,,
27752,5153309,-1,16,1,-1,-1,-1,-1,-1,-1,56,1,348,-1,-1,-1,-1,,,,,
27753,5153406,-1,644,4,-1,-1,-1,-1,-1,-1,40,2,297,-1,-1,-1,-1,,,,,
27754,5153417,-1,8,1,-1,-1,-1,-1,-1,-1,56,1,348,-1,-1,-1,-1,,,,,
27755,5153484,-1,94,8,-1,-1,-1,-1,-1,-1,16,2,387,-1,-1,-1,-1,,,,,
27756,5153491,-1,115,8,-1,-1,-1,-1,-1,-1,16,2,337,-1,-1,-1,-1,,,,,
27757,5153536,-1,23,1,-1,-1,-1,-1,-1,-1,56,1,348,-1,-1,-1,-1,,,,,
27759,5153747,-1,142,32,-1,-1,-1,-1,-1,-1,56,1,-1,-1,-1,-1,-1,,,,,
27760,5153899,-1,690,8,-1,-1,-1,-1,-1,-1,60,1,297,-1,-1,-1,-1,,,,,
27761,5153912,-1,3917,32,-1,-1,-1,-1,-1,-1,7,1,10,-1,-1,-1,-1,,,,,
27762,5153978,-1,3852,4,-1,-1,-1,-1,-1,-1,7,1,18,-1,-1,-1,-1,,,,,
27766,5154261,-1,442,1,-1,-1,-1,-1,-1,-1,55,1,347,-1,-1,-1,-1,,,,,
27768,5154296,-1,37,1,-1,-1,-1,-1,-1,-1,4,1,4,-1,-1,-1,-1,,,,,
27770,5154568,-1,64,8,-1,-1,-1,-1,-1,-1,16,2,337,-1,-1,-1,-1,,,,,
27771,5154633,-1,53,8,-1,-1,-1,-1,-1,-1,16,2,387,-1,-1,-1,-1,,,,,
27773,5154937,-1,24,2,-1,-1,-1,-1,-1,-1,12,2,90,-1,-1,-1,-1,,,,,
27774,5154944,-1,15,2,-1,-1,-1,-1,-1,-1,12,2,49,-1,-1,-1,-1,,,,,
27775,5154951,-1,9,2,-1,-1,-1,-1,-1,-1,12,2,50,-1,-1,-1,-1,,,,,
27776,5154963,-1,64,8,-1,-1,-1,-1,-1,-1,16,2,387,-1,-1,-1,-1,,,,,
27777,5154982,-1,74,2,-1,-1,-1,-1,-1,-1,12,2,90,-1,-1,-1,-1,,,,,
27778,5154989,-1,69,2,-1,-1,-1,-1,-1,-1,12,2,49,-1,-1,-1,-1,,,,,
27779,5155028,-1,721,1,-1,-1,-1,-1,-1,-1,55,1,347,-1,-1,-1,-1,,,,,
27780,5155245,-1,24,1,-1,-1,-1,-1,-1,-1,4,1,4,-1,-1,-1,-1,,,,,
27781,5155297,-1,82,4,-1,-1,-1,-1,-1,-1,40,2,297,-1,-1,-1,-1,,,,,
27783,5155514,-1,26,8,-1,-1,-1,-1,-1,-1,16,2,337,-1,-1,-1,-1,,,,,
27784,5155549,-1,69,8,-1,-1,-1,-1,-1,-1,16,2,387,-1,-1,-1,-1,,,,,
27785,5155699,-1,60,8,-1,-1,-1,-1,-1,-1,16,2,337,-1,-1,-1,-1,,,,,
27786,5155784,-1,70,8,-1,-1,-1,-1,-1,-1,16,2,387,-1,-1,-1,-1,,,,,
27791,5156452,-1,102,8,-1,-1,-1,-1,-1,-1,16,2,337,-1,-1,-1,-1,,,,,
27792,5156485,-1,107,8,-1,-1,-1,-1,-1,-1,16,2,387,-1,-1,-1,-1,,,,,
27793,5156502,-1,110,32,-1,-1,-1,-1,-1,-1,56,1,348,-1,-1,-1,-1,,,,,
27794,5156507,-1,103,4,-1,-1,-1,-1,-1,-1,40,2,297,-1,-1,-1,-1,,,,,
27795,5156651,-1,130,32,-1,-1,-1,-1,-1,-1,56,1,348,-1,-1,-1,-1,,,,,
27796,5156672,-1,657,32,-1,-1,-1,-1,-1,-1,4,1,-1,-1,-1,-1,-1,,,,,
27797,5156705,-1,129,4,-1,-1,-1,-1,-1,-1,40,2,297,-1,-1,-1,-1,,,,,
27798,5156841,-1,909,32,-1,-1,-1,-1,-1,-1,15,1,125,-1,-1,-1,-1,,,,,
27799,5156896,-1,24,4,-1,-1,-1,-1,-1,-1,40,2,297,-1,-1,-1,-1,,,,,
27801,5157013,-1,130,4,-1,-1,-1,-1,-1,-1,40,2,297,-1,-1,-1,-1,,,,,
27802,5157146,-1,93,4,-1,-1,-1,-1,-1,-1,40,2,297,-1,-1,-1,-1,,,,,
27803,5157596,-1,134,8,-1,-1,-1,-1,-1,-1,16,2,387,-1,-1,-1,-1,,,,,
27805,5157609,-1,120,8,-1,-1,-1,-1,-1,-1,16,2,337,-1,-1,-1,-1,,,,,
27806,5157861,-1,3540,32,-1,-1,-1,-1,-1,-1,24,1,101,-1,-1,-1,-1,,,,,
27807,5157883,-1,3518,8,-1,-1,-1,-1,-1,-1,24,1,101,-1,-1,-1,-1,,,,,
27808,5157884,-1,103,4,-1,-1,-1,-1,-1,-1,40,2,297,-1,-1,-1,-1,,,,,
27809,5158038,-1,187,4,-1,-1,-1,-1,-1,-1,40,2,297,-1,-1,-1,-1,,,,,
27810,5158131,-1,4530,32,-1,-1,-1,-1,-1,-1,7,1,10,-1,-1,-1,-1,,,,,
27812,5158216,-1,4820,4,-1,-1,-1,-1,-1,-1,7,1,18,-1,-1,-1,-1,,,,,
27813,5158220,-1,103,8,-1,-1,-1,-1,-1,-1,16,2,337,-1,-1,-1,-1,,,,,
27814,5158232,-1,105,4,-1,-1,-1,-1,-1,-1,40,2,297,-1,-1,-1,-1,,,,,
27815,5158241,-1,3657,32,-1,-1,-1,-1,-1,-1,4,1,-1,-1,-1,-1,-1,,,,,
27818,5158389,-1,59,4,-1,-1,-1,-1,-1,-1,40,2,297,-1,-1,-1,-1,,,,,
27819,5158452,-1,616,4,-1,-1,-1,-1,-1,-1,40,2,297,-1,-1,-1,-1,,,,,
27821,5159045,-1,69,8,-1,-1,-1,-1,-1,-1,16,2,337,-1,-1,-1,-1,,,,,
27823,5159264,-1,200,4,-1,-1,-1,-1,-1,-1,40,2,297,-1,-1,-1,-1,,,,,
27824,5159379,-1,27,4,-1,-1,-1,-1,-1,-1,7,1,37,-1,-1,-1,-1,,,,,
27825,5159709,-1,84,4,-1,-1,-1,-1,-1,-1,40,2,297,-1,-1,-1,-1,,,,,
27826,5159756,-1,33,4,-1,-1,-1,-1,-1,-1,7,1,37,-1,-1,-1,-1,,,,,
27827,5159803,-1,89,4,-1,-1,-1,-1,-1,-1,40,2,297,-1,-1,-1,-1,,,,,
27828,5160157,-1,50,4,-1,-1,-1,-1,-1,-1,40,2,297,-1,-1,-1,-1,,,,,
27829,5160295,-1,26,4,-1,-1,-1,-1,-1,-1,7,1,37,-1,-1,-1,-1,,,,,
27830,5160414,-1,23,1,-1,-1,-1,-1,-1,-1,4,1,4,-1,-1,-1,-1,,,,,
27831,5160519,-1,85,4,-1,-1,-1,-1,-1,-1,40,2,297,-1,-1,-1,-1,,,,,
27832,5160685,-1,19,4,-1,-1,-1,-1,-1,-1,7,1,37,-1,-1,-1,-1,,,,,
27833,5160802,-1,20,1,-1,-1,-1,-1,-1,-1,4,1,4,-1,-1,-1,-1,,,,,
27834,5160916,-1,338,4,-1,-1,-1,-1,-1,-1,40,2,297,-1,-1,-1,-1,,,,,
27835,5161405,-1,112,32,-1,-1,-1,-1,-1,-1,56,1,-1,-1,-1,-1,-1,,,,,
27836,5161579,-1,179,32,-1,-1,-1,-1,-1,-1,24,1,101,-1,-1,-1,-1,,,,,
27837,5161598,-1,160,8,-1,-1,-1,-1,-1,-1,24,1,101,-1,-1,-1,-1,,,,,
27838,5161778,-1,89,8,-1,-1,-1,-1,-1,-1,40,2,297,-1,-1,-1,-1,,,,,
27839,5161999,-1,134,2,-1,-1,-1,-1,-1,-1,40,2,297,-1,-1,-1,-1,,,,,
27840,5162095,-1,458,32,-1,-1,-1,-1,-1,-1,4,1,-1,-1,-1,-1,-1,,,,,
27841,5162301,-1,37,1,-1,-1,-1,-1,-1,-1,40,2,297,-1,-1,-1,-1,,,,,
27842,5162471,-1,71,2,-1,-1,-1,-1,-1,-1,40,2,297,-1,-1,-1,-1,,,,,
27843,5162588,-1,1395,64,-1,-1,-1,-1,-1,-1,4,1,3,-1,-1,-1,-1,,,,,
27844,5162668,-1,3344,32,-1,-1,-1,-1,-1,-1,56,1,-1,-1,-1,-1,-1,,,,,
27845,5162751,-1,62,4,-1,-1,-1,-1,-1,-1,40,2,297,-1,-1,-1,-1,,,,,
27846,5163411,-1,23,1,-1,-1,-1,-1,-1,-1,4,1,4,-1,-1,-1,-1,,,,,
27847,5163990,-1,16,1,-1,-1,-1,-1,-1,-1,4,1,4,-1,-1,-1,-1,,,,,
27848,5164038,-1,94,32,-1,-1,-1,-1,-1,-1,24,1,101,-1,-1,-1,-1,,,,,
27849,5164050,-1,30,1,-1,-1,-1,-1,-1,-1,4,1,4,-1,-1,-1,-1,,,,,
27850,5164068,-1,64,8,-1,-1,-1,-1,-1,-1,24,1,101,-1,-1,-1,-1,,,,,
27851,5164151,-1,675,32,-1,-1,-1,-1,-1,-1,4,1,3,-1,-1,-1,-1,,,,,
27852,5164249,-1,41,32,-1,-1,-1,-1,-1,-1,7,1,10,-1,-1,-1,-1,,,,,
27853,5164566,-1,4760,32,-1,-1,-1,-1,-1,-1,7,1,10,-1,-1,-1,-1,,,,,
27854,5164646,-1,4980,4,-1,-1,-1,-1,-1,-1,7,1,18,-1,-1,-1,-1,,,,,
27855,5164835,-1,70,32,-1,-1,-1,-1,-1,-1,24,1,101,-1,-1,-1,-1,,,,,
27856,5164853,-1,53,8,-1,-1,-1,-1,-1,-1,24,1,101,-1,-1,-1,-1,,,,,
27857,5166013,-1,3310,32,-1,-1,-1,-1,-1,-1,56,1,-1,-1,-1,-1,-1,,,,,
27858,5166301,-1,16,1,-1,-1,-1,-1,-1,-1,9,2,9,-1,-1,-1,-1,,,,,
27859,5166787,-1,123,32,-1,-1,-1,-1,-1,-1,4,1,3,-1,-1,-1,-1,,,,,
27860,5166913,-1,15,1,-1,-1,-1,-1,-1,-1,4,1,4,-1,-1,-1,-1,,,,,
27861,5167337,-1,2363,32,-1,-1,-1,-1,-1,-1,4,1,3,-1,-1,-1,-1,,,,,
27862,5168597,-1,16,1,-1,-1,-1,-1,-1,-1,4,1,4,-1,-1,-1,-1,,,,,
27863,5169330,-1,3440,32,-1,-1,-1,-1,-1,-1,56,1,-1,-1,-1,-1,-1,,,,,
27864,5169628,-1,11842,32,-1,-1,-1,-1,-1,-1,7,1,10,-1,-1,-1,-1,,,,,
27865,5169707,-1,17,1,-1,-1,-1,-1,-1,-1,4,1,4,-1,-1,-1,-1,,,,,
27866,5169786,-1,488,32,-1,-1,-1,-1,-1,-1,4,1,3,-1,-1,-1,-1,,,,,
27867,5170324,-1,11,1,-1,-1,-1,-1,-1,-1,4,1,4,-1,-1,-1,-1,,,,,
27868,5170400,-1,1367,64,-1,-1,-1,-1,-1,-1,4,1,3,-1,-1,-1,-1,,,,,
27869,5171772,-1,16,1,-1,-1,-1,-1,-1,-1,4,1,4,-1,-1,-1,-1,,,,,
27870,5172100,-1,767,64,-1,-1,-1,-1,-1,-1,4,1,3,-1,-1,-1,-1,,,,,
27871,5172869,-1,14,1,-1,-1,-1,-1,-1,-1,4,1,4,-1,-1,-1,-1,,,,,
27872,5173299,-1,752,64,-1,-1,-1,-1,-1,-1,4,1,3,-1,-1,-1,-1,,,,,
27873,5174053,-1,16,1,-1,-1,-1,-1,-1,-1,4,1,4,-1,-1,-1,-1,,,,,
27874,5174121,-1,283,64,-1,-1,-1,-1,-1,-1,4,1,3,-1,-1,-1,-1,,,,,
27875,5174441,-1,7023,64,-1,-1,-1,-1,-1,-1,4,1,3,-1,-1,-1,-1,,,,,
27876,5175245,-1,15,1,-1,-1,-1,-1,-1,-1,4,1,4,-1,-1,-1,-1,,,,,
27877,5175787,-1,13,1,-1,-1,-1,-1,-1,-1,4,1,4,-1,-1,-1,-1,,,,,
27878,5176384,-1,13,1,-1,-1,-1,-1,-1,-1,4,1,4,-1,-1,-1,-1,,,,,
27879,5176706,-1,8,32,-1,-1,-1,-1,-1,-1,15,1,365,-1,-1,-1,-1,,,,,
27880,5176800,-1,636,32,-1,-1,-1,-1,-1,-1,15,1,365,-1,-1,-1,-1,,,,,
27881,5178021,-1,15,1,-1,-1,-1,-1,-1,-1,4,1,4,-1,-1,-1,-1,,,,,
27882,5181468,-1,27,1,-1,-1,-1,-1,-1,-1,4,1,4,-1,-1,-1,-1,,,,,
27883,5181475,-1,61,64,-1,-1,-1,-1,-1,-1,4,1,-1,-1,-1,-1,-1,,,,,
27884,5181554,-1,10920,64,-1,-1,-1,-1,-1,-1,4,1,-1,-1,-1,-1,-1,,,,,
27885,5181555,-1,8779,64,-1,-1,-1,-1,-1,-1,54,1,-1,-1,-1,-1,-1,,,,,
27887,5190519,-1,1964,32,-1,-1,-1,-1,-1,-1,7,1,10,-1,-1,-1,-1,,,,,
27888,5190582,-1,1898,4,-1,-1,-1,-1,-1,-1,7,1,18,-1,-1,-1,-1,,,,,
27911,5192488,-1,9812,128,-1,-1,-1,-1,-1,-1,2,1,-1,-1,-1,-1,-1,,,,,
27912,5202307,-1,92,128,-1,-1,-1,-1,-1,-1,12,2,-1,-1,-1,-1,-1,,,,,
27913,5202442,-1,6128,32,-1,-1,-1,-1,-1,-1,7,1,10,-1,-1,-1,-1,,,,,
27915,5202514,-1,6357,4,-1,-1,-1,-1,-1,-1,7,1,18,-1,-1,-1,-1,,,,,
27929,5203790,-1,143,32,-1,-1,-1,-1,-1,-1,23,1,134,-1,-1,-1,-1,,,,,
27932,5204066,-1,134,32,-1,-1,-1,-1,-1,-1,23,1,134,-1,-1,-1,-1,,,,,
27933,5204302,-1,123,32,-1,-1,-1,-1,-1,-1,23,1,134,-1,-1,-1,-1,,,,,
27944,5205024,-1,39,32,-1,-1,-1,-1,-1,-1,23,1,134,-1,-1,-1,-1,,,,,
27947,5205268,-1,45,32,-1,-1,-1,-1,-1,-1,23,1,134,-1,-1,-1,-1,,,,,
27948,5205380,-1,47,32,-1,-1,-1,-1,-1,-1,23,1,134,-1,-1,-1,-1,,,,,
27949,5205488,-1,134,32,-1,-1,-1,-1,-1,-1,23,1,134,-1,-1,-1,-1,,,,,
27952,5205647,-1,70,32,-1,-1,-1,-1,-1,-1,23,1,134,-1,-1,-1,-1,,,,,
27953,5205800,-1,40,32,-1,-1,-1,-1,-1,-1,23,1,134,-1,-1,-1,-1,,,,,
27954,5205902,-1,86,32,-1,-1,-1,-1,-1,-1,23,1,134,-1,-1,-1,-1,,,,,
27957,5206104,-1,55,32,-1,-1,-1,-1,-1,-1,23,1,134,-1,-1,-1,-1,,,,,
27958,5206250,-1,86,32,-1,-1,-1,-1,-1,-1,23,1,134,-1,-1,-1,-1,,,,,
27969,5206922,-1,72,32,-1,-1,-1,-1,-1,-1,23,1,134,-1,-1,-1,-1,,,,,
27987,5208248,-1,4,32,-1,-1,-1,-1,-1,-1,23,1,134,-1,-1,-1,-1,,,,,
27988,5208273,-1,4,32,-1,-1,-1,-1,-1,-1,23,1,134,-1,-1,-1,-1,,,,,
27989,5208311,-1,52,32,-1,-1,-1,-1,-1,-1,23,1,134,-1,-1,-1,-1,,,,,
27990,5208456,-1,3631,32,-1,-1,-1,-1,-1,-1,23,1,134,-1,-1,-1,-1,,,,,
27998,5208874,-1,75,32,-1,-1,-1,-1,-1,-1,7,1,10,-1,-1,-1,-1,,,,,
27999,5208908,-1,65,64,-1,-1,-1,-1,-1,-1,21,1,389,-1,-1,-1,-1,,,,,
28000,5208983,-1,84,64,-1,-1,-1,-1,-1,-1,21,1,-1,-1,-1,-1,-1,,,,,
28002,5209103,-1,10690,2,-1,-1,-1,-1,-1,-1,28,1,77,-1,-1,-1,-1,,,,,
28003,5209128,-1,60,64,-1,-1,-1,-1,-1,-1,21,1,-1,-1,-1,-1,-1,,,,,
28005,5209250,-1,5970,32,-1,-1,-1,-1,-1,-1,7,1,10,-1,-1,-1,-1,,,,,
28007,5209313,-1,6207,4,-1,-1,-1,-1,-1,-1,7,1,18,-1,-1,-1,-1,,,,,
28014,5209589,-1,48,32,-1,-1,-1,-1,-1,-1,21,1,390,-1,-1,-1,-1,,,,,
28041,5211432,-1,5367,32,-1,-1,-1,-1,-1,-1,4,1,3,-1,-1,-1,-1,,,,,
28049,5211862,-1,69,2,-1,-1,-1,-1,-1,-1,28,1,67,-1,-1,-1,-1,,,,,
28052,5212243,-1,326,32,-1,-1,-1,-1,-1,-1,23,1,134,-1,-1,-1,-1,,,,,
28065,5212782,-1,61,2,-1,-1,-1,-1,-1,-1,28,1,67,-1,-1,-1,-1,,,,,
28066,5212849,-1,62,2,-1,-1,-1,-1,-1,-1,28,1,67,-1,-1,-1,-1,,,,,
28067,5212916,-1,63,2,-1,-1,-1,-1,-1,-1,28,1,67,-1,-1,-1,-1,,,,,
28074,5213306,-1,177,32,-1,-1,-1,-1,-1,-1,23,1,134,-1,-1,-1,-1,,,,,
28077,5213540,-1,330,32,-1,-1,-1,-1,-1,-1,23,1,134,-1,-1,-1,-1,,,,,
28092,5214482,-1,132,32,-1,-1,-1,-1,-1,-1,23,1,134,-1,-1,-1,-1,,,,,
28096,5214704,-1,28,32,-1,-1,-1,-1,-1,-1,23,1,134,-1,-1,-1,-1,,,,,
28098,5214744,-1,28,32,-1,-1,-1,-1,-1,-1,23,1,134,-1,-1,-1,-1,,,,,
28100,5214816,-1,139,32,-1,-1,-1,-1,-1,-1,23,1,134,-1,-1,-1,-1,,,,,
28102,5215050,-1,308,32,-1,-1,-1,-1,-1,-1,44,1,254,-1,-1,-1,-1,,,,,
28104,5215272,-1,145,32,-1,-1,-1,-1,-1,-1,23,1,134,-1,-1,-1,-1,,,,,
28109,5215523,-1,5075,32,-1,-1,-1,-1,-1,-1,7,1,10,-1,-1,-1,-1,,,,,
28110,5215531,-1,159,32,-1,-1,-1,-1,-1,-1,23,1,134,-1,-1,-1,-1,,,,,
28111,5215604,-1,5059,4,-1,-1,-1,-1,-1,-1,7,1,18,-1,-1,-1,-1,,,,,
28112,5215774,-1,3308,32,-1,-1,-1,-1,-1,-1,56,1,-1,-1,-1,-1,-1,,,,,
28113,5216536,-1,193,1,-1,-1,-1,-1,-1,-1,44,1,378,-1,-1,-1,-1,,,,,
28114,5216803,-1,20,1,-1,-1,-1,-1,-1,-1,4,1,4,-1,-1,-1,-1,,,,,
28115,5216845,-1,309,32,-1,-1,-1,-1,-1,-1,44,1,254,-1,-1,-1,-1,,,,,
28116,5217276,-1,92,32,-1,-1,-1,-1,-1,-1,23,1,134,-1,-1,-1,-1,,,,,
28117,5217444,-1,149,32,-1,-1,-1,-1,-1,-1,23,1,134,-1,-1,-1,-1,,,,,
28118,5217607,-1,61,32,-1,-1,-1,-1,-1,-1,23,1,134,-1,-1,-1,-1,,,,,
28119,5217722,-1,69,32,-1,-1,-1,-1,-1,-1,23,1,134,-1,-1,-1,-1,,,,,
28120,5218447,-1,69,32,-1,-1,-1,-1,-1,-1,23,1,134,-1,-1,-1,-1,,,,,
28121,5218528,-1,297,32,-1,-1,-1,-1,-1,-1,23,1,134,-1,-1,-1,-1,,,,,
28122,5218691,-1,5,1,-1,-1,-1,-1,-1,-1,44,1,378,-1,-1,-1,-1,,,,,
28123,5218717,-1,221,1,-1,-1,-1,-1,-1,-1,44,1,378,-1,-1,-1,-1,,,,,
28124,5218949,-1,65,4,-1,-1,-1,-1,-1,-1,40,2,297,-1,-1,-1,-1,,,,,
28125,5219083,-1,3325,32,-1,-1,-1,-1,-1,-1,56,1,-1,-1,-1,-1,-1,,,,,
28126,5219146,-1,137,32,-1,-1,-1,-1,-1,-1,23,1,134,-1,-1,-1,-1,,,,,
28127,5219173,-1,53,4,-1,-1,-1,-1,-1,-1,40,2,297,-1,-1,-1,-1,,,,,
28128,5219412,-1,133,32,-1,-1,-1,-1,-1,-1,23,1,134,-1,-1,-1,-1,,,,,
28129,5219529,-1,82,4,-1,-1,-1,-1,-1,-1,40,2,297,-1,-1,-1,-1,,,,,
28130,5219550,-1,28,1,-1,-1,-1,-1,-1,-1,23,1,12,-1,-1,-1,-1,,,,,
28131,5219710,-1,649,1,-1,-1,-1,-1,-1,-1,55,1,347,-1,-1,-1,-1,,,,,
28132,5219784,-1,100,4,-1,-1,-1,-1,-1,-1,40,2,297,-1,-1,-1,-1,,,,,
28133,5219885,-1,146,32,-1,-1,-1,-1,-1,-1,23,1,134,-1,-1,-1,-1,,,,,
28134,5219908,-1,31,1,-1,-1,-1,-1,-1,-1,4,1,4,-1,-1,-1,-1,,,,,
28135,5219957,-1,242,4,-1,-1,-1,-1,-1,-1,40,2,297,-1,-1,-1,-1,,,,,
28136,5220015,-1,25,1,-1,-1,-1,-1,-1,-1,4,1,4,-1,-1,-1,-1,,,,,
28137,5220069,-1,628,32,-1,-1,-1,-1,-1,-1,44,1,254,-1,-1,-1,-1,,,,,
28138,5220236,-1,72,4,-1,-1,-1,-1,-1,-1,40,2,297,-1,-1,-1,-1,,,,,
28139,5220304,-1,15,1,-1,-1,-1,-1,-1,-1,9,2,9,-1,-1,-1,-1,,,,,
28140,5220520,-1,57,4,-1,-1,-1,-1,-1,-1,40,2,297,-1,-1,-1,-1,,,,,
28141,5220570,-1,24,1,-1,-1,-1,-1,-1,-1,4,1,4,-1,-1,-1,-1,,,,,
28142,5220615,-1,1797,32,-1,-1,-1,-1,-1,-1,4,1,3,-1,-1,-1,-1,,,,,
28143,5220773,-1,467,32,-1,-1,-1,-1,-1,-1,44,1,254,-1,-1,-1,-1,,,,,
28144,5220784,-1,58,4,-1,-1,-1,-1,-1,-1,40,2,297,-1,-1,-1,-1,,,,,
28145,5220900,-1,70,32,-1,-1,-1,-1,-1,-1,7,1,10,-1,-1,-1,-1,,,,,
28146,5220976,-1,86,4,-1,-1,-1,-1,-1,-1,40,2,297,-1,-1,-1,-1,,,,,
28147,5221220,-1,63,4,-1,-1,-1,-1,-1,-1,40,2,297,-1,-1,-1,-1,,,,,
28148,5221271,-1,1212,32,-1,-1,-1,-1,-1,-1,7,1,10,-1,-1,-1,-1,,,,,
28149,5221290,-1,6,2,-1,-1,-1,-1,-1,-1,40,2,297,-1,-1,-1,-1,,,,,
28150,5221335,-1,24,2,-1,-1,-1,-1,-1,-1,40,2,297,-1,-1,-1,-1,,,,,
28151,5221342,-1,1141,4,-1,-1,-1,-1,-1,-1,7,1,18,-1,-1,-1,-1,,,,,
28152,5221362,-1,128,16,-1,-1,-1,-1,-1,-1,13,1,274,-1,-1,-1,-1,,,,,
28153,5221392,-1,75,2,-1,-1,-1,-1,-1,-1,40,2,297,-1,-1,-1,-1,,,,,
28154,5221479,-1,284,2,-1,-1,-1,-1,-1,-1,40,2,297,-1,-1,-1,-1,,,,,
28155,5221521,-1,72,16,-1,-1,-1,-1,-1,-1,13,1,274,-1,-1,-1,-1,,,,,
28156,5221730,-1,64,16,-1,-1,-1,-1,-1,-1,13,1,274,-1,-1,-1,-1,,,,,
28157,5221897,-1,19,1,-1,-1,-1,-1,-1,-1,4,1,4,-1,-1,-1,-1,,,,,
28158,5222094,-1,52,4,-1,-1,-1,-1,-1,-1,40,2,297,-1,-1,-1,-1,,,,,
28159,5222281,-1,64,16,-1,-1,-1,-1,-1,-1,13,1,274,-1,-1,-1,-1,,,,,
28160,5222381,-1,50,4,-1,-1,-1,-1,-1,-1,40,2,297,-1,-1,-1,-1,,,,,
28161,5222419,-1,2645,32,-1,-1,-1,-1,-1,-1,56,1,-1,-1,-1,-1,-1,,,,,
28162,5222505,-1,282,32,-1,-1,-1,-1,-1,-1,24,1,101,-1,-1,-1,-1,,,,,
28163,5222529,-1,260,8,-1,-1,-1,-1,-1,-1,24,1,101,-1,-1,-1,-1,,,,,
28164,5222561,-1,28,2,-1,-1,-1,-1,-1,-1,48,2,391,-1,-1,-1,-1,,,,,
28165,5222653,-1,94,4,-1,-1,-1,-1,-1,-1,40,2,297,-1,-1,-1,-1,,,,,
28166,5222691,-1,128,16,-1,-1,-1,-1,-1,-1,13,1,274,-1,-1,-1,-1,,,,,
28167,5222735,-1,50,2,-1,-1,-1,-1,-1,-1,48,2,391,-1,-1,-1,-1,,,,,
28168,5222767,-1,310,4,-1,-1,-1,-1,-1,-1,40,2,297,-1,-1,-1,-1,,,,,
28169,5222840,-1,147,32,-1,-1,-1,-1,-1,-1,24,1,101,-1,-1,-1,-1,,,,,
28170,5222857,-1,131,8,-1,-1,-1,-1,-1,-1,24,1,101,-1,-1,-1,-1,,,,,
28171,5222949,-1,32,2,-1,-1,-1,-1,-1,-1,48,2,391,-1,-1,-1,-1,,,,,
28172,5223083,-1,82,4,-1,-1,-1,-1,-1,-1,40,2,297,-1,-1,-1,-1,,,,,
28173,5223206,-1,5,1,-1,-1,-1,-1,-1,-1,7,1,9,-1,-1,-1,-1,,,,,
28174,5223221,-1,153,4,-1,-1,-1,-1,-1,-1,40,2,297,-1,-1,-1,-1,,,,,
28175,5223369,-1,169,32,-1,-1,-1,-1,-1,-1,24,1,101,-1,-1,-1,-1,,,,,
28176,5223392,-1,148,8,-1,-1,-1,-1,-1,-1,24,1,101,-1,-1,-1,-1,,,,,
28178,5223548,-1,74,4,-1,-1,-1,-1,-1,-1,40,2,297,-1,-1,-1,-1,,,,,
28179,5223586,-1,140,16,-1,-1,-1,-1,-1,-1,13,1,274,-1,-1,-1,-1,,,,,
28180,5223633,-1,141,32,-1,-1,-1,-1,-1,-1,23,1,134,-1,-1,-1,-1,,,,,
28181,5223635,-1,84,4,-1,-1,-1,-1,-1,-1,40,2,297,-1,-1,-1,-1,,,,,
28182,5223731,-1,75,4,-1,-1,-1,-1,-1,-1,8,1,286,-1,-1,-1,-1,,,,,
28183,5223785,-1,234,32,-1,-1,-1,-1,-1,-1,23,1,134,-1,-1,-1,-1,,,,,
28184,5223841,-1,193,32,-1,-1,-1,-1,-1,-1,24,1,101,-1,-1,-1,-1,,,,,
28185,5223855,-1,112,4,-1,-1,-1,-1,-1,-1,40,2,297,-1,-1,-1,-1,,,,,
28186,5223871,-1,163,8,-1,-1,-1,-1,-1,-1,24,1,101,-1,-1,-1,-1,,,,,
28187,5223921,-1,42,4,-1,-1,-1,-1,-1,-1,8,1,286,-1,-1,-1,-1,,,,,
28188,5224011,-1,50,4,-1,-1,-1,-1,-1,-1,40,2,297,-1,-1,-1,-1,,,,,
28190,5224107,-1,198,64,-1,-1,-1,-1,-1,-1,40,2,297,-1,-1,-1,-1,,,,,
28191,5224111,-1,85,32,-1,-1,-1,-1,-1,-1,23,1,134,-1,-1,-1,-1,,,,,
28192,5224208,-1,201,32,-1,-1,-1,-1,-1,-1,23,1,134,-1,-1,-1,-1,,,,,
28194,5224496,-1,89,32,-1,-1,-1,-1,-1,-1,23,1,134,-1,-1,-1,-1,,,,,
28195,5224524,-1,227,64,-1,-1,-1,-1,-1,-1,13,1,274,-1,-1,-1,-1,,,,,
28196,5224645,-1,82,32,-1,-1,-1,-1,-1,-1,23,1,134,-1,-1,-1,-1,,,,,
28197,5224748,-1,34,4,-1,-1,-1,-1,-1,-1,8,1,286,-1,-1,-1,-1,,,,,
28198,5224822,-1,214,32,-1,-1,-1,-1,-1,-1,23,1,134,-1,-1,-1,-1,,,,,
28201,5224927,-1,37,4,-1,-1,-1,-1,-1,-1,8,1,286,-1,-1,-1,-1,,,,,
28203,5224946,-1,142,32,-1,-1,-1,-1,-1,-1,24,1,101,-1,-1,-1,-1,,,,,
28204,5224972,-1,114,8,-1,-1,-1,-1,-1,-1,24,1,101,-1,-1,-1,-1,,,,,
28206,5225089,-1,218,32,-1,-1,-1,-1,-1,-1,23,1,134,-1,-1,-1,-1,,,,,
28208,5225164,-1,227,32,-1,-1,-1,-1,-1,-1,12,2,-1,-1,-1,-1,-1,,,,,
28209,5225170,-1,819,32,-1,-1,-1,-1,-1,-1,44,1,254,-1,-1,-1,-1,,,,,
28210,5225207,-1,43,4,-1,-1,-1,-1,-1,-1,8,1,286,-1,-1,-1,-1,,,,,
28211,5225354,-1,86,32,-1,-1,-1,-1,-1,-1,23,1,134,-1,-1,-1,-1,,,,,
28212,5225392,-1,133,4,-1,-1,-1,-1,-1,-1,8,1,286,-1,-1,-1,-1,,,,,
28213,5225572,-1,84,32,-1,-1,-1,-1,-1,-1,23,1,134,-1,-1,-1,-1,,,,,
28214,5225601,-1,51,4,-1,-1,-1,-1,-1,-1,8,1,286,-1,-1,-1,-1,,,,,
28216,5225694,-1,675,1,-1,-1,-1,-1,-1,-1,55,1,347,-1,-1,-1,-1,,,,,
28217,5225723,-1,80,4,-1,-1,-1,-1,-1,-1,8,1,286,-1,-1,-1,-1,,,,,
28218,5225774,-1,366,32,-1,-1,-1,-1,-1,-1,23,1,134,-1,-1,-1,-1,,,,,
28219,5225896,-1,469,32,-1,-1,-1,-1,-1,-1,4,1,-1,-1,-1,-1,-1,,,,,
28221,5226374,-1,244,32,-1,-1,-1,-1,-1,-1,12,2,-1,-1,-1,-1,-1,,,,,
28222,5226377,-1,113,4,-1,-1,-1,-1,-1,-1,8,1,286,-1,-1,-1,-1,,,,,
28223,5226379,-1,2521,32,-1,-1,-1,-1,-1,-1,4,1,-1,-1,-1,-1,-1,,,,,
28225,5226515,-1,31,32,-1,-1,-1,-1,-1,-1,44,1,254,-1,-1,-1,-1,,,,,
28226,5226578,-1,21,32,-1,-1,-1,-1,-1,-1,44,1,254,-1,-1,-1,-1,,,,,
28228,5226632,-1,125,4,-1,-1,-1,-1,-1,-1,8,1,286,-1,-1,-1,-1,,,,,
28229,5226636,-1,264,32,-1,-1,-1,-1,-1,-1,44,1,254,-1,-1,-1,-1,,,,,
28231,5226679,-1,22,1,-1,-1,-1,-1,-1,-1,44,1,9,-1,-1,-1,-1,,,,,
28232,5226709,-1,197,1,-1,-1,-1,-1,-1,-1,55,1,347,-1,-1,-1,-1,,,,,
28235,5226911,-1,107,4,-1,-1,-1,-1,-1,-1,8,1,286,-1,-1,-1,-1,,,,,
28236,5226925,-1,288,1,-1,-1,-1,-1,-1,-1,55,1,347,-1,-1,-1,-1,,,,,
28237,5226932,-1,63,1,-1,-1,-1,-1,-1,-1,44,1,254,-1,-1,-1,-1,,,,,
28238,5227189,-1,173,4,-1,-1,-1,-1,-1,-1,8,1,286,-1,-1,-1,-1,,,,,
28240,5227300,-1,560,4,-1,-1,-1,-1,-1,-1,44,1,254,-1,-1,-1,-1,,,,,
28241,5227337,-1,555,1,-1,-1,-1,-1,-1,-1,55,1,347,-1,-1,-1,-1,,,,,
28246,5228204,-1,217,1,-1,-1,-1,-1,-1,-1,55,1,347,-1,-1,-1,-1,,,,,
28248,5228301,-1,159,4,-1,-1,-1,-1,-1,-1,8,1,286,-1,-1,-1,-1,,,,,
28250,5228583,-1,3304,32,-1,-1,-1,-1,-1,-1,56,1,-1,-1,-1,-1,-1,,,,,
28252,5228905,-1,2412,32,-1,-1,-1,-1,-1,-1,4,1,-1,-1,-1,-1,-1,,,,,
28253,5229138,-1,188,1,-1,-1,-1,-1,-1,-1,55,1,347,-1,-1,-1,-1,,,,,
28255,5229389,-1,118,32,-1,-1,-1,-1,-1,-1,23,1,134,-1,-1,-1,-1,,,,,
28257,5229597,-1,143,32,-1,-1,-1,-1,-1,-1,23,1,134,-1,-1,-1,-1,,,,,
28258,5229611,-1,210,1,-1,-1,-1,-1,-1,-1,55,1,347,-1,-1,-1,-1,,,,,
28263,5230066,-1,157,1,-1,-1,-1,-1,-1,-1,55,1,347,-1,-1,-1,-1,,,,,
28264,5230245,-1,40,4,-1,-1,-1,-1,-1,-1,40,2,297,-1,-1,-1,-1,,,,,
28265,5230288,-1,195,32,-1,-1,-1,-1,-1,-1,23,1,134,-1,-1,-1,-1,,,,,
28266,5230296,-1,53,4,-1,-1,-1,-1,-1,-1,40,2,297,-1,-1,-1,-1,,,,,
28268,5230529,-1,118,32,-1,-1,-1,-1,-1,-1,23,1,134,-1,-1,-1,-1,,,,,
28269,5230625,-1,641,1,-1,-1,-1,-1,-1,-1,55,1,347,-1,-1,-1,-1,,,,,
28270,5230726,-1,125,32,-1,-1,-1,-1,-1,-1,23,1,134,-1,-1,-1,-1,,,,,
28272,5230999,-1,115,32,-1,-1,-1,-1,-1,-1,23,1,134,-1,-1,-1,-1,,,,,
28277,5231322,-1,2409,32,-1,-1,-1,-1,-1,-1,4,1,-1,-1,-1,-1,-1,,,,,
28279,5231535,-1,149,1,-1,-1,-1,-1,-1,-1,55,1,347,-1,-1,-1,-1,,,,,
28281,5231844,-1,677,1,-1,-1,-1,-1,-1,-1,55,1,347,-1,-1,-1,-1,,,,,
28282,5231894,-1,3319,32,-1,-1,-1,-1,-1,-1,56,1,-1,-1,-1,-1,-1,,,,,
28283,5232079,-1,76,32,-1,-1,-1,-1,-1,-1,23,1,134,-1,-1,-1,-1,,,,,
28284,5232214,-1,88,32,-1,-1,-1,-1,-1,-1,23,1,134,-1,-1,-1,-1,,,,,
28286,5232353,-1,396,32,-1,-1,-1,-1,-1,-1,23,1,134,-1,-1,-1,-1,,,,,
28287,5232501,-1,22,1,-1,-1,-1,-1,-1,-1,15,1,12,-1,-1,-1,-1,,,,,
28288,5232528,-1,5,4,-1,-1,-1,-1,-1,-1,15,1,19,-1,-1,-1,-1,,,,,
28289,5232581,-1,163,4,-1,-1,-1,-1,-1,-1,15,1,19,-1,-1,-1,-1,,,,,
28290,5232606,-1,144,2,-1,-1,-1,-1,-1,-1,15,1,20,-1,-1,-1,-1,,,,,
28296,5232894,-1,1639,2,-1,-1,-1,-1,-1,-1,28,1,77,-1,-1,-1,-1,,,,,
28297,5233011,-1,652,1,-1,-1,-1,-1,-1,-1,55,1,347,-1,-1,-1,-1,,,,,
28299,5233736,-1,2447,32,-1,-1,-1,-1,-1,-1,4,1,-1,-1,-1,-1,-1,,,,,
28301,5233911,-1,669,1,-1,-1,-1,-1,-1,-1,55,1,347,-1,-1,-1,-1,,,,,
28307,5234669,-1,71,2,-1,-1,-1,-1,-1,-1,28,1,77,-1,-1,-1,-1,,,,,
28308,5234829,-1,221,64,-1,-1,-1,-1,-1,-1,13,1,274,-1,-1,-1,-1,,,,,
28309,5235078,-1,18,1,-1,-1,-1,-1,-1,-1,12,2,1,-1,-1,-1,-1,,,,,
28310,5235159,-1,24,4,-1,-1,-1,-1,-1,-1,7,1,37,-1,-1,-1,-1,,,,,
28311,5235199,-1,10,1,-1,-1,-1,-1,-1,-1,7,1,9,-1,-1,-1,-1,,,,,
28312,5235223,-1,3365,32,-1,-1,-1,-1,-1,-1,56,1,-1,-1,-1,-1,-1,,,,,
28313,5235234,-1,5594,32,-1,-1,-1,-1,-1,-1,24,1,101,-1,-1,-1,-1,,,,,
28314,5235280,-1,5556,8,-1,-1,-1,-1,-1,-1,24,1,101,-1,-1,-1,-1,,,,,
28318,5235797,-1,202,4,-1,-1,-1,-1,-1,-1,8,1,286,-1,-1,-1,-1,,,,,
28320,5235847,-1,844,2,-1,-1,-1,-1,-1,-1,28,1,77,-1,-1,-1,-1,,,,,
28323,5236111,-1,216,1,-1,-1,-1,-1,-1,-1,55,1,347,-1,-1,-1,-1,,,,,
28324,5236189,-1,487,32,-1,-1,-1,-1,-1,-1,4,1,-1,-1,-1,-1,-1,,,,,
28325,5236356,-1,292,4,-1,-1,-1,-1,-1,-1,44,1,254,-1,-1,-1,-1,,,,,
28327,5236693,-1,522,32,-1,-1,-1,-1,-1,-1,4,1,-1,-1,-1,-1,-1,,,,,
28328,5236710,-1,60,4,-1,-1,-1,-1,-1,-1,40,2,297,-1,-1,-1,-1,,,,,
28329,5236822,-1,49,2,-1,-1,-1,-1,-1,-1,28,1,375,-1,-1,-1,-1,,,,,
28330,5236823,-1,143,4,-1,-1,-1,-1,-1,-1,44,1,254,-1,-1,-1,-1,,,,,
28331,5236895,-1,1124,2,-1,-1,-1,-1,-1,-1,28,1,77,-1,-1,-1,-1,,,,,
28332,5236896,-1,226,1,-1,-1,-1,-1,-1,-1,55,1,347,-1,-1,-1,-1,,,,,
28334,5237231,-1,1402,32,-1,-1,-1,-1,-1,-1,4,1,-1,-1,-1,-1,-1,,,,,
28335,5237274,-1,32,4,-1,-1,-1,-1,-1,-1,40,2,297,-1,-1,-1,-1,,,,,
28336,5237296,-1,86,4,-1,-1,-1,-1,-1,-1,44,1,254,-1,-1,-1,-1,,,,,
28339,5237490,-1,311,4,-1,-1,-1,-1,-1,-1,44,1,254,-1,-1,-1,-1,,,,,
28343,5237850,-1,105,4,-1,-1,-1,-1,-1,-1,40,2,297,-1,-1,-1,-1,,,,,
28344,5237897,-1,267,1,-1,-1,-1,-1,-1,-1,55,1,347,-1,-1,-1,-1,,,,,
28345,5237975,-1,454,4,-1,-1,-1,-1,-1,-1,44,1,254,-1,-1,-1,-1,,,,,
28346,5238109,-1,101,4,-1,-1,-1,-1,-1,-1,40,2,297,-1,-1,-1,-1,,,,,
28348,5238336,-1,103,4,-1,-1,-1,-1,-1,-1,40,2,297,-1,-1,-1,-1,,,,,
28349,5238354,-1,16,1,-1,-1,-1,-1,-1,-1,7,1,9,-1,-1,-1,-1,,,,,
28350,5238371,-1,21,4,-1,-1,-1,-1,-1,-1,7,1,37,-1,-1,-1,-1,,,,,
28351,5238413,-1,11,1,-1,-1,-1,-1,-1,-1,7,1,9,-1,-1,-1,-1,,,,,
28352,5238494,-1,78,1,-1,-1,-1,-1,-1,-1,44,1,254,-1,-1,-1,-1,,,,,
28353,5238602,-1,3344,32,-1,-1,-1,-1,-1,-1,56,1,-1,-1,-1,-1,-1,,,,,
28355,5238642,-1,2417,1,-1,-1,-1,-1,-1,-1,55,1,347,-1,-1,-1,-1,,,,,
28356,5238648,-1,856,32,-1,-1,-1,-1,-1,-1,4,1,-1,-1,-1,-1,-1,,,,,
28357,5238688,-1,116,4,-1,-1,-1,-1,-1,-1,40,2,297,-1,-1,-1,-1,,,,,
28358,5238843,-1,4292,1,-1,-1,-1,-1,-1,-1,55,1,11,-1,-1,-1,-1,,,,,
28362,5239148,-1,25,1,-1,-1,-1,-1,-1,-1,44,1,254,-1,-1,-1,-1,,,,,
28365,5239406,-1,48,4,-1,-1,-1,-1,-1,-1,44,1,254,-1,-1,-1,-1,,,,,
28366,5239590,-1,3725,32,-1,-1,-1,-1,-1,-1,4,1,-1,-1,-1,-1,-1,,,,,
28368,5239955,-1,33,4,-1,-1,-1,-1,-1,-1,24,1,364,-1,-1,-1,-1,,,,,
28370,5240349,-1,23,4,-1,-1,-1,-1,-1,-1,7,1,37,-1,-1,-1,-1,,,,,
28374,5240701,-1,130,4,-1,-1,-1,-1,-1,-1,40,2,297,-1,-1,-1,-1,,,,,
28375,5240727,-1,53,4,-1,-1,-1,-1,-1,-1,7,1,37,-1,-1,-1,-1,,,,,
28376,5240760,-1,189,4,-1,-1,-1,-1,-1,-1,15,1,19,-1,-1,-1,-1,,,,,
28377,5240785,-1,166,2,-1,-1,-1,-1,-1,-1,15,1,20,-1,-1,-1,-1,,,,,
28378,5240830,-1,53,4,-1,-1,-1,-1,-1,-1,7,1,37,-1,-1,-1,-1,,,,,
28380,5240880,-1,37,4,-1,-1,-1,-1,-1,-1,24,1,364,-1,-1,-1,-1,,,,,
28381,5240968,-1,20,4,-1,-1,-1,-1,-1,-1,7,1,37,-1,-1,-1,-1,,,,,
28382,5241038,-1,166,4,-1,-1,-1,-1,-1,-1,40,2,297,-1,-1,-1,-1,,,,,
28383,5241079,-1,18,4,-1,-1,-1,-1,-1,-1,7,1,37,-1,-1,-1,-1,,,,,
28384,5241213,-1,302,4,-1,-1,-1,-1,-1,-1,40,2,297,-1,-1,-1,-1,,,,,
28386,5241373,-1,92,2,-1,-1,-1,-1,-1,-1,12,2,90,-1,-1,-1,-1,,,,,
28387,5241381,-1,88,2,-1,-1,-1,-1,-1,-1,12,2,49,-1,-1,-1,-1,,,,,
28388,5241388,-1,83,2,-1,-1,-1,-1,-1,-1,12,2,50,-1,-1,-1,-1,,,,,
28389,5241402,-1,71,2,-1,-1,-1,-1,-1,-1,12,2,51,-1,-1,-1,-1,,,,,
28390,5241446,-1,4847,32,-1,-1,-1,-1,-1,-1,24,1,101,-1,-1,-1,-1,,,,,
28391,5241478,-1,4816,8,-1,-1,-1,-1,-1,-1,24,1,101,-1,-1,-1,-1,,,,,
28393,5241950,-1,3324,32,-1,-1,-1,-1,-1,-1,56,1,-1,-1,-1,-1,-1,,,,,
28395,5242159,-1,39,4,-1,-1,-1,-1,-1,-1,24,1,364,-1,-1,-1,-1,,,,,
28400,5242418,-1,127,4,-1,-1,-1,-1,-1,-1,40,2,297,-1,-1,-1,-1,,,,,
28401,5242608,-1,4,4,-1,-1,-1,-1,-1,-1,40,2,297,-1,-1,-1,-1,,,,,
28402,5242675,-1,104,4,-1,-1,-1,-1,-1,-1,40,2,297,-1,-1,-1,-1,,,,,
28403,5242814,-1,41,8,-1,-1,-1,-1,-1,-1,24,1,364,-1,-1,-1,-1,,,,,
28404,5243069,-1,111,4,-1,-1,-1,-1,-1,-1,7,1,37,-1,-1,-1,-1,,,,,
28405,5243142,-1,3,1,-1,-1,-1,-1,-1,-1,55,1,11,-1,-1,-1,-1,,,,,
28406,5243169,-1,29,1,-1,-1,-1,-1,-1,-1,55,1,11,-1,-1,-1,-1,,,,,
28407,5243188,-1,4,1,-1,-1,-1,-1,-1,-1,55,1,11,-1,-1,-1,-1,,,,,
28408,5243198,-1,8,8,-1,-1,-1,-1,-1,-1,24,1,364,-1,-1,-1,-1,,,,,
28409,5243215,-1,28,2,-1,-1,-1,-1,-1,-1,55,1,11,-1,-1,-1,-1,,,,,
28410,5243255,-1,4,1,-1,-1,-1,-1,-1,-1,55,1,11,-1,-1,-1,-1,,,,,
28411,5243276,-1,53,4,-1,-1,-1,-1,-1,-1,24,1,364,-1,-1,-1,-1,,,,,
28412,5243306,-1,47,4,-1,-1,-1,-1,-1,-1,44,1,254,-1,-1,-1,-1,,,,,
28413,5243463,-1,22,4,-1,-1,-1,-1,-1,-1,7,1,37,-1,-1,-1,-1,,,,,
28414,5243560,-1,15,4,-1,-1,-1,-1,-1,-1,7,1,37,-1,-1,-1,-1,,,,,
28415,5243780,-1,31,4,-1,-1,-1,-1,-1,-1,24,1,364,-1,-1,-1,-1,,,,,
28417,5243973,-1,183,16,-1,-1,-1,-1,-1,-1,12,2,-1,-1,-1,-1,-1,,,,,
28418,5244139,-1,102,4,-1,-1,-1,-1,-1,-1,40,2,297,-1,-1,-1,-1,,,,,
28419,5244192,-1,33,4,-1,-1,-1,-1,-1,-1,24,1,364,-1,-1,-1,-1,,,,,
28421,5244344,-1,96,4,-1,-1,-1,-1,-1,-1,40,2,297,-1,-1,-1,-1,,,,,
28422,5244376,-1,23,16,-1,-1,-1,-1,-1,-1,60,1,80,-1,-1,-1,-1,,,,,
28423,5244522,-1,294,16,-1,-1,-1,-1,-1,-1,60,1,80,-1,-1,-1,-1,,,,,
28424,5244684,-1,46,4,-1,-1,-1,-1,-1,-1,40,2,297,-1,-1,-1,-1,,,,,
28426,5244761,-1,13,4,-1,-1,-1,-1,-1,-1,7,1,37,-1,-1,-1,-1,,,,,
28427,5244834,-1,100,16,-1,-1,-1,-1,-1,-1,60,1,80,-1,-1,-1,-1,,,,,
28428,5244939,-1,40,4,-1,-1,-1,-1,-1,-1,40,2,297,-1,-1,-1,-1,,,,,
28429,5244941,-1,99,16,-1,-1,-1,-1,-1,-1,60,1,80,-1,-1,-1,-1,,,,,
28430,5244999,-1,45,4,-1,-1,-1,-1,-1,-1,40,2,297,-1,-1,-1,-1,,,,,
28434,5245282,-1,50,4,-1,-1,-1,-1,-1,-1,40,2,297,-1,-1,-1,-1,,,,,
28436,5245384,-1,2488,32,-1,-1,-1,-1,-1,-1,4,1,-1,-1,-1,-1,-1,,,,,
28438,5245507,-1,40,4,-1,-1,-1,-1,-1,-1,40,2,297,-1,-1,-1,-1,,,,,
28440,5245931,-1,95,4,-1,-1,-1,-1,-1,-1,40,2,297,-1,-1,-1,-1,,,,,
28441,5246215,-1,107,4,-1,-1,-1,-1,-1,-1,40,2,297,-1,-1,-1,-1,,,,,
28442,5246235,-1,47,4,-1,-1,-1,-1,-1,-1,7,1,37,-1,-1,-1,-1,,,,,
28443,5246267,-1,53,16,-1,-1,-1,-1,-1,-1,60,1,80,-1,-1,-1,-1,,,,,
28444,5246284,-1,39,32,-1,-1,-1,-1,-1,-1,44,1,-1,-1,-1,-1,-1,,,,,
28445,5246331,-1,13,32,-1,-1,-1,-1,-1,-1,44,1,-1,-1,-1,-1,-1,,,,,
28447,5246426,-1,31,16,-1,-1,-1,-1,-1,-1,60,1,80,-1,-1,-1,-1,,,,,
28448,5246459,-1,48,4,-1,-1,-1,-1,-1,-1,40,2,297,-1,-1,-1,-1,,,,,
28449,5246508,-1,12,32,-1,-1,-1,-1,-1,-1,44,1,-1,-1,-1,-1,-1,,,,,
28450,5246528,-1,8,32,-1,-1,-1,-1,-1,-1,44,1,-1,-1,-1,-1,-1,,,,,
28451,5246559,-1,2,32,-1,-1,-1,-1,-1,-1,8,1,286,-1,-1,-1,-1,,,,,
28452,5246616,-1,37,16,-1,-1,-1,-1,-1,-1,60,1,80,-1,-1,-1,-1,,,,,
28453,5246691,-1,1305,32,-1,-1,-1,-1,-1,-1,8,1,286,-1,-1,-1,-1,,,,,
28457,5246902,-1,44,16,-1,-1,-1,-1,-1,-1,60,1,80,-1,-1,-1,-1,,,,,
28458,5246916,-1,17,4,-1,-1,-1,-1,-1,-1,7,1,37,-1,-1,-1,-1,,,,,
28461,5247105,-1,2856,32,-1,-1,-1,-1,-1,-1,24,1,101,-1,-1,-1,-1,,,,,
28462,5247143,-1,2822,8,-1,-1,-1,-1,-1,-1,24,1,101,-1,-1,-1,-1,,,,,
28463,5247157,-1,78,4,-1,-1,-1,-1,-1,-1,40,2,297,-1,-1,-1,-1,,,,,
28464,5247167,-1,29,4,-1,-1,-1,-1,-1,-1,7,1,37,-1,-1,-1,-1,,,,,
28465,5247256,-1,18,4,-1,-1,-1,-1,-1,-1,7,1,37,-1,-1,-1,-1,,,,,
28466,5247434,-1,102,4,-1,-1,-1,-1,-1,-1,24,1,364,-1,-1,-1,-1,,,,,
28468,5247638,-1,13,4,-1,-1,-1,-1,-1,-1,7,1,37,-1,-1,-1,-1,,,,,
28469,5247735,-1,53,4,-1,-1,-1,-1,-1,-1,24,1,364,-1,-1,-1,-1,,,,,
28470,5247752,-1,132,4,-1,-1,-1,-1,-1,-1,40,2,297,-1,-1,-1,-1,,,,,
28471,5247756,-1,48,16,-1,-1,-1,-1,-1,-1,60,1,80,-1,-1,-1,-1,,,,,
28472,5247882,-1,109,32,-1,-1,-1,-1,-1,-1,44,1,-1,-1,-1,-1,-1,,,,,
28473,5247904,-1,122,4,-1,-1,-1,-1,-1,-1,40,2,297,-1,-1,-1,-1,,,,,
28474,5247969,-1,34,16,-1,-1,-1,-1,-1,-1,60,1,80,-1,-1,-1,-1,,,,,
28476,5248000,-1,180,32,-1,-1,-1,-1,-1,-1,44,1,-1,-1,-1,-1,-1,,,,,
28477,5248016,-1,210,16,-1,-1,-1,-1,-1,-1,60,1,80,-1,-1,-1,-1,,,,,
28478,5248183,-1,109,4,-1,-1,-1,-1,-1,-1,40,2,297,-1,-1,-1,-1,,,,,
28479,5248188,-1,981,32,-1,-1,-1,-1,-1,-1,4,1,-1,-1,-1,-1,-1,,,,,
28485,5248655,-1,266,32,-1,-1,-1,-1,-1,-1,8,1,286,-1,-1,-1,-1,,,,,
28486,5248959,-1,34,16,-1,-1,-1,-1,-1,-1,60,1,80,-1,-1,-1,-1,,,,,
28488,5249086,-1,33,16,-1,-1,-1,-1,-1,-1,60,1,80,-1,-1,-1,-1,,,,,
28489,5249176,-1,111,32,-1,-1,-1,-1,-1,-1,4,1,-1,-1,-1,-1,-1,,,,,
28490,5249260,-1,58,4,-1,-1,-1,-1,-1,-1,24,1,364,-1,-1,-1,-1,,,,,
28491,5249303,-1,135,16,-1,-1,-1,-1,-1,-1,60,1,80,-1,-1,-1,-1,,,,,
28492,5249450,-1,21,16,-1,-1,-1,-1,-1,-1,60,1,80,-1,-1,-1,-1,,,,,
28493,5249501,-1,1585,32,-1,-1,-1,-1,-1,-1,8,1,286,-1,-1,-1,-1,,,,,
28494,5249510,-1,22,16,-1,-1,-1,-1,-1,-1,60,1,80,-1,-1,-1,-1,,,,,
28496,5249610,-1,39,16,-1,-1,-1,-1,-1,-1,60,1,80,-1,-1,-1,-1,,,,,
28499,5249956,-1,3720,32,-1,-1,-1,-1,-1,-1,4,1,-1,-1,-1,-1,-1,,,,,
28500,5249967,-1,237,32,-1,-1,-1,-1,-1,-1,12,2,-1,-1,-1,-1,-1,,,,,
28501,5249984,-1,57,16,-1,-1,-1,-1,-1,-1,60,1,80,-1,-1,-1,-1,,,,,
28505,5250540,-1,40,16,-1,-1,-1,-1,-1,-1,60,1,81,-1,-1,-1,-1,,,,,
28507,5250816,-1,318,32,-1,-1,-1,-1,-1,-1,56,1,-1,-1,-1,-1,-1,,,,,
28515,5253405,-1,73,32,-1,-1,-1,-1,-1,-1,40,2,108,-1,-1,-1,-1,,,,,
28516,5253600,-1,1674,32,-1,-1,-1,-1,-1,-1,40,2,108,-1,-1,-1,-1,,,,,
28517,5254263,-1,3,16,-1,-1,-1,-1,-1,-1,3,2,-1,-1,-1,-1,-1,,,,,
28518,5254389,-1,3,16,-1,-1,-1,-1,-1,-1,3,2,-1,-1,-1,-1,-1,,,,,
28519,5254516,-1,3,16,-1,-1,-1,-1,-1,-1,3,2,-1,-1,-1,-1,-1,,,,,
28520,5254642,-1,4,16,-1,-1,-1,-1,-1,-1,3,2,-1,-1,-1,-1,-1,,,,,
28521,5254769,-1,3,16,-1,-1,-1,-1,-1,-1,3,2,-1,-1,-1,-1,-1,,,,,
28522,5254898,-1,3,16,-1,-1,-1,-1,-1,-1,3,2,-1,-1,-1,-1,-1,,,,,
28525,5255394,-1,3,16,-1,-1,-1,-1,-1,-1,3,2,-1,-1,-1,-1,-1,,,,,
28526,5255724,-1,3,1,-1,-1,-1,-1,-1,-1,6,1,6,-1,-1,-1,-1,,,,,
28528,5257900,-1,3,1,-1,-1,-1,-1,-1,-1,14,2,145,-1,-1,-1,-1,,,,,
28529,5257904,-1,44,128,-1,-1,-1,-1,-1,-1,14,2,161,-1,-1,-1,-1,,,,,
28530,5257954,-1,597,32,-1,-1,-1,-1,-1,-1,40,2,108,-1,-1,-1,-1,,,,,
28532,5260928,-1,19,16,-1,-1,-1,-1,-1,-1,3,2,-1,-1,-1,-1,-1,,,,,
28533,5260958,-1,121,64,-1,-1,-1,-1,-1,-1,44,1,-1,-1,-1,-1,-1,,,,,
28534,5260961,-1,88,64,-1,-1,-1,-1,-1,-1,4,1,-1,-1,-1,-1,-1,,,,,
28535,5261084,-1,49,128,-1,-1,-1,-1,-1,-1,61,1,-1,-1,-1,-1,-1,,,,,
28536,5261136,-1,125,64,-1,-1,-1,-1,-1,-1,44,1,-1,-1,-1,-1,-1,,,,,
28537,5261261,-1,172,64,-1,-1,-1,-1,-1,-1,44,1,-1,-1,-1,-1,-1,,,,,
28538,5261432,-1,248,64,-1,-1,-1,-1,-1,-1,44,1,-1,-1,-1,-1,-1,,,,,
28540,5261684,-1,85,128,-1,-1,-1,-1,-1,-1,12,2,-1,-1,-1,-1,-1,,,,,
28541,5261772,-1,99,128,-1,-1,-1,-1,-1,-1,44,1,-1,-1,-1,-1,-1,,,,,
28542,5261874,-1,146,128,-1,-1,-1,-1,-1,-1,44,1,-1,-1,-1,-1,-1,,,,,
28543,5262023,-1,178,128,-1,-1,-1,-1,-1,-1,44,1,-1,-1,-1,-1,-1,,,,,
28544,5262205,-1,239,128,-1,-1,-1,-1,-1,-1,44,1,-1,-1,-1,-1,-1,,,,,
28545,5262447,-1,9708,128,-1,-1,-1,-1,-1,-1,2,1,-1,-1,-1,-1,-1,,,,,
28546,5272159,-1,1539,64,-1,-1,-1,-1,-1,-1,4,1,-1,-1,-1,-1,-1,,,,,
28552,5274001,-1,9081,64,-1,-1,-1,-1,-1,-1,4,1,-1,-1,-1,-1,-1,,,,,
28553,5274304,-1,7,16,-1,-1,-1,-1,-1,-1,3,2,1,-1,-1,-1,-1,,,,,
28555,5274548,-1,48,16,-1,-1,-1,-1,-1,-1,3,2,1,-1,-1,-1,-1,,,,,
28628,5283090,-1,9783,128,-1,-1,-1,-1,-1,-1,2,1,-1,-1,-1,-1,-1,,,,,
28629,5292876,-1,56,128,-1,-1,-1,-1,-1,-1,21,1,-1,-1,-1,-1,-1,,,,,
28636,5293455,-1,32,32,-1,-1,-1,-1,-1,-1,23,1,134,-1,-1,-1,-1,,,,,
28638,5293552,-1,353,32,-1,-1,-1,-1,-1,-1,23,1,134,-1,-1,-1,-1,,,,,
28645,5294108,-1,66,128,-1,-1,-1,-1,-1,-1,21,1,-1,-1,-1,-1,-1,,,,,
28652,5294753,-1,291,32,-1,-1,-1,-1,-1,-1,23,1,134,-1,-1,-1,-1,,,,,
28661,5295736,-1,633,2,-1,-1,-1,-1,-1,-1,28,1,77,-1,-1,-1,-1,,,,,
28667,5296150,-1,25,1,-1,-1,-1,-1,-1,-1,8,1,286,-1,-1,-1,-1,,,,,
28669,5296318,-1,24,2,-1,-1,-1,-1,-1,-1,8,1,286,-1,-1,-1,-1,,,,,
28671,5296453,-1,23,4,-1,-1,-1,-1,-1,-1,8,1,286,-1,-1,-1,-1,,,,,
28672,5296545,-1,16,1,-1,-1,-1,-1,-1,-1,28,1,374,-1,-1,-1,-1,,,,,
28673,5296589,-1,14,2,-1,-1,-1,-1,-1,-1,28,1,375,-1,-1,-1,-1,,,,,
28675,5296652,-1,9633,2,-1,-1,-1,-1,-1,-1,28,1,77,-1,-1,-1,-1,,,,,
28676,5296713,-1,27,8,-1,-1,-1,-1,-1,-1,8,1,286,-1,-1,-1,-1,,,,,
28677,5296718,-1,53,2,-1,-1,-1,-1,-1,-1,28,1,67,-1,-1,-1,-1,,,,,
28679,5296810,-1,42,16,-1,-1,-1,-1,-1,-1,8,1,286,-1,-1,-1,-1,,,,,
28680,5296811,-1,63,2,-1,-1,-1,-1,-1,-1,28,1,67,-1,-1,-1,-1,,,,,
28683,5296897,-1,84,32,-1,-1,-1,-1,-1,-1,23,1,134,-1,-1,-1,-1,,,,,
28684,5296956,-1,58,32,-1,-1,-1,-1,-1,-1,8,1,286,-1,-1,-1,-1,,,,,
28687,5297060,-1,51,32,-1,-1,-1,-1,-1,-1,8,1,286,-1,-1,-1,-1,,,,,
28689,5297113,-1,42,32,-1,-1,-1,-1,-1,-1,23,1,134,-1,-1,-1,-1,,,,,
28690,5297164,-1,46,32,-1,-1,-1,-1,-1,-1,8,1,286,-1,-1,-1,-1,,,,,
28691,5297272,-1,33,16,-1,-1,-1,-1,-1,-1,8,1,286,-1,-1,-1,-1,,,,,
28692,5297359,-1,305,32,-1,-1,-1,-1,-1,-1,23,1,134,-1,-1,-1,-1,,,,,
28693,5297372,-1,56,16,-1,-1,-1,-1,-1,-1,8,1,286,-1,-1,-1,-1,,,,,
28695,5297491,-1,47,1,-1,-1,-1,-1,-1,-1,8,1,286,-1,-1,-1,-1,,,,,
28703,5298367,-1,22,1,-1,-1,-1,-1,-1,-1,8,1,286,-1,-1,-1,-1,,,,,
28706,5298456,-1,46,2,-1,-1,-1,-1,-1,-1,8,1,286,-1,-1,-1,-1,,,,,
28710,5298590,-1,39,4,-1,-1,-1,-1,-1,-1,8,1,286,-1,-1,-1,-1,,,,,
28712,5298733,-1,31,8,-1,-1,-1,-1,-1,-1,8,1,286,-1,-1,-1,-1,,,,,
28713,5298820,-1,15,8,-1,-1,-1,-1,-1,-1,8,1,286,-1,-1,-1,-1,,,,,
28714,5298867,-1,41,8,-1,-1,-1,-1,-1,-1,8,1,286,-1,-1,-1,-1,,,,,
28715,5298928,-1,175,8,-1,-1,-1,-1,-1,-1,8,1,286,-1,-1,-1,-1,,,,,
28723,5299754,-1,113,32,-1,-1,-1,-1,-1,-1,23,1,134,-1,-1,-1,-1,,,,,
28726,5300034,-1,21,32,-1,-1,-1,-1,-1,-1,23,1,134,-1,-1,-1,-1,,,,,
28730,5300230,-1,94,32,-1,-1,-1,-1,-1,-1,23,1,134,-1,-1,-1,-1,,,,,
28731,5300445,-1,141,32,-1,-1,-1,-1,-1,-1,23,1,134,-1,-1,-1,-1,,,,,
28733,5300558,-1,15,1,-1,-1,-1,-1,-1,-1,21,1,262,-1,-1,-1,-1,,,,,
28735,5300659,-1,71,1,-1,-1,-1,-1,-1,-1,28,1,392,-1,-1,-1,-1,,,,,
28736,5300838,-1,11,1,-1,-1,-1,-1,-1,-1,21,1,262,-1,-1,-1,-1,,,,,
28737,5300883,-1,352,1,-1,-1,-1,-1,-1,-1,21,1,262,-1,-1,-1,-1,,,,,
28738,5301032,-1,47,8,-1,-1,-1,-1,-1,-1,28,1,393,-1,-1,-1,-1,,,,,
28739,5301514,-1,10534,1,-1,-1,-1,-1,-1,-1,55,1,11,-1,-1,-1,-1,,,,,
28740,5301708,-1,2457,32,-1,-1,-1,-1,-1,-1,4,1,-1,-1,-1,-1,-1,,,,,
28742,5303951,-1,92,1,-1,-1,-1,-1,-1,-1,40,2,140,-1,-1,-1,-1,,,,,
28744,5304102,-1,55,4,-1,-1,-1,-1,-1,-1,40,2,297,-1,-1,-1,-1,,,,,
28745,5304167,-1,3723,32,-1,-1,-1,-1,-1,-1,4,1,-1,-1,-1,-1,-1,,,,,
28746,5304267,-1,58,4,-1,-1,-1,-1,-1,-1,40,2,297,-1,-1,-1,-1,,,,,
28747,5304276,-1,253,8,-1,-1,-1,-1,-1,-1,8,1,286,-1,-1,-1,-1,,,,,
28748,5304332,-1,21,1,-1,-1,-1,-1,-1,-1,44,1,254,-1,-1,-1,-1,,,,,
28749,5304498,-1,21,1,-1,-1,-1,-1,-1,-1,44,1,254,-1,-1,-1,-1,,,,,
28751,5304583,-1,602,8,-1,-1,-1,-1,-1,-1,8,1,286,-1,-1,-1,-1,,,,,
28752,5304609,-1,21,1,-1,-1,-1,-1,-1,-1,44,1,9,-1,-1,-1,-1,,,,,
28753,5304776,-1,9,1,-1,-1,-1,-1,-1,-1,44,1,9,-1,-1,-1,-1,,,,,
28754,5304836,-1,26,1,-1,-1,-1,-1,-1,-1,44,1,9,-1,-1,-1,-1,,,,,
28756,5304892,-1,496,1,-1,-1,-1,-1,-1,-1,44,1,254,-1,-1,-1,-1,,,,,
28761,5305282,-1,21,8,-1,-1,-1,-1,-1,-1,8,1,286,-1,-1,-1,-1,,,,,
28762,5305329,-1,54,4,-1,-1,-1,-1,-1,-1,40,2,297,-1,-1,-1,-1,,,,,
28763,5305360,-1,26,8,-1,-1,-1,-1,-1,-1,8,1,286,-1,-1,-1,-1,,,,,
28765,5305490,-1,164,32,-1,-1,-1,-1,-1,-1,23,1,134,-1,-1,-1,-1,,,,,
28766,5305561,-1,247,32,-1,-1,-1,-1,-1,-1,12,2,-1,-1,-1,-1,-1,,,,,
28767,5305586,-1,77,8,-1,-1,-1,-1,-1,-1,8,1,286,-1,-1,-1,-1,,,,,
28768,5305593,-1,114,4,-1,-1,-1,-1,-1,-1,44,1,254,-1,-1,-1,-1,,,,,
28769,5305645,-1,21,1,-1,-1,-1,-1,-1,-1,34,1,319,-1,-1,-1,-1,,,,,
28770,5305664,-1,5569,32,-1,-1,-1,-1,-1,-1,24,1,101,-1,-1,-1,-1,,,,,
28771,5305669,-1,75,4,-1,-1,-1,-1,-1,-1,40,2,297,-1,-1,-1,-1,,,,,
28772,5305710,-1,5525,8,-1,-1,-1,-1,-1,-1,24,1,101,-1,-1,-1,-1,,,,,
28773,5305726,-1,48,8,-1,-1,-1,-1,-1,-1,8,1,286,-1,-1,-1,-1,,,,,
28775,5305828,-1,228,4,-1,-1,-1,-1,-1,-1,44,1,254,-1,-1,-1,-1,,,,,
28776,5305837,-1,606,4,-1,-1,-1,-1,-1,-1,44,1,394,-1,-1,-1,-1,,,,,
28777,5305874,-1,44,4,-1,-1,-1,-1,-1,-1,40,2,297,-1,-1,-1,-1,,,,,
28778,5305956,-1,28,4,-1,-1,-1,-1,-1,-1,8,1,286,-1,-1,-1,-1,,,,,
28779,5306121,-1,62,4,-1,-1,-1,-1,-1,-1,40,2,297,-1,-1,-1,-1,,,,,
28780,5306133,-1,13,2,-1,-1,-1,-1,-1,-1,8,1,286,-1,-1,-1,-1,,,,,
28781,5306257,-1,34,2,-1,-1,-1,-1,-1,-1,8,1,286,-1,-1,-1,-1,,,,,
28784,5306703,-1,22,1,-1,-1,-1,-1,-1,-1,9,2,9,-1,-1,-1,-1,,,,,
28785,5306711,-1,36,4,-1,-1,-1,-1,-1,-1,40,2,297,-1,-1,-1,-1,,,,,
28790,5306948,-1,21,1,-1,-1,-1,-1,-1,-1,23,1,9,-1,-1,-1,-1,,,,,
28793,5307076,-1,68,2,-1,-1,-1,-1,-1,-1,28,1,67,-1,-1,-1,-1,,,,,
28794,5307082,-1,26,4,-1,-1,-1,-1,-1,-1,40,2,297,-1,-1,-1,-1,,,,,
28795,5307122,-1,27,4,-1,-1,-1,-1,-1,-1,40,2,297,-1,-1,-1,-1,,,,,
28796,5307191,-1,42,4,-1,-1,-1,-1,-1,-1,40,2,297,-1,-1,-1,-1,,,,,
28798,5307352,-1,47,4,-1,-1,-1,-1,-1,-1,40,2,297,-1,-1,-1,-1,,,,,
28800,5307792,-1,32,4,-1,-1,-1,-1,-1,-1,24,1,364,-1,-1,-1,-1,,,,,
28802,5308036,-1,168,8,-1,-1,-1,-1,-1,-1,44,1,254,-1,-1,-1,-1,,,,,
28803,5308048,-1,366,8,-1,-1,-1,-1,-1,-1,44,1,394,-1,-1,-1,-1,,,,,
28804,5308098,-1,322,32,-1,-1,-1,-1,-1,-1,7,1,10,-1,-1,-1,-1,,,,,
28805,5308254,-1,46,4,-1,-1,-1,-1,-1,-1,40,2,297,-1,-1,-1,-1,,,,,
28806,5308337,-1,163,16,-1,-1,-1,-1,-1,-1,44,1,254,-1,-1,-1,-1,,,,,
28809,5308450,-1,3634,32,-1,-1,-1,-1,-1,-1,7,1,10,-1,-1,-1,-1,,,,,
28810,5308458,-1,384,16,-1,-1,-1,-1,-1,-1,44,1,394,-1,-1,-1,-1,,,,,
28811,5308525,-1,3863,4,-1,-1,-1,-1,-1,-1,7,1,18,-1,-1,-1,-1,,,,,
28815,5308763,-1,31,4,-1,-1,-1,-1,-1,-1,24,1,364,-1,-1,-1,-1,,,,,
28816,5308883,-1,241,16,-1,-1,-1,-1,-1,-1,44,1,394,-1,-1,-1,-1,,,,,
28817,5309140,-1,34,4,-1,-1,-1,-1,-1,-1,24,1,364,-1,-1,-1,-1,,,,,
28818,5309255,-1,4,4,-1,-1,-1,-1,-1,-1,44,1,254,-1,-1,-1,-1,,,,,
28819,5309271,-1,9,4,-1,-1,-1,-1,-1,-1,44,1,394,-1,-1,-1,-1,,,,,
28821,5309375,-1,83,4,-1,-1,-1,-1,-1,-1,44,1,394,-1,-1,-1,-1,,,,,
28822,5309381,-1,282,4,-1,-1,-1,-1,-1,-1,44,1,254,-1,-1,-1,-1,,,,,
28823,5309416,-1,100,4,-1,-1,-1,-1,-1,-1,40,2,297,-1,-1,-1,-1,,,,,
28824,5309721,-1,431,16,-1,-1,-1,-1,-1,-1,44,1,254,-1,-1,-1,-1,,,,,
28825,5309771,-1,672,16,-1,-1,-1,-1,-1,-1,44,1,394,-1,-1,-1,-1,,,,,
28826,5309806,-1,954,4,-1,-1,-1,-1,-1,-1,24,1,364,-1,-1,-1,-1,,,,,
28828,5309967,-1,24,2,-1,-1,-1,-1,-1,-1,28,1,395,-1,-1,-1,-1,,,,,
28829,5310168,-1,4258,2,-1,-1,-1,-1,-1,-1,28,1,77,-1,-1,-1,-1,,,,,
28834,5310795,-1,7,1,-1,-1,-1,-1,-1,-1,2,1,9,-1,-1,-1,-1,,,,,
28836,5310941,-1,334,4,-1,-1,-1,-1,-1,-1,37,1,80,-1,-1,-1,-1,,,,,
28837,5311174,-1,8,1,-1,-1,-1,-1,-1,-1,23,1,145,-1,-1,-1,-1,,,,,
28838,5311254,-1,66,32,-1,-1,-1,-1,-1,-1,23,1,134,-1,-1,-1,-1,,,,,
28839,5311336,-1,45,32,-1,-1,-1,-1,-1,-1,23,1,134,-1,-1,-1,-1,,,,,
28841,5311658,-1,266,4,-1,-1,-1,-1,-1,-1,37,1,80,-1,-1,-1,-1,,,,,
28842,5311668,-1,117,4,-1,-1,-1,-1,-1,-1,24,1,364,-1,-1,-1,-1,,,,,
28843,5311746,-1,52,32,-1,-1,-1,-1,-1,-1,23,1,134,-1,-1,-1,-1,,,,,
28844,5311839,-1,279,32,-1,-1,-1,-1,-1,-1,23,1,134,-1,-1,-1,-1,,,,,
28845,5311891,-1,4636,32,-1,-1,-1,-1,-1,-1,24,1,101,-1,-1,-1,-1,,,,,
28846,5311932,-1,57,16,-1,-1,-1,-1,-1,-1,37,1,80,-1,-1,-1,-1,,,,,
28847,5311943,-1,4585,8,-1,-1,-1,-1,-1,-1,24,1,101,-1,-1,-1,-1,,,,,
28849,5312017,-1,150,16,-1,-1,-1,-1,-1,-1,37,1,80,-1,-1,-1,-1,,,,,
28851,5312135,-1,29,1,-1,-1,-1,-1,-1,-1,12,2,1,-1,-1,-1,-1,,,,,
28852,5312178,-1,36,16,-1,-1,-1,-1,-1,-1,37,1,80,-1,-1,-1,-1,,,,,
28853,5312236,-1,1762,32,-1,-1,-1,-1,-1,-1,4,1,-1,-1,-1,-1,-1,,,,,
28854,5312242,-1,3410,1,-1,-1,-1,-1,-1,-1,55,1,11,-1,-1,-1,-1,,,,,
28855,5312308,-1,423,32,-1,-1,-1,-1,-1,-1,23,1,134,-1,-1,-1,-1,,,,,
28858,5312520,-1,107,4,-1,-1,-1,-1,-1,-1,40,2,297,-1,-1,-1,-1,,,,,
28860,5312585,-1,96,2,-1,-1,-1,-1,-1,-1,28,1,67,-1,-1,-1,-1,,,,,
28862,5312674,-1,120,4,-1,-1,-1,-1,-1,-1,40,2,297,-1,-1,-1,-1,,,,,
28864,5312721,-1,1843,1,-1,-1,-1,-1,-1,-1,55,1,11,-1,-1,-1,-1,,,,,
28866,5312800,-1,219,16,-1,-1,-1,-1,-1,-1,60,1,80,-1,-1,-1,-1,,,,,
28867,5312802,-1,7,1,-1,-1,-1,-1,-1,-1,43,1,9,-1,-1,-1,-1,,,,,
28868,5312828,-1,8,1,-1,-1,-1,-1,-1,-1,43,1,9,-1,-1,-1,-1,,,,,
28869,5312843,-1,22,4,-1,-1,-1,-1,-1,-1,24,1,364,-1,-1,-1,-1,,,,,
28870,5312850,-1,13,1,-1,-1,-1,-1,-1,-1,43,1,9,-1,-1,-1,-1,,,,,
28871,5312870,-1,97,4,-1,-1,-1,-1,-1,-1,40,2,297,-1,-1,-1,-1,,,,,
28872,5312900,-1,113,4,-1,-1,-1,-1,-1,-1,24,1,364,-1,-1,-1,-1,,,,,
28873,5313051,-1,102,16,-1,-1,-1,-1,-1,-1,60,1,80,-1,-1,-1,-1,,,,,
28875,5313235,-1,463,4,-1,-1,-1,-1,-1,-1,21,1,262,-1,-1,-1,-1,,,,,
28876,5313315,-1,69,32,-1,-1,-1,-1,-1,-1,7,1,10,-1,-1,-1,-1,,,,,
28877,5313373,-1,24,1,-1,-1,-1,-1,-1,-1,60,1,12,-1,-1,-1,-1,,,,,
28878,5313438,-1,114,4,-1,-1,-1,-1,-1,-1,24,1,364,-1,-1,-1,-1,,,,,
28879,5313448,-1,96,4,-1,-1,-1,-1,-1,-1,40,2,297,-1,-1,-1,-1,,,,,
28880,5313686,-1,2964,32,-1,-1,-1,-1,-1,-1,7,1,10,-1,-1,-1,-1,,,,,
28881,5313757,-1,3193,4,-1,-1,-1,-1,-1,-1,7,1,18,-1,-1,-1,-1,,,,,
28883,5313815,-1,102,4,-1,-1,-1,-1,-1,-1,40,2,297,-1,-1,-1,-1,,,,,
28884,5314033,-1,2491,32,-1,-1,-1,-1,-1,-1,4,1,-1,-1,-1,-1,-1,,,,,
28889,5314471,-1,92,8,-1,-1,-1,-1,-1,-1,24,1,364,-1,-1,-1,-1,,,,,
28891,5314495,-1,71,2,-1,-1,-1,-1,-1,-1,28,1,67,-1,-1,-1,-1,,,,,
28892,5314568,-1,3157,2,-1,-1,-1,-1,-1,-1,55,1,11,-1,-1,-1,-1,,,,,
28893,5314950,-1,97,8,-1,-1,-1,-1,-1,-1,24,1,396,-1,-1,-1,-1,,,,,
28895,5315183,-1,84,8,-1,-1,-1,-1,-1,-1,24,1,397,-1,-1,-1,-1,,,,,
28896,5315390,-1,92,16,-1,-1,-1,-1,-1,-1,24,1,396,-1,-1,-1,-1,,,,,
28897,5315567,-1,93,16,-1,-1,-1,-1,-1,-1,24,1,397,-1,-1,-1,-1,,,,,
28898,5315655,-1,2077,2,-1,-1,-1,-1,-1,-1,55,1,11,-1,-1,-1,-1,,,,,
28899,5315754,-1,89,16,-1,-1,-1,-1,-1,-1,24,1,398,-1,-1,-1,-1,,,,,
28900,5315963,-1,111,4,-1,-1,-1,-1,-1,-1,40,2,297,-1,-1,-1,-1,,,,,
28904,5316209,-1,101,4,-1,-1,-1,-1,-1,-1,40,2,297,-1,-1,-1,-1,,,,,
28906,5316316,-1,23,1,-1,-1,-1,-1,-1,-1,4,1,4,-1,-1,-1,-1,,,,,
28908,5316362,-1,103,4,-1,-1,-1,-1,-1,-1,40,2,297,-1,-1,-1,-1,,,,,
28909,5316384,-1,31,1,-1,-1,-1,-1,-1,-1,2,1,56,-1,-1,-1,-1,,,,,
28910,5316482,-1,112,16,-1,-1,-1,-1,-1,-1,60,1,80,-1,-1,-1,-1,,,,,
28911,5316535,-1,538,32,-1,-1,-1,-1,-1,-1,4,1,-1,-1,-1,-1,-1,,,,,
28912,5316551,-1,68,4,-1,-1,-1,-1,-1,-1,40,2,297,-1,-1,-1,-1,,,,,
28913,5316626,-1,3424,32,-1,-1,-1,-1,-1,-1,56,1,-1,-1,-1,-1,-1,,,,,
28914,5316684,-1,103,4,-1,-1,-1,-1,-1,-1,40,2,297,-1,-1,-1,-1,,,,,
28915,5316766,-1,66,1,-1,-1,-1,-1,-1,-1,28,1,395,-1,-1,-1,-1,,,,,
28916,5316843,-1,267,32,-1,-1,-1,-1,-1,-1,23,1,134,-1,-1,-1,-1,,,,,
28918,5317016,-1,51,1,-1,-1,-1,-1,-1,-1,28,1,67,-1,-1,-1,-1,,,,,
28919,5317102,-1,368,32,-1,-1,-1,-1,-1,-1,4,1,-1,-1,-1,-1,-1,,,,,
28920,5317126,-1,323,32,-1,-1,-1,-1,-1,-1,23,1,134,-1,-1,-1,-1,,,,,
28921,5317485,-1,609,32,-1,-1,-1,-1,-1,-1,4,1,-1,-1,-1,-1,-1,,,,,
28923,5317562,-1,141,32,-1,-1,-1,-1,-1,-1,7,1,10,-1,-1,-1,-1,,,,,
28924,5317675,-1,47,4,-1,-1,-1,-1,-1,-1,7,1,18,-1,-1,-1,-1,,,,,
28925,5317889,-1,31,1,-1,-1,-1,-1,-1,-1,28,1,395,-1,-1,-1,-1,,,,,
28927,5317946,-1,35,1,-1,-1,-1,-1,-1,-1,28,1,67,-1,-1,-1,-1,,,,,
28929,5317995,-1,2728,32,-1,-1,-1,-1,-1,-1,7,1,10,-1,-1,-1,-1,,,,,
28931,5318113,-1,1246,32,-1,-1,-1,-1,-1,-1,4,1,-1,-1,-1,-1,-1,,,,,
28933,5318189,-1,1599,1,-1,-1,-1,-1,-1,-1,28,1,77,-1,-1,-1,-1,,,,,
28935,5318427,-1,0,2,-1,-1,-1,-1,-1,-1,55,1,11,-1,-1,-1,-1,,,,,
28936,5318651,-1,400,4,-1,-1,-1,-1,-1,-1,8,1,338,-1,-1,-1,-1,,,,,
28938,5319097,-1,29,4,-1,-1,-1,-1,-1,-1,8,1,338,-1,-1,-1,-1,,,,,
28939,5319140,-1,4,4,-1,-1,-1,-1,-1,-1,8,1,338,-1,-1,-1,-1,,,,,
28940,5319315,-1,109,1,-1,-1,-1,-1,-1,-1,28,1,67,-1,-1,-1,-1,,,,,
28941,5319385,-1,169,4,-1,-1,-1,-1,-1,-1,8,1,338,-1,-1,-1,-1,,,,,
28942,5319395,-1,2530,32,-1,-1,-1,-1,-1,-1,4,1,-1,-1,-1,-1,-1,,,,,
28943,5319441,-1,27,1,-1,-1,-1,-1,-1,-1,52,2,399,-1,-1,-1,-1,,,,,
28945,5319618,-1,27,1,-1,-1,-1,-1,-1,-1,52,2,399,-1,-1,-1,-1,,,,,
28949,5319949,-1,110,4,-1,-1,-1,-1,-1,-1,8,1,338,-1,-1,-1,-1,,,,,
28951,5320062,-1,3369,32,-1,-1,-1,-1,-1,-1,56,1,-1,-1,-1,-1,-1,,,,,
28952,5320076,-1,32,1,-1,-1,-1,-1,-1,-1,28,1,395,-1,-1,-1,-1,,,,,
28954,5320148,-1,1013,1,-1,-1,-1,-1,-1,-1,28,1,77,-1,-1,-1,-1,,,,,
28955,5320153,-1,122,4,-1,-1,-1,-1,-1,-1,8,1,338,-1,-1,-1,-1,,,,,
28956,5320453,-1,37,1,-1,-1,-1,-1,-1,-1,52,2,400,-1,-1,-1,-1,,,,,
28957,5320513,-1,29,4,-1,-1,-1,-1,-1,-1,8,1,338,-1,-1,-1,-1,,,,,
28958,5320630,-1,39,8,-1,-1,-1,-1,-1,-1,8,1,338,-1,-1,-1,-1,,,,,
28960,5320734,-1,1214,32,-1,-1,-1,-1,-1,-1,24,1,101,-1,-1,-1,-1,,,,,
28961,5320762,-1,64,1,-1,-1,-1,-1,-1,-1,52,2,400,-1,-1,-1,-1,,,,,
28962,5320787,-1,1162,8,-1,-1,-1,-1,-1,-1,24,1,101,-1,-1,-1,-1,,,,,
28963,5320789,-1,51,1,-1,-1,-1,-1,-1,-1,4,1,4,-1,-1,-1,-1,,,,,
28964,5320806,-1,65,16,-1,-1,-1,-1,-1,-1,8,1,338,-1,-1,-1,-1,,,,,
28965,5320897,-1,45,4,-1,-1,-1,-1,-1,-1,40,2,297,-1,-1,-1,-1,,,,,
28972,5321809,-1,41,4,-1,-1,-1,-1,-1,-1,40,2,297,-1,-1,-1,-1,,,,,
28973,5321930,-1,1205,32,-1,-1,-1,-1,-1,-1,7,1,10,-1,-1,-1,-1,,,,,
28974,5322007,-1,1428,4,-1,-1,-1,-1,-1,-1,7,1,18,-1,-1,-1,-1,,,,,
28975,5322011,-1,62,4,-1,-1,-1,-1,-1,-1,40,2,297,-1,-1,-1,-1,,,,,
28976,5322024,-1,72,1,-1,-1,-1,-1,-1,-1,28,1,67,-1,-1,-1,-1,,,,,
28977,5322064,-1,5881,2,-1,-1,-1,-1,-1,-1,55,1,11,-1,-1,-1,-1,,,,,
28978,5322067,-1,2504,32,-1,-1,-1,-1,-1,-1,4,1,-1,-1,-1,-1,-1,,,,,
28979,5322131,-1,72,4,-1,-1,-1,-1,-1,-1,40,2,297,-1,-1,-1,-1,,,,,
28980,5322234,-1,25,1,-1,-1,-1,-1,-1,-1,15,1,12,-1,-1,-1,-1,,,,,
28982,5322589,-1,30,1,-1,-1,-1,-1,-1,-1,15,1,12,-1,-1,-1,-1,,,,,
28983,5322785,-1,51,1,-1,-1,-1,-1,-1,-1,15,1,12,-1,-1,-1,-1,,,,,
28984,5322884,-1,48,4,-1,-1,-1,-1,-1,-1,40,2,297,-1,-1,-1,-1,,,,,
28986,5323231,-1,138,1,-1,-1,-1,-1,-1,-1,15,1,12,-1,-1,-1,-1,,,,,
28987,5323251,-1,84,4,-1,-1,-1,-1,-1,-1,40,2,297,-1,-1,-1,-1,,,,,
28988,5323285,-1,86,32,-1,-1,-1,-1,-1,-1,8,1,338,-1,-1,-1,-1,,,,,
28991,5323438,-1,1650,32,-1,-1,-1,-1,-1,-1,7,1,10,-1,-1,-1,-1,,,,,
28992,5323443,-1,3365,32,-1,-1,-1,-1,-1,-1,56,1,-1,-1,-1,-1,-1,,,,,
28993,5323457,-1,126,1,-1,-1,-1,-1,-1,-1,15,1,9,-1,-1,-1,-1,,,,,
28995,5323524,-1,1865,4,-1,-1,-1,-1,-1,-1,7,1,18,-1,-1,-1,-1,,,,,
28997,5323637,-1,73,4,-1,-1,-1,-1,-1,-1,40,2,297,-1,-1,-1,-1,,,,,
28999,5323682,-1,73,4,-1,-1,-1,-1,-1,-1,15,1,19,-1,-1,-1,-1,,,,,
29000,5323713,-1,42,2,-1,-1,-1,-1,-1,-1,15,1,20,-1,-1,-1,-1,,,,,
29002,5323728,-1,43,1,-1,-1,-1,-1,-1,-1,15,1,9,-1,-1,-1,-1,,,,,
29003,5323922,-1,62,4,-1,-1,-1,-1,-1,-1,40,2,297,-1,-1,-1,-1,,,,,
29004,5323995,-1,16,1,-1,-1,-1,-1,-1,-1,15,1,12,-1,-1,-1,-1,,,,,
29005,5324015,-1,91,4,-1,-1,-1,-1,-1,-1,15,1,19,-1,-1,-1,-1,,,,,
29006,5324036,-1,313,2,-1,-1,-1,-1,-1,-1,15,1,20,-1,-1,-1,-1,,,,,
29007,5324116,-1,60,4,-1,-1,-1,-1,-1,-1,40,2,297,-1,-1,-1,-1,,,,,
29008,5324297,-1,57,4,-1,-1,-1,-1,-1,-1,40,2,297,-1,-1,-1,-1,,,,,
29010,5324576,-1,377,32,-1,-1,-1,-1,-1,-1,4,1,-1,-1,-1,-1,-1,,,,,
29011,5324646,-1,28,1,-1,-1,-1,-1,-1,-1,15,1,12,-1,-1,-1,-1,,,,,
29012,5324679,-1,1629,4,-1,-1,-1,-1,-1,-1,15,1,19,-1,-1,-1,-1,,,,,
29013,5324703,-1,1605,2,-1,-1,-1,-1,-1,-1,15,1,20,-1,-1,-1,-1,,,,,
29015,5324965,-1,2597,32,-1,-1,-1,-1,-1,-1,4,1,-1,-1,-1,-1,-1,,,,,
29016,5325104,-1,68,32,-1,-1,-1,-1,-1,-1,24,1,101,-1,-1,-1,-1,,,,,
29017,5325201,-1,20,32,-1,-1,-1,-1,-1,-1,24,1,101,-1,-1,-1,-1,,,,,
29018,5325247,-1,0,32,-1,-1,-1,-1,-1,-1,24,1,101,-1,-1,-1,-1,,,,,
29019,5325265,-1,0,8,-1,-1,-1,-1,-1,-1,24,1,101,-1,-1,-1,-1,,,,,
29021,5325455,-1,77,4,-1,-1,-1,-1,-1,-1,40,2,297,-1,-1,-1,-1,,,,,
29024,5325690,-1,41,4,-1,-1,-1,-1,-1,-1,40,2,297,-1,-1,-1,-1,,,,,
29025,5325817,-1,65,4,-1,-1,-1,-1,-1,-1,40,2,297,-1,-1,-1,-1,,,,,
29026,5326004,-1,65,4,-1,-1,-1,-1,-1,-1,40,2,297,-1,-1,-1,-1,,,,,
29027,5326083,-1,62,4,-1,-1,-1,-1,-1,-1,40,2,297,-1,-1,-1,-1,,,,,
29029,5326282,-1,24,1,-1,-1,-1,-1,-1,-1,15,1,12,-1,-1,-1,-1,,,,,
29030,5326311,-1,150,4,-1,-1,-1,-1,-1,-1,15,1,19,-1,-1,-1,-1,,,,,
29031,5326332,-1,891,2,-1,-1,-1,-1,-1,-1,15,1,20,-1,-1,-1,-1,,,,,
29032,5326404,-1,296,4,-1,-1,-1,-1,-1,-1,55,1,347,-1,-1,-1,-1,,,,,
29034,5326693,-1,37,1,-1,-1,-1,-1,-1,-1,2,1,56,-1,-1,-1,-1,,,,,
29035,5326813,-1,0,32,-1,-1,-1,-1,-1,-1,56,1,-1,-1,-1,-1,-1,,,,,
29036,5326931,-1,21,1,-1,-1,-1,-1,-1,-1,4,1,4,-1,-1,-1,-1,,,,,
29038,5327032,-1,62,1,-1,-1,-1,-1,-1,-1,15,1,12,-1,-1,-1,-1,,,,,
29040,5327095,-1,198,4,-1,-1,-1,-1,-1,-1,55,1,347,-1,-1,-1,-1,,,,,
29042,5327196,-1,25,1,-1,-1,-1,-1,-1,-1,15,1,12,-1,-1,-1,-1,,,,,
29043,5327225,-1,151,4,-1,-1,-1,-1,-1,-1,15,1,19,-1,-1,-1,-1,,,,,
29044,5327248,-1,203,2,-1,-1,-1,-1,-1,-1,15,1,20,-1,-1,-1,-1,,,,,
29045,5327314,-1,72,4,-1,-1,-1,-1,-1,-1,40,2,297,-1,-1,-1,-1,,,,,
29046,5327477,-1,18,1,-1,-1,-1,-1,-1,-1,15,1,102,-1,-1,-1,-1,,,,,
29047,5327568,-1,0,32,-1,-1,-1,-1,-1,-1,4,1,-1,-1,-1,-1,-1,,,,,
29048,5327605,-1,38,1,-1,-1,-1,-1,-1,-1,52,2,400,-1,-1,-1,-1,,,,,
29049,5327741,-1,129,4,-1,-1,-1,-1,-1,-1,40,2,297,-1,-1,-1,-1,,,,,
29050,5327743,-1,24,1,-1,-1,-1,-1,-1,-1,15,1,12,-1,-1,-1,-1,,,,,
29051,5327784,-1,152,4,-1,-1,-1,-1,-1,-1,15,1,19,-1,-1,-1,-1,,,,,
29052,5327806,-1,318,2,-1,-1,-1,-1,-1,-1,15,1,20,-1,-1,-1,-1,,,,,
29053,5327877,-1,87,4,-1,-1,-1,-1,-1,-1,40,2,297,-1,-1,-1,-1,,,,,
29054,5327954,-1,21,1,-1,-1,-1,-1,-1,-1,15,1,102,-1,-1,-1,-1,,,,,
29055,5328005,-1,70,4,-1,-1,-1,-1,-1,-1,40,2,297,-1,-1,-1,-1,,,,,
29056,5328206,-1,54,4,-1,-1,-1,-1,-1,-1,40,2,297,-1,-1,-1,-1,,,,,
29057,5328287,-1,72,4,-1,-1,-1,-1,-1,-1,40,2,297,-1,-1,-1,-1,,,,,
29059,5328497,-1,33,16,-1,-1,-1,-1,-1,-1,60,1,80,-1,-1,-1,-1,,,,,
29060,5328666,-1,78,1,-1,-1,-1,-1,-1,-1,15,1,9,-1,-1,-1,-1,,,,,
29062,5328716,-1,98,8,-1,-1,-1,-1,-1,-1,16,2,337,-1,-1,-1,-1,,,,,
29063,5328739,-1,129,8,-1,-1,-1,-1,-1,-1,16,2,387,-1,-1,-1,-1,,,,,
29065,5328779,-1,19,1,-1,-1,-1,-1,-1,-1,15,1,102,-1,-1,-1,-1,,,,,
29069,5328977,-1,15,1,-1,-1,-1,-1,-1,-1,4,1,4,-1,-1,-1,-1,,,,,
29070,5329091,-1,43,1,-1,-1,-1,-1,-1,-1,15,1,12,-1,-1,-1,-1,,,,,
29071,5329146,-1,31,1,-1,-1,-1,-1,-1,-1,15,1,12,-1,-1,-1,-1,,,,,
29072,5329167,-1,41,8,-1,-1,-1,-1,-1,-1,16,2,337,-1,-1,-1,-1,,,,,
29073,5329184,-1,0,4,-1,-1,-1,-1,-1,-1,15,1,19,-1,-1,-1,-1,,,,,
29074,5329234,-1,0,2,-1,-1,-1,-1,-1,-1,15,1,20,-1,-1,-1,-1,,,,,
29075,5329341,-1,61,8,-1,-1,-1,-1,-1,-1,16,2,387,-1,-1,-1,-1,,,,,
29076,5329391,-1,40,8,-1,-1,-1,-1,-1,-1,16,2,337,-1,-1,-1,-1,,,,,
29078,5329434,-1,75,4,-1,-1,-1,-1,-1,-1,40,2,297,-1,-1,-1,-1,,,,,
29079,5329478,-1,59,8,-1,-1,-1,-1,-1,-1,16,2,387,-1,-1,-1,-1,,,,,
29080,5329562,-1,49,8,-1,-1,-1,-1,-1,-1,16,2,337,-1,-1,-1,-1,,,,,
29081,5329589,-1,7,1,-1,-1,-1,-1,-1,-1,12,2,1,-1,-1,-1,-1,,,,,
29082,5329603,-1,19,1,-1,-1,-1,-1,-1,-1,15,1,102,-1,-1,-1,-1,,,,,
29083,5329633,-1,74,8,-1,-1,-1,-1,-1,-1,16,2,337,-1,-1,-1,-1,,,,,
29084,5329708,-1,17,1,-1,-1,-1,-1,-1,-1,12,2,1,-1,-1,-1,-1,,,,,
29085,5329730,-1,0,4,-1,-1,-1,-1,-1,-1,40,2,297,-1,-1,-1,-1,,,,,
29086,5330288,-1,2433,32,-1,-1,-1,-1,-1,-1,4,1,-1,-1,-1,-1,-1,,,,,
29089,5330555,-1,9,1,-1,-1,-1,-1,-1,-1,4,1,2,-1,-1,-1,-1,,,,,
29090,5330644,-1,146,32,-1,-1,-1,-1,-1,-1,24,1,101,-1,-1,-1,-1,,,,,
29091,5330662,-1,128,8,-1,-1,-1,-1,-1,-1,24,1,101,-1,-1,-1,-1,,,,,
29092,5330817,-1,3643,32,-1,-1,-1,-1,-1,-1,24,1,101,-1,-1,-1,-1,,,,,
29093,5330850,-1,3611,8,-1,-1,-1,-1,-1,-1,24,1,101,-1,-1,-1,-1,,,,,
29097,5332723,-1,2461,32,-1,-1,-1,-1,-1,-1,4,1,-1,-1,-1,-1,-1,,,,,
29098,5332941,-1,4,1,-1,-1,-1,-1,-1,-1,14,2,1,-1,-1,-1,-1,,,,,
29100,5333293,-1,16,1,-1,-1,-1,-1,-1,-1,40,2,1,-1,-1,-1,-1,,,,,
29102,5333384,-1,50,1,-1,-1,-1,-1,-1,-1,15,1,12,-1,-1,-1,-1,,,,,
29103,5333446,-1,30,1,-1,-1,-1,-1,-1,-1,15,1,12,-1,-1,-1,-1,,,,,
29105,5333480,-1,38,4,-1,-1,-1,-1,-1,-1,15,1,19,-1,-1,-1,-1,,,,,
29106,5333502,-1,29,2,-1,-1,-1,-1,-1,-1,15,1,20,-1,-1,-1,-1,,,,,
29107,5333568,-1,3,4,-1,-1,-1,-1,-1,-1,15,1,19,-1,-1,-1,-1,,,,,
29108,5333831,-1,43,1,-1,-1,-1,-1,-1,-1,15,1,12,-1,-1,-1,-1,,,,,
29109,5333851,-1,5,1,-1,-1,-1,-1,-1,-1,2,1,9,-1,-1,-1,-1,,,,,
29110,5333892,-1,17,1,-1,-1,-1,-1,-1,-1,15,1,12,-1,-1,-1,-1,,,,,
29111,5333913,-1,119,4,-1,-1,-1,-1,-1,-1,15,1,19,-1,-1,-1,-1,,,,,
29112,5333934,-1,100,2,-1,-1,-1,-1,-1,-1,15,1,20,-1,-1,-1,-1,,,,,
29113,5334212,-1,54,8,-1,-1,-1,-1,-1,-1,16,2,337,-1,-1,-1,-1,,,,,
29114,5334370,-1,16,1,-1,-1,-1,-1,-1,-1,4,1,4,-1,-1,-1,-1,,,,,
29115,5334679,-1,54,8,-1,-1,-1,-1,-1,-1,16,2,337,-1,-1,-1,-1,,,,,
29116,5334704,-1,199,64,-1,-1,-1,-1,-1,-1,62,2,401,-1,-1,-1,-1,,,,,
29117,5334737,-1,41,4,-1,-1,-1,-1,-1,-1,37,1,297,-1,-1,-1,-1,,,,,
29118,5334951,-1,1170,64,-1,-1,-1,-1,-1,-1,62,2,149,-1,-1,-1,-1,,,,,
29119,5335015,-1,69,8,-1,-1,-1,-1,-1,-1,16,2,337,-1,-1,-1,-1,,,,,
29120,5335114,-1,30,1,-1,-1,-1,-1,-1,-1,15,1,102,-1,-1,-1,-1,,,,,
29121,5335185,-1,2445,32,-1,-1,-1,-1,-1,-1,4,1,-1,-1,-1,-1,-1,,,,,
29122,5335221,-1,49,1,-1,-1,-1,-1,-1,-1,15,1,12,-1,-1,-1,-1,,,,,
29123,5335287,-1,22,1,-1,-1,-1,-1,-1,-1,15,1,12,-1,-1,-1,-1,,,,,
29124,5335314,-1,393,4,-1,-1,-1,-1,-1,-1,15,1,19,-1,-1,-1,-1,,,,,
29125,5335336,-1,372,2,-1,-1,-1,-1,-1,-1,15,1,20,-1,-1,-1,-1,,,,,
29126,5335834,-1,65,8,-1,-1,-1,-1,-1,-1,16,2,337,-1,-1,-1,-1,,,,,
29127,5336261,-1,68,8,-1,-1,-1,-1,-1,-1,16,2,337,-1,-1,-1,-1,,,,,
29128,5336273,-1,3313,32,-1,-1,-1,-1,-1,-1,56,1,-1,-1,-1,-1,-1,,,,,
29129,5336394,-1,69,8,-1,-1,-1,-1,-1,-1,16,2,337,-1,-1,-1,-1,,,,,
29130,5336434,-1,39,1,-1,-1,-1,-1,-1,-1,15,1,9,-1,-1,-1,-1,,,,,
29131,5336529,-1,15,1,-1,-1,-1,-1,-1,-1,4,1,4,-1,-1,-1,-1,,,,,
29132,5336705,-1,51,8,-1,-1,-1,-1,-1,-1,16,2,337,-1,-1,-1,-1,,,,,
29133,5337331,-1,66,8,-1,-1,-1,-1,-1,-1,16,2,337,-1,-1,-1,-1,,,,,
29134,5337504,-1,65,8,-1,-1,-1,-1,-1,-1,16,2,337,-1,-1,-1,-1,,,,,
29135,5337635,-1,2420,32,-1,-1,-1,-1,-1,-1,4,1,-1,-1,-1,-1,-1,,,,,
29136,5337682,-1,22,1,-1,-1,-1,-1,-1,-1,12,2,1,-1,-1,-1,-1,,,,,
29137,5337747,-1,15,1,-1,-1,-1,-1,-1,-1,12,2,1,-1,-1,-1,-1,,,,,
29138,5337817,-1,19,1,-1,-1,-1,-1,-1,-1,12,2,1,-1,-1,-1,-1,,,,,
29139,5337819,-1,66,1,-1,-1,-1,-1,-1,-1,51,1,379,-1,-1,-1,-1,,,,,
29140,5337850,-1,68,8,-1,-1,-1,-1,-1,-1,16,2,337,-1,-1,-1,-1,,,,,
29141,5337867,-1,22,1,-1,-1,-1,-1,-1,-1,12,2,1,-1,-1,-1,-1,,,,,
29142,5337913,-1,20,1,-1,-1,-1,-1,-1,-1,12,2,1,-1,-1,-1,-1,,,,,
29143,5337981,-1,158,64,-1,-1,-1,-1,-1,-1,12,2,14,-1,-1,-1,-1,,,,,
29144,5338166,-1,8085,1,-1,-1,-1,-1,-1,-1,51,1,379,-1,-1,-1,-1,,,,,
29145,5338429,-1,30,4,-1,-1,-1,-1,-1,-1,7,1,37,-1,-1,-1,-1,,,,,
29146,5338457,-1,58,8,-1,-1,-1,-1,-1,-1,16,2,337,-1,-1,-1,-1,,,,,
29147,5338516,-1,64,8,-1,-1,-1,-1,-1,-1,16,2,337,-1,-1,-1,-1,,,,,
29148,5338695,-1,1076,1,-1,-1,-1,-1,-1,-1,8,1,286,-1,-1,-1,-1,,,,,
29149,5338742,-1,69,8,-1,-1,-1,-1,-1,-1,16,2,337,-1,-1,-1,-1,,,,,
29150,5338850,-1,30,4,-1,-1,-1,-1,-1,-1,7,1,37,-1,-1,-1,-1,,,,,
29151,5338948,-1,16,1,-1,-1,-1,-1,-1,-1,4,1,4,-1,-1,-1,-1,,,,,
29152,5339102,-1,20,1,-1,-1,-1,-1,-1,-1,9,2,9,-1,-1,-1,-1,,,,,
29153,5339142,-1,68,8,-1,-1,-1,-1,-1,-1,16,2,337,-1,-1,-1,-1,,,,,
29154,5339593,-1,3355,32,-1,-1,-1,-1,-1,-1,56,1,-1,-1,-1,-1,-1,,,,,
29155,5339617,-1,36,4,-1,-1,-1,-1,-1,-1,7,1,37,-1,-1,-1,-1,,,,,
29156,5339694,-1,18,1,-1,-1,-1,-1,-1,-1,51,1,324,-1,-1,-1,-1,,,,,
29157,5339774,-1,28,4,-1,-1,-1,-1,-1,-1,7,1,37,-1,-1,-1,-1,,,,,
29158,5339786,-1,38,1,-1,-1,-1,-1,-1,-1,51,1,324,-1,-1,-1,-1,,,,,
29159,5339852,-1,9,1,-1,-1,-1,-1,-1,-1,51,1,324,-1,-1,-1,-1,,,,,
29160,5339863,-1,78,8,-1,-1,-1,-1,-1,-1,16,2,337,-1,-1,-1,-1,,,,,
29161,5339926,-1,37,1,-1,-1,-1,-1,-1,-1,51,1,324,-1,-1,-1,-1,,,,,
29162,5340065,-1,2421,32,-1,-1,-1,-1,-1,-1,4,1,-1,-1,-1,-1,-1,,,,,
29163,5340166,-1,242,1,-1,-1,-1,-1,-1,-1,8,1,286,-1,-1,-1,-1,,,,,
29164,5340372,-1,28,4,-1,-1,-1,-1,-1,-1,7,1,37,-1,-1,-1,-1,,,,,
29165,5340775,-1,20,4,-1,-1,-1,-1,-1,-1,7,1,37,-1,-1,-1,-1,,,,,
29166,5340972,-1,12,4,-1,-1,-1,-1,-1,-1,7,1,37,-1,-1,-1,-1,,,,,
29168,5341359,-1,15,1,-1,-1,-1,-1,-1,-1,4,1,4,-1,-1,-1,-1,,,,,
29170,5341657,-1,21,1,-1,-1,-1,-1,-1,-1,51,1,324,-1,-1,-1,-1,,,,,
29172,5341992,-1,21,1,-1,-1,-1,-1,-1,-1,51,1,324,-1,-1,-1,-1,,,,,
29173,5342104,-1,20,1,-1,-1,-1,-1,-1,-1,51,1,324,-1,-1,-1,-1,,,,,
29174,5342295,-1,158,1,-1,-1,-1,-1,-1,-1,51,1,324,-1,-1,-1,-1,,,,,
29178,5342477,-1,125,1,-1,-1,-1,-1,-1,-1,51,1,324,-1,-1,-1,-1,,,,,
29179,5342513,-1,20,1,-1,-1,-1,-1,-1,-1,4,1,4,-1,-1,-1,-1,,,,,
29181,5342574,-1,2385,32,-1,-1,-1,-1,-1,-1,4,1,3,-1,-1,-1,-1,,,,,
29183,5342949,-1,3300,32,-1,-1,-1,-1,-1,-1,56,1,-1,-1,-1,-1,-1,,,,,
29191,5344442,-1,421,32,-1,-1,-1,-1,-1,-1,15,1,125,-1,-1,-1,-1,,,,,
29193,5344963,-1,16,1,-1,-1,-1,-1,-1,-1,4,1,4,-1,-1,-1,-1,,,,,
29195,5345373,-1,511,32,-1,-1,-1,-1,-1,-1,15,1,365,-1,-1,-1,-1,,,,,
29201,5346007,-1,2014,64,-1,-1,-1,-1,-1,-1,4,1,-1,-1,-1,-1,-1,,,,,
29203,5346255,-1,1772,32,-1,-1,-1,-1,-1,-1,56,1,-1,-1,-1,-1,-1,,,,,
29210,5347412,-1,176,1,-1,-1,-1,-1,-1,-1,14,2,9,-1,-1,-1,-1,,,,,
29211,5347636,-1,19,1,-1,-1,-1,-1,-1,-1,12,2,1,-1,-1,-1,-1,,,,,
29213,5348030,-1,1326,128,-1,-1,-1,-1,-1,-1,23,1,-1,-1,-1,-1,-1,,,,,
29214,5349365,-1,86,128,-1,-1,-1,-1,-1,-1,12,2,-1,-1,-1,-1,-1,,,,,
29217,5350403,-1,505,32,-1,-1,-1,-1,-1,-1,15,1,365,-1,-1,-1,-1,,,,,
29218,5350476,-1,41423,64,-1,-1,-1,-1,-1,-1,4,1,3,-1,-1,-1,-1,,,,,
29225,5351446,-1,19,32,-1,-1,-1,-1,-1,-1,15,1,365,-1,-1,-1,-1,,,,,
29226,5351474,-1,493,32,-1,-1,-1,-1,-1,-1,15,1,365,-1,-1,-1,-1,,,,,
29228,5351983,-1,374,32,-1,-1,-1,-1,-1,-1,15,1,125,-1,-1,-1,-1,,,,,
29234,5352382,-1,704,64,-1,-1,-1,-1,-1,-1,15,1,365,-1,-1,-1,-1,,,,,
29243,5354689,-1,17,1,-1,-1,-1,-1,-1,-1,4,1,4,-1,-1,-1,-1,,,,,
29249,5355673,-1,16,1,-1,-1,-1,-1,-1,-1,4,1,4,-1,-1,-1,-1,,,,,
29253,5356645,-1,10,1,-1,-1,-1,-1,-1,-1,4,1,4,-1,-1,-1,-1,,,,,
29254,5356669,-1,316,16,-1,-1,-1,-1,-1,-1,51,1,380,-1,-1,-1,-1,,,,,
29260,5357149,-1,52,1,-1,-1,-1,-1,-1,-1,51,1,379,-1,-1,-1,-1,,,,,
29261,5358108,-1,13,1,-1,-1,-1,-1,-1,-1,4,1,4,-1,-1,-1,-1,,,,,
29262,5358574,-1,111,1,-1,-1,-1,-1,-1,-1,51,1,379,-1,-1,-1,-1,,,,,
29263,5359147,-1,13,1,-1,-1,-1,-1,-1,-1,4,1,4,-1,-1,-1,-1,,,,,
29264,5359244,-1,63,1,-1,-1,-1,-1,-1,-1,51,1,324,-1,-1,-1,-1,,,,,
29265,5359341,-1,303,2,-1,-1,-1,-1,-1,-1,51,1,324,-1,-1,-1,-1,,,,,
29266,5359426,-1,30,16,-1,-1,-1,-1,-1,-1,51,1,380,-1,-1,-1,-1,,,,,
29267,5359655,-1,1912,16,-1,-1,-1,-1,-1,-1,51,1,324,-1,-1,-1,-1,,,,,
29270,5361665,-1,185,4,-1,-1,-1,-1,-1,-1,51,1,324,-1,-1,-1,-1,,,,,
29271,5361877,-1,68,1,-1,-1,-1,-1,-1,-1,51,1,324,-1,-1,-1,-1,,,,,
29273,5362109,-1,202,4,-1,-1,-1,-1,-1,-1,51,1,324,-1,-1,-1,-1,,,,,
29274,5362386,-1,891,4,-1,-1,-1,-1,-1,-1,51,1,324,-1,-1,-1,-1,,,,,
29281,5363400,-1,829,16,-1,-1,-1,-1,-1,-1,51,1,324,-1,-1,-1,-1,,,,,
29345,5377182,-1,40,64,-1,-1,-1,-1,-1,-1,23,1,134,-1,-1,-1,-1,,,,,
29346,5377234,-1,14,1,-1,-1,-1,-1,-1,-1,23,1,145,-1,-1,-1,-1,,,,,
29347,5377258,-1,54,64,-1,-1,-1,-1,-1,-1,23,1,134,-1,-1,-1,-1,,,,,
29348,5377392,-1,94,64,-1,-1,-1,-1,-1,-1,23,1,134,-1,-1,-1,-1,,,,,
29351,5377640,-1,88,64,-1,-1,-1,-1,-1,-1,23,1,134,-1,-1,-1,-1,,,,,
29352,5377837,-1,82,64,-1,-1,-1,-1,-1,-1,23,1,134,-1,-1,-1,-1,,,,,
29353,5378032,-1,92,64,-1,-1,-1,-1,-1,-1,23,1,134,-1,-1,-1,-1,,,,,
29355,5378238,-1,2,64,-1,-1,-1,-1,-1,-1,23,1,134,-1,-1,-1,-1,,,,,
29356,5378269,-1,87,64,-1,-1,-1,-1,-1,-1,23,1,134,-1,-1,-1,-1,,,,,
29357,5378451,-1,396,64,-1,-1,-1,-1,-1,-1,23,1,134,-1,-1,-1,-1,,,,,
29358,5378865,-1,340,64,-1,-1,-1,-1,-1,-1,23,1,134,-1,-1,-1,-1,,,,,
29360,5379791,-1,6,64,-1,-1,-1,-1,-1,-1,23,1,134,-1,-1,-1,-1,,,,,
29361,5379823,-1,309,64,-1,-1,-1,-1,-1,-1,23,1,134,-1,-1,-1,-1,,,,,
29368,5381113,-1,13,1,-1,-1,-1,-1,-1,-1,4,1,4,-1,-1,-1,-1,,,,,
29369,5381182,-1,13,1,-1,-1,-1,-1,-1,-1,4,1,4,-1,-1,-1,-1,,,,,
29371,5381503,-1,390,64,-1,-1,-1,-1,-1,-1,23,1,134,-1,-1,-1,-1,,,,,
29372,5381901,-1,207,64,-1,-1,-1,-1,-1,-1,23,1,134,-1,-1,-1,-1,,,,,
29373,5382124,-1,134,64,-1,-1,-1,-1,-1,-1,23,1,134,-1,-1,-1,-1,,,,,
29374,5382789,-1,462,64,-1,-1,-1,-1,-1,-1,15,1,125,-1,-1,-1,-1,,,,,
29375,5383577,-1,562,64,-1,-1,-1,-1,-1,-1,15,1,125,-1,-1,-1,-1,,,,,
29376,5384223,-1,715,64,-1,-1,-1,-1,-1,-1,15,1,365,-1,-1,-1,-1,,,,,
29377,5385270,-1,14,1,-1,-1,-1,-1,-1,-1,12,2,1,-1,-1,-1,-1,,,,,
29378,5386451,-1,48,16,-1,-1,-1,-1,-1,-1,28,1,77,-1,-1,-1,-1,,,,,
29379,5386650,-1,302,4,-1,-1,-1,-1,-1,-1,55,1,347,-1,-1,-1,-1,,,,,
29388,5388194,-1,14,1,-1,-1,-1,-1,-1,-1,4,1,4,-1,-1,-1,-1,,,,,
29389,5388235,-1,490,32,-1,-1,-1,-1,-1,-1,15,1,365,-1,-1,-1,-1,,,,,
29391,5388596,-1,1981,16,-1,-1,-1,-1,-1,-1,28,1,77,-1,-1,-1,-1,,,,,
29392,5388752,-1,401,32,-1,-1,-1,-1,-1,-1,15,1,126,-1,-1,-1,-1,,,,,
29399,5389895,-1,70,4,-1,-1,-1,-1,-1,-1,40,2,297,-1,-1,-1,-1,,,,,
29401,5390145,-1,314,4,-1,-1,-1,-1,-1,-1,55,1,347,-1,-1,-1,-1,,,,,
29402,5390189,-1,66,4,-1,-1,-1,-1,-1,-1,40,2,297,-1,-1,-1,-1,,,,,
29403,5390333,-1,61,4,-1,-1,-1,-1,-1,-1,40,2,297,-1,-1,-1,-1,,,,,
29404,5390406,-1,73,4,-1,-1,-1,-1,-1,-1,40,2,297,-1,-1,-1,-1,,,,,
29406,5390543,-1,375,4,-1,-1,-1,-1,-1,-1,55,1,347,-1,-1,-1,-1,,,,,
29407,5390660,-1,484,32,-1,-1,-1,-1,-1,-1,15,1,125,-1,-1,-1,-1,,,,,
29408,5390672,-1,133,4,-1,-1,-1,-1,-1,-1,40,2,297,-1,-1,-1,-1,,,,,
29409,5390763,-1,106,8,-1,-1,-1,-1,-1,-1,16,2,337,-1,-1,-1,-1,,,,,
29410,5390806,-1,113,8,-1,-1,-1,-1,-1,-1,16,2,387,-1,-1,-1,-1,,,,,
29416,5391211,-1,15,1,-1,-1,-1,-1,-1,-1,4,1,4,-1,-1,-1,-1,,,,,
29417,5391244,-1,64,4,-1,-1,-1,-1,-1,-1,40,2,297,-1,-1,-1,-1,,,,,
29419,5391715,-1,943,64,-1,-1,-1,-1,-1,-1,15,1,365,-1,-1,-1,-1,,,,,
29420,5391912,-1,20,1,-1,-1,-1,-1,-1,-1,4,1,4,-1,-1,-1,-1,,,,,
29422,5392330,-1,2453,32,-1,-1,-1,-1,-1,-1,4,1,3,-1,-1,-1,-1,,,,,
29428,5392683,-1,667,64,-1,-1,-1,-1,-1,-1,15,1,126,-1,-1,-1,-1,,,,,
29429,5392988,-1,28,4,-1,-1,-1,-1,-1,-1,40,2,297,-1,-1,-1,-1,,,,,
29430,5393101,-1,22,1,-1,-1,-1,-1,-1,-1,9,2,9,-1,-1,-1,-1,,,,,
29432,5393131,-1,124,4,-1,-1,-1,-1,-1,-1,40,2,297,-1,-1,-1,-1,,,,,
29434,5393609,-1,2447,32,-1,-1,-1,-1,-1,-1,24,1,101,-1,-1,-1,-1,,,,,
29435,5393627,-1,2430,8,-1,-1,-1,-1,-1,-1,24,1,101,-1,-1,-1,-1,,,,,
29436,5393748,-1,20,1,-1,-1,-1,-1,-1,-1,4,1,4,-1,-1,-1,-1,,,,,
29437,5393882,-1,83,8,-1,-1,-1,-1,-1,-1,16,2,337,-1,-1,-1,-1,,,,,
29438,5393890,-1,79,8,-1,-1,-1,-1,-1,-1,16,2,387,-1,-1,-1,-1,,,,,
29441,5394024,-1,2769,4,-1,-1,-1,-1,-1,-1,38,2,402,-1,-1,-1,-1,,,,,
29445,5394234,-1,59,4,-1,-1,-1,-1,-1,-1,40,2,297,-1,-1,-1,-1,,,,,
29447,5394753,-1,88,8,-1,-1,-1,-1,-1,-1,16,2,337,-1,-1,-1,-1,,,,,
29448,5394771,-1,97,8,-1,-1,-1,-1,-1,-1,16,2,387,-1,-1,-1,-1,,,,,
29449,5394794,-1,33,1,-1,-1,-1,-1,-1,-1,4,1,4,-1,-1,-1,-1,,,,,
29450,5394868,-1,1890,32,-1,-1,-1,-1,-1,-1,4,1,3,-1,-1,-1,-1,,,,,
29451,5395027,-1,97,4,-1,-1,-1,-1,-1,-1,40,2,297,-1,-1,-1,-1,,,,,
29453,5395131,-1,657,4,-1,-1,-1,-1,-1,-1,40,2,297,-1,-1,-1,-1,,,,,
29454,5395137,-1,77,8,-1,-1,-1,-1,-1,-1,16,2,337,-1,-1,-1,-1,,,,,
29455,5395145,-1,102,8,-1,-1,-1,-1,-1,-1,16,2,387,-1,-1,-1,-1,,,,,
29461,5395805,-1,97,4,-1,-1,-1,-1,-1,-1,40,2,297,-1,-1,-1,-1,,,,,
29462,5395878,-1,35,16,-1,-1,-1,-1,-1,-1,60,1,80,-1,-1,-1,-1,,,,,
29463,5395889,-1,190,16,-1,-1,-1,-1,-1,-1,12,2,-1,-1,-1,-1,-1,,,,,
29464,5396111,-1,189,16,-1,-1,-1,-1,-1,-1,12,2,-1,-1,-1,-1,-1,,,,,
29465,5396200,-1,27,1,-1,-1,-1,-1,-1,-1,4,1,4,-1,-1,-1,-1,,,,,
29467,5396245,-1,73,8,-1,-1,-1,-1,-1,-1,16,2,337,-1,-1,-1,-1,,,,,
29468,5396270,-1,76,4,-1,-1,-1,-1,-1,-1,40,2,297,-1,-1,-1,-1,,,,,
29469,5396327,-1,328,16,-1,-1,-1,-1,-1,-1,60,1,319,-1,-1,-1,-1,,,,,
29471,5396689,-1,3,1,-1,-1,-1,-1,-1,-1,12,2,1,-1,-1,-1,-1,,,,,
29472,5396765,-1,28,4,-1,-1,-1,-1,-1,-1,40,2,297,-1,-1,-1,-1,,,,,
29473,5396767,-1,26,1,-1,-1,-1,-1,-1,-1,4,1,4,-1,-1,-1,-1,,,,,
29474,5397351,-1,77,4,-1,-1,-1,-1,-1,-1,40,2,297,-1,-1,-1,-1,,,,,
29475,5397425,-1,73,8,-1,-1,-1,-1,-1,-1,16,2,337,-1,-1,-1,-1,,,,,
29476,5397435,-1,287,8,-1,-1,-1,-1,-1,-1,16,2,387,-1,-1,-1,-1,,,,,
29477,5397442,-1,266,32,-1,-1,-1,-1,-1,-1,4,1,3,-1,-1,-1,-1,,,,,
29479,5397513,-1,884,1,-1,-1,-1,-1,-1,-1,14,2,16,-1,-1,-1,-1,,,,,
29480,5397539,-1,273,8,-1,-1,-1,-1,-1,-1,16,2,337,-1,-1,-1,-1,,,,,
29482,5397621,-1,27,1,-1,-1,-1,-1,-1,-1,4,1,4,-1,-1,-1,-1,,,,,
29483,5397660,-1,58,64,-1,-1,-1,-1,-1,-1,15,1,365,-1,-1,-1,-1,,,,,
29485,5397726,-1,421,64,-1,-1,-1,-1,-1,-1,15,1,365,-1,-1,-1,-1,,,,,
29487,5397829,-1,181,4,-1,-1,-1,-1,-1,-1,40,2,297,-1,-1,-1,-1,,,,,
29489,5397893,-1,251,32,-1,-1,-1,-1,-1,-1,4,1,3,-1,-1,-1,-1,,,,,
29490,5398108,-1,27,4,-1,-1,-1,-1,-1,-1,7,1,37,-1,-1,-1,-1,,,,,
29491,5398207,-1,64,64,-1,-1,-1,-1,-1,-1,15,1,126,-1,-1,-1,-1,,,,,
29492,5398211,-1,95,4,-1,-1,-1,-1,-1,-1,7,1,37,-1,-1,-1,-1,,,,,
29493,5398236,-1,3217,32,-1,-1,-1,-1,-1,-1,4,1,3,-1,-1,-1,-1,,,,,
29494,5398250,-1,129,1,-1,-1,-1,-1,-1,-1,55,1,347,-1,-1,-1,-1,,,,,
29495,5398324,-1,3401,32,-1,-1,-1,-1,-1,-1,56,1,-1,-1,-1,-1,-1,,,,,
29496,5398329,-1,45,1,-1,-1,-1,-1,-1,-1,55,1,347,-1,-1,-1,-1,,,,,
29497,5398359,-1,44,8,-1,-1,-1,-1,-1,-1,16,2,337,-1,-1,-1,-1,,,,,
29498,5398379,-1,24,8,-1,-1,-1,-1,-1,-1,16,2,387,-1,-1,-1,-1,,,,,
29499,5398384,-1,23,1,-1,-1,-1,-1,-1,-1,55,1,11,-1,-1,-1,-1,,,,,
29500,5398396,-1,17800,1,-1,-1,-1,-1,-1,-1,55,1,11,-1,-1,-1,-1,,,,,
29501,5398406,-1,889,1,-1,-1,-1,-1,-1,-1,55,1,11,-1,-1,-1,-1,,,,,
29502,5398425,-1,49,4,-1,-1,-1,-1,-1,-1,7,1,37,-1,-1,-1,-1,,,,,
29503,5398450,-1,82,4,-1,-1,-1,-1,-1,-1,40,2,297,-1,-1,-1,-1,,,,,
29504,5398528,-1,95,8,-1,-1,-1,-1,-1,-1,16,2,387,-1,-1,-1,-1,,,,,
29506,5398537,-1,86,8,-1,-1,-1,-1,-1,-1,16,2,337,-1,-1,-1,-1,,,,,
29507,5398735,-1,2995,32,-1,-1,-1,-1,-1,-1,24,1,101,-1,-1,-1,-1,,,,,
29508,5398757,-1,2973,8,-1,-1,-1,-1,-1,-1,24,1,101,-1,-1,-1,-1,,,,,
29510,5399016,-1,63,4,-1,-1,-1,-1,-1,-1,40,2,297,-1,-1,-1,-1,,,,,
29511,5399164,-1,20,4,-1,-1,-1,-1,-1,-1,7,1,37,-1,-1,-1,-1,,,,,
29512,5399299,-1,44039,2,-1,-1,-1,-1,-1,-1,55,1,11,-1,-1,-1,-1,,,,,
29514,5399362,-1,28,4,-1,-1,-1,-1,-1,-1,7,1,37,-1,-1,-1,-1,,,,,
29516,5399416,-1,22,4,-1,-1,-1,-1,-1,-1,7,1,37,-1,-1,-1,-1,,,,,
29517,5399450,-1,63,4,-1,-1,-1,-1,-1,-1,40,2,297,-1,-1,-1,-1,,,,,
29520,5399588,-1,83,8,-1,-1,-1,-1,-1,-1,16,2,337,-1,-1,-1,-1,,,,,
29522,5399720,-1,26,4,-1,-1,-1,-1,-1,-1,7,1,37,-1,-1,-1,-1,,,,,
29523,5399748,-1,48,4,-1,-1,-1,-1,-1,-1,40,2,297,-1,-1,-1,-1,,,,,
29524,5399829,-1,259,8,-1,-1,-1,-1,-1,-1,16,2,337,-1,-1,-1,-1,,,,,
29525,5399834,-1,192,8,-1,-1,-1,-1,-1,-1,16,2,387,-1,-1,-1,-1,,,,,
29526,5399912,-1,18,4,-1,-1,-1,-1,-1,-1,7,1,37,-1,-1,-1,-1,,,,,
29527,5400071,-1,167,8,-1,-1,-1,-1,-1,-1,16,2,387,-1,-1,-1,-1,,,,,
29529,5400105,-1,55,4,-1,-1,-1,-1,-1,-1,7,1,37,-1,-1,-1,-1,,,,,
29530,5400258,-1,74,8,-1,-1,-1,-1,-1,-1,16,2,387,-1,-1,-1,-1,,,,,
29531,5400305,-1,18,4,-1,-1,-1,-1,-1,-1,7,1,37,-1,-1,-1,-1,,,,,
29533,5400570,-1,120,8,-1,-1,-1,-1,-1,-1,16,2,337,-1,-1,-1,-1,,,,,
29534,5400576,-1,113,8,-1,-1,-1,-1,-1,-1,16,2,387,-1,-1,-1,-1,,,,,
29536,5400937,-1,77,8,-1,-1,-1,-1,-1,-1,16,2,337,-1,-1,-1,-1,,,,,
29538,5400953,-1,86,8,-1,-1,-1,-1,-1,-1,16,2,387,-1,-1,-1,-1,,,,,
29542,5401410,-1,88,8,-1,-1,-1,-1,-1,-1,16,2,337,-1,-1,-1,-1,,,,,
29543,5401423,-1,129,8,-1,-1,-1,-1,-1,-1,16,2,387,-1,-1,-1,-1,,,,,
29544,5401454,-1,20,1,-1,-1,-1,-1,-1,-1,2,1,9,-1,-1,-1,-1,,,,,
29545,5401469,-1,27,1,-1,-1,-1,-1,-1,-1,4,1,4,-1,-1,-1,-1,,,,,
29546,5401541,-1,4,16,-1,-1,-1,-1,-1,-1,60,1,319,-1,-1,-1,-1,,,,,
29547,5401594,-1,370,16,-1,-1,-1,-1,-1,-1,60,1,319,-1,-1,-1,-1,,,,,
29549,5401723,-1,52,8,-1,-1,-1,-1,-1,-1,16,2,337,-1,-1,-1,-1,,,,,
29550,5401735,-1,2000,32,-1,-1,-1,-1,-1,-1,56,1,-1,-1,-1,-1,-1,,,,,
29551,5401838,-1,82,4,-1,-1,-1,-1,-1,-1,40,2,297,-1,-1,-1,-1,,,,,
29552,5401901,-1,57,8,-1,-1,-1,-1,-1,-1,16,2,337,-1,-1,-1,-1,,,,,
29553,5401915,-1,1548,32,-1,-1,-1,-1,-1,-1,24,1,101,-1,-1,-1,-1,,,,,
29554,5401945,-1,1520,8,-1,-1,-1,-1,-1,-1,24,1,101,-1,-1,-1,-1,,,,,
29555,5402017,-1,22,1,-1,-1,-1,-1,-1,-1,4,1,4,-1,-1,-1,-1,,,,,
29557,5402207,-1,57,4,-1,-1,-1,-1,-1,-1,40,2,297,-1,-1,-1,-1,,,,,
29558,5402220,-1,88,8,-1,-1,-1,-1,-1,-1,16,2,337,-1,-1,-1,-1,,,,,
29559,5402227,-1,81,8,-1,-1,-1,-1,-1,-1,16,2,387,-1,-1,-1,-1,,,,,
29562,5402547,-1,56,8,-1,-1,-1,-1,-1,-1,16,2,337,-1,-1,-1,-1,,,,,
29566,5403113,-1,25,1,-1,-1,-1,-1,-1,-1,4,1,4,-1,-1,-1,-1,,,,,
29567,5403167,-1,62,1,-1,-1,-1,-1,-1,-1,15,1,12,-1,-1,-1,-1,,,,,
29568,5403197,-1,21,1,-1,-1,-1,-1,-1,-1,4,1,4,-1,-1,-1,-1,,,,,
29569,5403254,-1,28,1,-1,-1,-1,-1,-1,-1,15,1,12,-1,-1,-1,-1,,,,,
29570,5403260,-1,65,4,-1,-1,-1,-1,-1,-1,40,2,297,-1,-1,-1,-1,,,,,
29572,5403291,-1,132,4,-1,-1,-1,-1,-1,-1,15,1,19,-1,-1,-1,-1,,,,,
29573,5403313,-1,112,2,-1,-1,-1,-1,-1,-1,15,1,20,-1,-1,-1,-1,,,,,
29574,5403462,-1,28,16,-1,-1,-1,-1,-1,-1,60,1,319,-1,-1,-1,-1,,,,,
29575,5403472,-1,1019,32,-1,-1,-1,-1,-1,-1,4,1,3,-1,-1,-1,-1,,,,,
29576,5403533,-1,429,16,-1,-1,-1,-1,-1,-1,60,1,319,-1,-1,-1,-1,,,,,
29577,5403574,-1,86,4,-1,-1,-1,-1,-1,-1,40,2,297,-1,-1,-1,-1,,,,,
29578,5403761,-1,214,16,-1,-1,-1,-1,-1,-1,12,2,-1,-1,-1,-1,-1,,,,,
29579,5403781,-1,7243,32,-1,-1,-1,-1,-1,-1,24,1,101,-1,-1,-1,-1,,,,,
29580,5403856,-1,7168,8,-1,-1,-1,-1,-1,-1,24,1,101,-1,-1,-1,-1,,,,,
29583,5404285,-1,20,1,-1,-1,-1,-1,-1,-1,15,1,102,-1,-1,-1,-1,,,,,
29585,5404342,-1,17,1,-1,-1,-1,-1,-1,-1,15,1,102,-1,-1,-1,-1,,,,,
29588,5404474,-1,187,4,-1,-1,-1,-1,-1,-1,15,1,19,-1,-1,-1,-1,,,,,
29589,5404495,-1,170,2,-1,-1,-1,-1,-1,-1,15,1,20,-1,-1,-1,-1,,,,,
29590,5404510,-1,578,32,-1,-1,-1,-1,-1,-1,4,1,3,-1,-1,-1,-1,,,,,
29591,5404613,-1,27,32,-1,-1,-1,-1,-1,-1,30,1,76,-1,-1,-1,-1,,,,,
29592,5404700,-1,68,1,-1,-1,-1,-1,-1,-1,28,1,67,-1,-1,-1,-1,,,,,
29593,5404989,-1,58,1,-1,-1,-1,-1,-1,-1,28,1,67,-1,-1,-1,-1,,,,,
29595,5405100,-1,468,32,-1,-1,-1,-1,-1,-1,4,1,3,-1,-1,-1,-1,,,,,
29596,5405272,-1,18,1,-1,-1,-1,-1,-1,-1,15,1,102,-1,-1,-1,-1,,,,,
29597,5405396,-1,21,1,-1,-1,-1,-1,-1,-1,15,1,102,-1,-1,-1,-1,,,,,
29599,5405786,-1,166,32,-1,-1,-1,-1,-1,-1,4,1,3,-1,-1,-1,-1,,,,,
29601,5405914,-1,12,1,-1,-1,-1,-1,-1,-1,28,1,67,-1,-1,-1,-1,,,,,
29602,5405960,-1,25,1,-1,-1,-1,-1,-1,-1,4,1,4,-1,-1,-1,-1,,,,,
29604,5405989,-1,211,32,-1,-1,-1,-1,-1,-1,4,1,3,-1,-1,-1,-1,,,,,
29605,5405991,-1,44,1,-1,-1,-1,-1,-1,-1,28,1,67,-1,-1,-1,-1,,,,,
29609,5406333,-1,3520,32,-1,-1,-1,-1,-1,-1,4,1,3,-1,-1,-1,-1,,,,,
29610,5406570,-1,24,1,-1,-1,-1,-1,-1,-1,52,2,403,-1,-1,-1,-1,,,,,
29612,5406630,-1,36,1,-1,-1,-1,-1,-1,-1,52,2,404,-1,-1,-1,-1,,,,,
29613,5406690,-1,6,4,-1,-1,-1,-1,-1,-1,40,2,297,-1,-1,-1,-1,,,,,
29614,5406707,-1,361,32,-1,-1,-1,-1,-1,-1,30,1,76,-1,-1,-1,-1,,,,,
29615,5406751,-1,61,4,-1,-1,-1,-1,-1,-1,40,2,297,-1,-1,-1,-1,,,,,
29617,5407100,-1,54,4,-1,-1,-1,-1,-1,-1,40,2,297,-1,-1,-1,-1,,,,,
29618,5407221,-1,2356,16,-1,-1,-1,-1,-1,-1,28,1,77,-1,-1,-1,-1,,,,,
29623,5407629,-1,185,16,-1,-1,-1,-1,-1,-1,12,2,-1,-1,-1,-1,-1,,,,,
29625,5407822,-1,15,1,-1,-1,-1,-1,-1,-1,4,1,4,-1,-1,-1,-1,,,,,
29626,5407923,-1,65,32,-1,-1,-1,-1,-1,-1,30,1,76,-1,-1,-1,-1,,,,,
29627,5407930,-1,51,1,-1,-1,-1,-1,-1,-1,15,1,12,-1,-1,-1,-1,,,,,
29628,5407990,-1,21,1,-1,-1,-1,-1,-1,-1,15,1,12,-1,-1,-1,-1,,,,,
29629,5408030,-1,245,4,-1,-1,-1,-1,-1,-1,15,1,19,-1,-1,-1,-1,,,,,
29630,5408053,-1,217,2,-1,-1,-1,-1,-1,-1,15,1,20,-1,-1,-1,-1,,,,,
29631,5408296,-1,17,1,-1,-1,-1,-1,-1,-1,15,1,12,-1,-1,-1,-1,,,,,
29632,5408317,-1,298,4,-1,-1,-1,-1,-1,-1,15,1,19,-1,-1,-1,-1,,,,,
29633,5408339,-1,277,2,-1,-1,-1,-1,-1,-1,15,1,20,-1,-1,-1,-1,,,,,
29634,5408660,-1,32,1,-1,-1,-1,-1,-1,-1,52,2,403,-1,-1,-1,-1,,,,,
29635,5408720,-1,70,1,-1,-1,-1,-1,-1,-1,52,2,404,-1,-1,-1,-1,,,,,
29636,5408739,-1,53,8,-1,-1,-1,-1,-1,-1,16,2,337,-1,-1,-1,-1,,,,,
29637,5408793,-1,66,8,-1,-1,-1,-1,-1,-1,16,2,387,-1,-1,-1,-1,,,,,
29638,5408804,-1,127,16,-1,-1,-1,-1,-1,-1,60,1,319,-1,-1,-1,-1,,,,,
29639,5408924,-1,60,1,-1,-1,-1,-1,-1,-1,15,1,12,-1,-1,-1,-1,,,,,
29641,5408995,-1,24,1,-1,-1,-1,-1,-1,-1,15,1,12,-1,-1,-1,-1,,,,,
29643,5409024,-1,623,4,-1,-1,-1,-1,-1,-1,15,1,19,-1,-1,-1,-1,,,,,
29644,5409046,-1,602,2,-1,-1,-1,-1,-1,-1,15,1,20,-1,-1,-1,-1,,,,,
29645,5409610,-1,33,1,-1,-1,-1,-1,-1,-1,15,1,12,-1,-1,-1,-1,,,,,
29646,5409649,-1,90,4,-1,-1,-1,-1,-1,-1,15,1,19,-1,-1,-1,-1,,,,,
29647,5409670,-1,328,2,-1,-1,-1,-1,-1,-1,15,1,20,-1,-1,-1,-1,,,,,
29649,5409746,-1,228,32,-1,-1,-1,-1,-1,-1,12,2,-1,-1,-1,-1,-1,,,,,
29650,5409848,-1,87,1,-1,-1,-1,-1,-1,-1,52,2,404,-1,-1,-1,-1,,,,,
29651,5409879,-1,22529,32,-1,-1,-1,-1,-1,-1,7,1,10,-1,-1,-1,-1,,,,,
29652,5409953,-1,33382,4,-1,-1,-1,-1,-1,-1,7,1,18,-1,-1,-1,-1,,,,,
29653,5409983,-1,3664,32,-1,-1,-1,-1,-1,-1,4,1,-1,-1,-1,-1,-1,,,,,
29654,5410031,-1,30,4,-1,-1,-1,-1,-1,-1,15,1,19,-1,-1,-1,-1,,,,,
29655,5410111,-1,19,4,-1,-1,-1,-1,-1,-1,15,1,19,-1,-1,-1,-1,,,,,
29657,5410242,-1,121,16,-1,-1,-1,-1,-1,-1,60,1,319,-1,-1,-1,-1,,,,,
29658,5410400,-1,27,4,-1,-1,-1,-1,-1,-1,15,1,19,-1,-1,-1,-1,,,,,
29664,5410929,-1,22,4,-1,-1,-1,-1,-1,-1,15,1,19,-1,-1,-1,-1,,,,,
29665,5410968,-1,22,4,-1,-1,-1,-1,-1,-1,15,1,19,-1,-1,-1,-1,,,,,
29666,5411027,-1,3323,32,-1,-1,-1,-1,-1,-1,56,1,-1,-1,-1,-1,-1,,,,,
29667,5411114,-1,28,4,-1,-1,-1,-1,-1,-1,15,1,19,-1,-1,-1,-1,,,,,
29668,5411159,-1,641,4,-1,-1,-1,-1,-1,-1,15,1,19,-1,-1,-1,-1,,,,,
29669,5411180,-1,620,2,-1,-1,-1,-1,-1,-1,15,1,20,-1,-1,-1,-1,,,,,
29670,5411817,-1,105,16,-1,-1,-1,-1,-1,-1,60,1,319,-1,-1,-1,-1,,,,,
29671,5411987,-1,21,4,-1,-1,-1,-1,-1,-1,7,1,37,-1,-1,-1,-1,,,,,
29672,5412099,-1,19,1,-1,-1,-1,-1,-1,-1,4,1,4,-1,-1,-1,-1,,,,,
29678,5412622,-1,15,1,-1,-1,-1,-1,-1,-1,4,1,4,-1,-1,-1,-1,,,,,
29680,5413304,-1,41,4,-1,-1,-1,-1,-1,-1,7,1,37,-1,-1,-1,-1,,,,,
29682,5413550,-1,25,4,-1,-1,-1,-1,-1,-1,7,1,37,-1,-1,-1,-1,,,,,
29683,5413679,-1,3610,32,-1,-1,-1,-1,-1,-1,4,1,-1,-1,-1,-1,-1,,,,,
29684,5413701,-1,133,16,-1,-1,-1,-1,-1,-1,60,1,319,-1,-1,-1,-1,,,,,
29686,5414266,-1,20,4,-1,-1,-1,-1,-1,-1,7,1,37,-1,-1,-1,-1,,,,,
29687,5414355,-1,3338,32,-1,-1,-1,-1,-1,-1,56,1,-1,-1,-1,-1,-1,,,,,
29688,5414532,-1,39,1,-1,-1,-1,-1,-1,-1,15,1,12,-1,-1,-1,-1,,,,,
29689,5414547,-1,16,2,-1,-1,-1,-1,-1,-1,35,1,405,-1,-1,-1,-1,,,,,
29690,5414590,-1,18,1,-1,-1,-1,-1,-1,-1,15,1,12,-1,-1,-1,-1,,,,,
29691,5414612,-1,217,4,-1,-1,-1,-1,-1,-1,15,1,19,-1,-1,-1,-1,,,,,
29692,5414633,-1,198,2,-1,-1,-1,-1,-1,-1,15,1,20,-1,-1,-1,-1,,,,,
29693,5414678,-1,63,4,-1,-1,-1,-1,-1,-1,40,2,297,-1,-1,-1,-1,,,,,
29694,5414772,-1,25,4,-1,-1,-1,-1,-1,-1,7,1,37,-1,-1,-1,-1,,,,,
29695,5414838,-1,17,4,-1,-1,-1,-1,-1,-1,35,1,405,-1,-1,-1,-1,,,,,
29696,5415012,-1,19,1,-1,-1,-1,-1,-1,-1,4,1,4,-1,-1,-1,-1,,,,,
29697,5415016,-1,38,1,-1,-1,-1,-1,-1,-1,15,1,12,-1,-1,-1,-1,,,,,
29698,5415068,-1,19,1,-1,-1,-1,-1,-1,-1,15,1,12,-1,-1,-1,-1,,,,,
29699,5415089,-1,272,4,-1,-1,-1,-1,-1,-1,15,1,19,-1,-1,-1,-1,,,,,
29700,5415111,-1,251,2,-1,-1,-1,-1,-1,-1,15,1,20,-1,-1,-1,-1,,,,,
29701,5415457,-1,32,4,-1,-1,-1,-1,-1,-1,40,2,297,-1,-1,-1,-1,,,,,
29702,5415688,-1,38,1,-1,-1,-1,-1,-1,-1,15,1,12,-1,-1,-1,-1,,,,,
29703,5415736,-1,16,1,-1,-1,-1,-1,-1,-1,15,1,12,-1,-1,-1,-1,,,,,
29704,5415754,-1,216,4,-1,-1,-1,-1,-1,-1,15,1,19,-1,-1,-1,-1,,,,,
29705,5415775,-1,198,2,-1,-1,-1,-1,-1,-1,15,1,20,-1,-1,-1,-1,,,,,
29706,5415844,-1,39,4,-1,-1,-1,-1,-1,-1,40,2,297,-1,-1,-1,-1,,,,,
29707,5415930,-1,53,4,-1,-1,-1,-1,-1,-1,40,2,297,-1,-1,-1,-1,,,,,
29708,5416062,-1,9,4,-1,-1,-1,-1,-1,-1,35,1,405,-1,-1,-1,-1,,,,,
29709,5416381,-1,214,4,-1,-1,-1,-1,-1,-1,15,1,19,-1,-1,-1,-1,,,,,
29710,5416394,-1,263,4,-1,-1,-1,-1,-1,-1,40,2,297,-1,-1,-1,-1,,,,,
29711,5416402,-1,202,2,-1,-1,-1,-1,-1,-1,15,1,20,-1,-1,-1,-1,,,,,
29712,5416640,-1,30,4,-1,-1,-1,-1,-1,-1,7,1,37,-1,-1,-1,-1,,,,,
29713,5416707,-1,67,4,-1,-1,-1,-1,-1,-1,40,2,297,-1,-1,-1,-1,,,,,
29714,5416996,-1,81,4,-1,-1,-1,-1,-1,-1,40,2,297,-1,-1,-1,-1,,,,,
29715,5417373,-1,173,4,-1,-1,-1,-1,-1,-1,40,2,297,-1,-1,-1,-1,,,,,
29716,5417617,-1,191,4,-1,-1,-1,-1,-1,-1,40,2,297,-1,-1,-1,-1,,,,,
29717,5417670,-1,459,32,-1,-1,-1,-1,-1,-1,4,1,-1,-1,-1,-1,-1,,,,,
29718,5417704,-1,3331,32,-1,-1,-1,-1,-1,-1,56,1,-1,-1,-1,-1,-1,,,,,
29719,5417841,-1,54,8,-1,-1,-1,-1,-1,-1,16,2,337,-1,-1,-1,-1,,,,,
29720,5418039,-1,131,4,-1,-1,-1,-1,-1,-1,40,2,297,-1,-1,-1,-1,,,,,
29721,5418141,-1,73,8,-1,-1,-1,-1,-1,-1,16,2,337,-1,-1,-1,-1,,,,,
29722,5418189,-1,303,32,-1,-1,-1,-1,-1,-1,4,1,3,-1,-1,-1,-1,,,,,
29723,5418263,-1,283,4,-1,-1,-1,-1,-1,-1,40,2,297,-1,-1,-1,-1,,,,,
29724,5418270,-1,50,4,-1,-1,-1,-1,-1,-1,7,1,37,-1,-1,-1,-1,,,,,
29725,5418373,-1,13,4,-1,-1,-1,-1,-1,-1,7,1,37,-1,-1,-1,-1,,,,,
29726,5418503,-1,122,8,-1,-1,-1,-1,-1,-1,16,2,337,-1,-1,-1,-1,,,,,
29727,5418517,-1,107,8,-1,-1,-1,-1,-1,-1,16,2,387,-1,-1,-1,-1,,,,,
29728,5418534,-1,245,32,-1,-1,-1,-1,-1,-1,4,1,3,-1,-1,-1,-1,,,,,
29729,5418588,-1,79,4,-1,-1,-1,-1,-1,-1,40,2,297,-1,-1,-1,-1,,,,,
29730,5418671,-1,27,1,-1,-1,-1,-1,-1,-1,35,1,406,-1,-1,-1,-1,,,,,
29731,5418782,-1,17,1,-1,-1,-1,-1,-1,-1,4,1,4,-1,-1,-1,-1,,,,,
29732,5418808,-1,112,4,-1,-1,-1,-1,-1,-1,40,2,297,-1,-1,-1,-1,,,,,
29733,5418888,-1,178,16,-1,-1,-1,-1,-1,-1,37,1,80,-1,-1,-1,-1,,,,,
29734,5418936,-1,20,4,-1,-1,-1,-1,-1,-1,7,1,37,-1,-1,-1,-1,,,,,
29735,5419100,-1,7,1,-1,-1,-1,-1,-1,-1,4,1,2,-1,-1,-1,-1,,,,,
29736,5419118,-1,22,2,-1,-1,-1,-1,-1,-1,35,1,406,-1,-1,-1,-1,,,,,
29737,5419173,-1,3569,32,-1,-1,-1,-1,-1,-1,4,1,-1,-1,-1,-1,-1,,,,,
29738,5419229,-1,46,1,-1,-1,-1,-1,-1,-1,15,1,12,-1,-1,-1,-1,,,,,
29739,5419272,-1,33,4,-1,-1,-1,-1,-1,-1,35,1,406,-1,-1,-1,-1,,,,,
29740,5419275,-1,120,4,-1,-1,-1,-1,-1,-1,40,2,297,-1,-1,-1,-1,,,,,
29741,5419298,-1,25,1,-1,-1,-1,-1,-1,-1,15,1,12,-1,-1,-1,-1,,,,,
29742,5419327,-1,289,4,-1,-1,-1,-1,-1,-1,15,1,19,-1,-1,-1,-1,,,,,
29743,5419349,-1,267,2,-1,-1,-1,-1,-1,-1,15,1,20,-1,-1,-1,-1,,,,,
29744,5419433,-1,25,4,-1,-1,-1,-1,-1,-1,7,1,37,-1,-1,-1,-1,,,,,
29745,5419466,-1,181,16,-1,-1,-1,-1,-1,-1,37,1,80,-1,-1,-1,-1,,,,,
29746,5419504,-1,70,4,-1,-1,-1,-1,-1,-1,40,2,297,-1,-1,-1,-1,,,,,
29747,5419776,-1,39,1,-1,-1,-1,-1,-1,-1,15,1,12,-1,-1,-1,-1,,,,,
29748,5419801,-1,603,4,-1,-1,-1,-1,-1,-1,40,2,297,-1,-1,-1,-1,,,,,
29749,5419825,-1,25,1,-1,-1,-1,-1,-1,-1,15,1,12,-1,-1,-1,-1,,,,,
29750,5419853,-1,203,4,-1,-1,-1,-1,-1,-1,15,1,19,-1,-1,-1,-1,,,,,
29751,5419875,-1,183,2,-1,-1,-1,-1,-1,-1,15,1,20,-1,-1,-1,-1,,,,,
29752,5419959,-1,144,16,-1,-1,-1,-1,-1,-1,37,1,80,-1,-1,-1,-1,,,,,
29753,5420357,-1,24,4,-1,-1,-1,-1,-1,-1,7,1,37,-1,-1,-1,-1,,,,,
29754,5420462,-1,61,4,-1,-1,-1,-1,-1,-1,40,2,297,-1,-1,-1,-1,,,,,
29755,5420526,-1,13,1,-1,-1,-1,-1,-1,-1,4,1,4,-1,-1,-1,-1,,,,,
29756,5420709,-1,71,4,-1,-1,-1,-1,-1,-1,40,2,297,-1,-1,-1,-1,,,,,
29757,5421114,-1,24,1,-1,-1,-1,-1,-1,-1,15,1,12,-1,-1,-1,-1,,,,,
29758,5421122,-1,1885,4,-1,-1,-1,-1,-1,-1,40,2,297,-1,-1,-1,-1,,,,,
29759,5421150,-1,284,4,-1,-1,-1,-1,-1,-1,15,1,19,-1,-1,-1,-1,,,,,
29760,5421176,-1,260,2,-1,-1,-1,-1,-1,-1,15,1,20,-1,-1,-1,-1,,,,,
29761,5421295,-1,26,4,-1,-1,-1,-1,-1,-1,7,1,37,-1,-1,-1,-1,,,,,
29762,5421465,-1,13,4,-1,-1,-1,-1,-1,-1,7,1,37,-1,-1,-1,-1,,,,,
29763,5422009,-1,19,4,-1,-1,-1,-1,-1,-1,7,1,37,-1,-1,-1,-1,,,,,
29764,5422558,-1,19,4,-1,-1,-1,-1,-1,-1,7,1,37,-1,-1,-1,-1,,,,,
29765,5423611,-1,9170,32,-1,-1,-1,-1,-1,-1,4,1,3,-1,-1,-1,-1,,,,,
29766,5423977,-1,17,4,-1,-1,-1,-1,-1,-1,7,1,37,-1,-1,-1,-1,,,,,
29767,5425426,-1,18,4,-1,-1,-1,-1,-1,-1,7,1,37,-1,-1,-1,-1,,,,,
29768,5425506,-1,18,1,-1,-1,-1,-1,-1,-1,9,2,9,-1,-1,-1,-1,,,,,
29769,5425519,-1,19,4,-1,-1,-1,-1,-1,-1,7,1,37,-1,-1,-1,-1,,,,,
29770,5425537,-1,17,1,-1,-1,-1,-1,-1,-1,12,2,1,-1,-1,-1,-1,,,,,
29771,5426443,-1,17,4,-1,-1,-1,-1,-1,-1,7,1,37,-1,-1,-1,-1,,,,,
29772,5426531,-1,17,4,-1,-1,-1,-1,-1,-1,7,1,37,-1,-1,-1,-1,,,,,
29773,5432406,-1,10924,16,-1,-1,-1,-1,-1,-1,28,1,-1,-1,-1,-1,-1,,,,,
29774,5432417,-1,10779,64,-1,-1,-1,-1,-1,-1,4,1,-1,-1,-1,-1,-1,,,,,
29775,5432785,-1,7,1,-1,-1,-1,-1,-1,-1,4,1,4,-1,-1,-1,-1,,,,,
29776,5433186,-1,39,1,-1,-1,-1,-1,-1,-1,15,1,12,-1,-1,-1,-1,,,,,
29777,5433236,-1,26,1,-1,-1,-1,-1,-1,-1,15,1,12,-1,-1,-1,-1,,,,,
29778,5433266,-1,12,4,-1,-1,-1,-1,-1,-1,15,1,19,-1,-1,-1,-1,,,,,
29779,5433337,-1,17,1,-1,-1,-1,-1,-1,-1,15,1,12,-1,-1,-1,-1,,,,,
29780,5433358,-1,109,4,-1,-1,-1,-1,-1,-1,15,1,19,-1,-1,-1,-1,,,,,
29781,5433380,-1,139,2,-1,-1,-1,-1,-1,-1,15,1,20,-1,-1,-1,-1,,,,,
29782,5434130,-1,111,4,-1,-1,-1,-1,-1,-1,15,1,19,-1,-1,-1,-1,,,,,
29783,5434156,-1,135,2,-1,-1,-1,-1,-1,-1,15,1,20,-1,-1,-1,-1,,,,,
29784,5434361,-1,125,4,-1,-1,-1,-1,-1,-1,15,1,19,-1,-1,-1,-1,,,,,
29785,5434382,-1,105,2,-1,-1,-1,-1,-1,-1,15,1,20,-1,-1,-1,-1,,,,,
29786,5435713,-1,38,1,-1,-1,-1,-1,-1,-1,15,1,12,-1,-1,-1,-1,,,,,
29787,5435764,-1,20,1,-1,-1,-1,-1,-1,-1,15,1,12,-1,-1,-1,-1,,,,,
29788,5435788,-1,611,4,-1,-1,-1,-1,-1,-1,15,1,19,-1,-1,-1,-1,,,,,
29789,5435810,-1,588,2,-1,-1,-1,-1,-1,-1,15,1,20,-1,-1,-1,-1,,,,,
29790,5436291,-1,20,1,-1,-1,-1,-1,-1,-1,15,1,102,-1,-1,-1,-1,,,,,
29791,5436379,-1,16,1,-1,-1,-1,-1,-1,-1,15,1,102,-1,-1,-1,-1,,,,,
29792,5436453,-1,197,4,-1,-1,-1,-1,-1,-1,15,1,19,-1,-1,-1,-1,,,,,
29793,5436475,-1,177,2,-1,-1,-1,-1,-1,-1,15,1,20,-1,-1,-1,-1,,,,,
29794,5436598,-1,17,1,-1,-1,-1,-1,-1,-1,15,1,102,-1,-1,-1,-1,,,,,
29795,5437565,-1,37,1,-1,-1,-1,-1,-1,-1,15,1,12,-1,-1,-1,-1,,,,,
29796,5437610,-1,19,1,-1,-1,-1,-1,-1,-1,15,1,12,-1,-1,-1,-1,,,,,
29797,5437632,-1,301,4,-1,-1,-1,-1,-1,-1,15,1,19,-1,-1,-1,-1,,,,,
29798,5437653,-1,282,2,-1,-1,-1,-1,-1,-1,15,1,20,-1,-1,-1,-1,,,,,
29799,5438714,-1,37,1,-1,-1,-1,-1,-1,-1,15,1,12,-1,-1,-1,-1,,,,,
29800,5438763,-1,17,1,-1,-1,-1,-1,-1,-1,15,1,12,-1,-1,-1,-1,,,,,
29801,5438783,-1,220,4,-1,-1,-1,-1,-1,-1,15,1,19,-1,-1,-1,-1,,,,,
29802,5438808,-1,194,2,-1,-1,-1,-1,-1,-1,15,1,20,-1,-1,-1,-1,,,,,
29803,5439104,-1,35,1,-1,-1,-1,-1,-1,-1,15,1,12,-1,-1,-1,-1,,,,,
29804,5439149,-1,18,1,-1,-1,-1,-1,-1,-1,15,1,12,-1,-1,-1,-1,,,,,
29805,5439169,-1,301,4,-1,-1,-1,-1,-1,-1,15,1,19,-1,-1,-1,-1,,,,,
29806,5439191,-1,282,2,-1,-1,-1,-1,-1,-1,15,1,20,-1,-1,-1,-1,,,,,
29807,5443316,-1,13,1,-1,-1,-1,-1,-1,-1,4,1,2,-1,-1,-1,-1,,,,,
29808,5443345,-1,103,128,-1,-1,-1,-1,-1,-1,12,2,-1,-1,-1,-1,-1,,,,,
29809,5443452,-1,9654,128,-1,-1,-1,-1,-1,-1,2,1,-1,-1,-1,-1,-1,,,,,
29810,5453109,-1,46,128,-1,-1,-1,-1,-1,-1,61,1,-1,-1,-1,-1,-1,,,,,
29811,5453161,-1,202,128,-1,-1,-1,-1,-1,-1,23,1,-1,-1,-1,-1,-1,,,,,
29812,5453370,-1,6892,64,-1,-1,-1,-1,-1,-1,18,1,-1,-1,-1,-1,-1,,,,,
29813,5453373,-1,10800,64,-1,-1,-1,-1,-1,-1,4,1,-1,-1,-1,-1,-1,,,,,
29847,5463295,-1,211,8,-1,-1,-1,-1,-1,-1,28,1,67,-1,-1,-1,-1,,,,,
29850,5464232,-1,465,32,-1,-1,-1,-1,-1,-1,28,1,-1,-1,-1,-1,-1,,,,,
29852,5464709,-1,27,32,-1,-1,-1,-1,-1,-1,28,1,-1,-1,-1,-1,-1,,,,,
29854,5464772,-1,2332,32,-1,-1,-1,-1,-1,-1,28,1,-1,-1,-1,-1,-1,,,,,
29864,5466859,-1,40,64,-1,-1,-1,-1,-1,-1,15,1,126,-1,-1,-1,-1,,,,,
29866,5467292,-1,16,8,-1,-1,-1,-1,-1,-1,28,1,67,-1,-1,-1,-1,,,,,
29867,5467400,-1,41,8,-1,-1,-1,-1,-1,-1,28,1,393,-1,-1,-1,-1,,,,,
29869,5467586,-1,42,64,-1,-1,-1,-1,-1,-1,15,1,126,-1,-1,-1,-1,,,,,
29870,5467635,-1,507,64,-1,-1,-1,-1,-1,-1,15,1,126,-1,-1,-1,-1,,,,,
29875,5468335,-1,374,64,-1,-1,-1,-1,-1,-1,15,1,126,-1,-1,-1,-1,,,,,
29877,5468840,-1,964,64,-1,-1,-1,-1,-1,-1,15,1,126,-1,-1,-1,-1,,,,,
29885,5471303,-1,3703,2,-1,-1,-1,-1,-1,-1,55,1,11,-1,-1,-1,-1,,,,,
29890,5471908,-1,3724,32,-1,-1,-1,-1,-1,-1,28,1,-1,-1,-1,-1,-1,,,,,
29892,5472168,-1,203,32,-1,-1,-1,-1,-1,-1,30,1,76,-1,-1,-1,-1,,,,,
29893,5472246,-1,3625,32,-1,-1,-1,-1,-1,-1,4,1,-1,-1,-1,-1,-1,,,,,
29894,5472322,-1,34,1,-1,-1,-1,-1,-1,-1,4,1,2,-1,-1,-1,-1,,,,,
29895,5472447,-1,207,32,-1,-1,-1,-1,-1,-1,30,1,76,-1,-1,-1,-1,,,,,
29901,5473413,-1,466,8,-1,-1,-1,-1,-1,-1,55,1,347,-1,-1,-1,-1,,,,,
29903,5473893,-1,240,4,-1,-1,-1,-1,-1,-1,55,1,347,-1,-1,-1,-1,,,,,
29904,5474376,-1,447,32,-1,-1,-1,-1,-1,-1,57,1,361,-1,-1,-1,-1,,,,,
29908,5474911,-1,203,32,-1,-1,-1,-1,-1,-1,30,1,76,-1,-1,-1,-1,,,,,
29909,5474925,-1,280,4,-1,-1,-1,-1,-1,-1,55,1,347,-1,-1,-1,-1,,,,,
29913,5475687,-1,30082,4,-1,-1,-1,-1,-1,-1,55,1,11,-1,-1,-1,-1,,,,,
29914,5475870,-1,3589,32,-1,-1,-1,-1,-1,-1,4,1,-1,-1,-1,-1,-1,,,,,
29916,5476240,-1,189,16,-1,-1,-1,-1,-1,-1,12,2,-1,-1,-1,-1,-1,,,,,
29917,5476297,-1,15,1,-1,-1,-1,-1,-1,-1,12,2,1,-1,-1,-1,-1,,,,,
29919,5476555,-1,3726,32,-1,-1,-1,-1,-1,-1,28,1,-1,-1,-1,-1,-1,,,,,
29923,5476714,-1,5,1,-1,-1,-1,-1,-1,-1,2,1,9,-1,-1,-1,-1,,,,,
29925,5476909,-1,53,4,-1,-1,-1,-1,-1,-1,40,2,297,-1,-1,-1,-1,,,,,
29926,5477534,-1,404,4,-1,-1,-1,-1,-1,-1,40,2,297,-1,-1,-1,-1,,,,,
29927,5478063,-1,249,4,-1,-1,-1,-1,-1,-1,40,2,297,-1,-1,-1,-1,,,,,
29928,5478373,-1,29,4,-1,-1,-1,-1,-1,-1,40,2,297,-1,-1,-1,-1,,,,,
29929,5478440,-1,76,4,-1,-1,-1,-1,-1,-1,40,2,297,-1,-1,-1,-1,,,,,
29930,5478603,-1,58,4,-1,-1,-1,-1,-1,-1,40,2,297,-1,-1,-1,-1,,,,,
29931,5478703,-1,52,4,-1,-1,-1,-1,-1,-1,40,2,297,-1,-1,-1,-1,,,,,
29932,5478760,-1,106,1,-1,-1,-1,-1,-1,-1,40,2,140,-1,-1,-1,-1,,,,,
29933,5478868,-1,344,1,-1,-1,-1,-1,-1,-1,40,2,140,-1,-1,-1,-1,,,,,
29934,5479464,-1,3576,32,-1,-1,-1,-1,-1,-1,4,1,-1,-1,-1,-1,-1,,,,,
29935,5479512,-1,19,1,-1,-1,-1,-1,-1,-1,9,2,9,-1,-1,-1,-1,,,,,
29936,5479599,-1,117,4,-1,-1,-1,-1,-1,-1,40,2,297,-1,-1,-1,-1,,,,,
29937,5479646,-1,44,4,-1,-1,-1,-1,-1,-1,8,1,338,-1,-1,-1,-1,,,,,
29938,5479967,-1,65,4,-1,-1,-1,-1,-1,-1,40,2,297,-1,-1,-1,-1,,,,,
29939,5480030,-1,265,4,-1,-1,-1,-1,-1,-1,8,1,338,-1,-1,-1,-1,,,,,
29940,5480034,-1,429,16,-1,-1,-1,-1,-1,-1,60,1,80,-1,-1,-1,-1,,,,,
29941,5480337,-1,114,4,-1,-1,-1,-1,-1,-1,8,1,338,-1,-1,-1,-1,,,,,
29942,5480395,-1,262,4,-1,-1,-1,-1,-1,-1,40,2,297,-1,-1,-1,-1,,,,,
29943,5480473,-1,48,4,-1,-1,-1,-1,-1,-1,8,1,338,-1,-1,-1,-1,,,,,
29944,5480588,-1,101,16,-1,-1,-1,-1,-1,-1,60,1,80,-1,-1,-1,-1,,,,,
29945,5480710,-1,85,4,-1,-1,-1,-1,-1,-1,40,2,297,-1,-1,-1,-1,,,,,
29946,5481047,-1,23,2,-1,-1,-1,-1,-1,-1,35,1,406,-1,-1,-1,-1,,,,,
29947,5481107,-1,24,4,-1,-1,-1,-1,-1,-1,35,1,406,-1,-1,-1,-1,,,,,
29948,5481683,-1,15,1,-1,-1,-1,-1,-1,-1,4,1,4,-1,-1,-1,-1,,,,,
29949,5482106,-1,259,4,-1,-1,-1,-1,-1,-1,40,2,297,-1,-1,-1,-1,,,,,
29950,5482191,-1,47,1,-1,-1,-1,-1,-1,-1,12,2,140,-1,-1,-1,-1,,,,,
29951,5482274,-1,13,4,-1,-1,-1,-1,-1,-1,35,1,405,-1,-1,-1,-1,,,,,
29952,5482309,-1,87,1,-1,-1,-1,-1,-1,-1,12,2,140,-1,-1,-1,-1,,,,,
29953,5482385,-1,218,32,-1,-1,-1,-1,-1,-1,12,2,-1,-1,-1,-1,-1,,,,,
29954,5482828,-1,123,4,-1,-1,-1,-1,-1,-1,40,2,297,-1,-1,-1,-1,,,,,
29955,5482880,-1,120,1,-1,-1,-1,-1,-1,-1,12,2,140,-1,-1,-1,-1,,,,,
29956,5482911,-1,313,4,-1,-1,-1,-1,-1,-1,15,1,19,-1,-1,-1,-1,,,,,
29957,5482932,-1,295,2,-1,-1,-1,-1,-1,-1,15,1,20,-1,-1,-1,-1,,,,,
29958,5483042,-1,3584,32,-1,-1,-1,-1,-1,-1,4,1,-1,-1,-1,-1,-1,,,,,
29959,5483043,-1,153,1,-1,-1,-1,-1,-1,-1,12,2,140,-1,-1,-1,-1,,,,,
29960,5483212,-1,121,1,-1,-1,-1,-1,-1,-1,12,2,140,-1,-1,-1,-1,,,,,
29961,5483253,-1,67,1,-1,-1,-1,-1,-1,-1,12,2,140,-1,-1,-1,-1,,,,,
29962,5483263,-1,73,1,-1,-1,-1,-1,-1,-1,52,2,407,-1,-1,-1,-1,,,,,
29963,5483528,-1,64,1,-1,-1,-1,-1,-1,-1,15,1,12,-1,-1,-1,-1,,,,,
29964,5483535,-1,110,1,-1,-1,-1,-1,-1,-1,52,2,407,-1,-1,-1,-1,,,,,
29965,5483604,-1,24,1,-1,-1,-1,-1,-1,-1,15,1,12,-1,-1,-1,-1,,,,,
29966,5483635,-1,192,4,-1,-1,-1,-1,-1,-1,15,1,19,-1,-1,-1,-1,,,,,
29967,5483656,-1,171,2,-1,-1,-1,-1,-1,-1,15,1,20,-1,-1,-1,-1,,,,,
29968,5483723,-1,14,1,-1,-1,-1,-1,-1,-1,4,1,2,-1,-1,-1,-1,,,,,
29969,5483751,-1,94,1,-1,-1,-1,-1,-1,-1,52,2,407,-1,-1,-1,-1,,,,,
29970,5483804,-1,20,1,-1,-1,-1,-1,-1,-1,4,1,4,-1,-1,-1,-1,,,,,
29971,5483811,-1,171,16,-1,-1,-1,-1,-1,-1,37,1,80,-1,-1,-1,-1,,,,,
29972,5483911,-1,71,1,-1,-1,-1,-1,-1,-1,15,1,12,-1,-1,-1,-1,,,,,
29973,5483994,-1,18,1,-1,-1,-1,-1,-1,-1,15,1,12,-1,-1,-1,-1,,,,,
29974,5484017,-1,300,4,-1,-1,-1,-1,-1,-1,15,1,19,-1,-1,-1,-1,,,,,
29975,5484039,-1,280,2,-1,-1,-1,-1,-1,-1,15,1,20,-1,-1,-1,-1,,,,,
29976,5484842,-1,164,4,-1,-1,-1,-1,-1,-1,40,2,297,-1,-1,-1,-1,,,,,
29977,5485146,-1,126,4,-1,-1,-1,-1,-1,-1,40,2,297,-1,-1,-1,-1,,,,,
29978,5485202,-1,149,16,-1,-1,-1,-1,-1,-1,37,1,80,-1,-1,-1,-1,,,,,
29979,5485328,-1,3236,32,-1,-1,-1,-1,-1,-1,28,1,-1,-1,-1,-1,-1,,,,,
29980,5485540,-1,29,4,-1,-1,-1,-1,-1,-1,40,2,297,-1,-1,-1,-1,,,,,
29981,5485581,-1,41,4,-1,-1,-1,-1,-1,-1,40,2,297,-1,-1,-1,-1,,,,,
29982,5485665,-1,2013,4,-1,-1,-1,-1,-1,-1,40,2,297,-1,-1,-1,-1,,,,,
29983,5486632,-1,3565,32,-1,-1,-1,-1,-1,-1,4,1,-1,-1,-1,-1,-1,,,,,
29984,5487046,-1,51,1,-1,-1,-1,-1,-1,-1,15,1,12,-1,-1,-1,-1,,,,,
29985,5487112,-1,19,1,-1,-1,-1,-1,-1,-1,15,1,12,-1,-1,-1,-1,,,,,
29986,5487137,-1,305,4,-1,-1,-1,-1,-1,-1,15,1,19,-1,-1,-1,-1,,,,,
29987,5487158,-1,286,2,-1,-1,-1,-1,-1,-1,15,1,20,-1,-1,-1,-1,,,,,
29988,5488104,-1,133,4,-1,-1,-1,-1,-1,-1,40,2,297,-1,-1,-1,-1,,,,,
29989,5488307,-1,55,4,-1,-1,-1,-1,-1,-1,40,2,297,-1,-1,-1,-1,,,,,
29990,5488601,-1,185,16,-1,-1,-1,-1,-1,-1,28,1,67,-1,-1,-1,-1,,,,,
29991,5488857,-1,129,16,-1,-1,-1,-1,-1,-1,28,1,67,-1,-1,-1,-1,,,,,
29992,5489031,-1,134,16,-1,-1,-1,-1,-1,-1,28,1,67,-1,-1,-1,-1,,,,,
29993,5489121,-1,218,32,-1,-1,-1,-1,-1,-1,12,2,-1,-1,-1,-1,-1,,,,,
29994,5489202,-1,143,16,-1,-1,-1,-1,-1,-1,28,1,67,-1,-1,-1,-1,,,,,
29995,5489379,-1,63,16,-1,-1,-1,-1,-1,-1,28,1,67,-1,-1,-1,-1,,,,,
29996,5489472,-1,52,16,-1,-1,-1,-1,-1,-1,28,1,67,-1,-1,-1,-1,,,,,
29997,5489548,-1,45,16,-1,-1,-1,-1,-1,-1,28,1,67,-1,-1,-1,-1,,,,,
29998,5490094,-1,38,1,-1,-1,-1,-1,-1,-1,15,1,12,-1,-1,-1,-1,,,,,
29999,5490143,-1,23,1,-1,-1,-1,-1,-1,-1,15,1,12,-1,-1,-1,-1,,,,,
30000,5490171,-1,1328,4,-1,-1,-1,-1,-1,-1,15,1,19,-1,-1,-1,-1,,,,,
30001,5490194,-1,1306,2,-1,-1,-1,-1,-1,-1,15,1,20,-1,-1,-1,-1,,,,,
30002,5490195,-1,3618,32,-1,-1,-1,-1,-1,-1,4,1,-1,-1,-1,-1,-1,,,,,
30003,5490701,-1,58,16,-1,-1,-1,-1,-1,-1,28,1,67,-1,-1,-1,-1,,,,,
30004,5490708,-1,131,16,-1,-1,-1,-1,-1,-1,37,1,80,-1,-1,-1,-1,,,,,
30005,5490902,-1,35,16,-1,-1,-1,-1,-1,-1,28,1,67,-1,-1,-1,-1,,,,,
30006,5490950,-1,48,16,-1,-1,-1,-1,-1,-1,28,1,67,-1,-1,-1,-1,,,,,
30007,5491193,-1,3723,32,-1,-1,-1,-1,-1,-1,28,1,-1,-1,-1,-1,-1,,,,,
30008,5491660,-1,19,1,-1,-1,-1,-1,-1,-1,4,1,4,-1,-1,-1,-1,,,,,
30009,5492110,-1,42,1,-1,-1,-1,-1,-1,-1,15,1,12,-1,-1,-1,-1,,,,,
30010,5492167,-1,19,1,-1,-1,-1,-1,-1,-1,15,1,12,-1,-1,-1,-1,,,,,
30011,5492191,-1,492,4,-1,-1,-1,-1,-1,-1,15,1,19,-1,-1,-1,-1,,,,,
30012,5492212,-1,473,2,-1,-1,-1,-1,-1,-1,15,1,20,-1,-1,-1,-1,,,,,
30013,5492774,-1,59,4,-1,-1,-1,-1,-1,-1,40,2,297,-1,-1,-1,-1,,,,,
30014,5493155,-1,36,1,-1,-1,-1,-1,-1,-1,15,1,12,-1,-1,-1,-1,,,,,
30015,5493240,-1,16,1,-1,-1,-1,-1,-1,-1,15,1,12,-1,-1,-1,-1,,,,,
30016,5493266,-1,306,4,-1,-1,-1,-1,-1,-1,15,1,19,-1,-1,-1,-1,,,,,
30017,5493287,-1,287,2,-1,-1,-1,-1,-1,-1,15,1,20,-1,-1,-1,-1,,,,,
30018,5493699,-1,53,4,-1,-1,-1,-1,-1,-1,40,2,297,-1,-1,-1,-1,,,,,
30019,5493823,-1,3273,32,-1,-1,-1,-1,-1,-1,56,1,-1,-1,-1,-1,-1,,,,,
30020,5493974,-1,61,4,-1,-1,-1,-1,-1,-1,40,2,297,-1,-1,-1,-1,,,,,
30021,5494133,-1,62,1,-1,-1,-1,-1,-1,-1,52,2,407,-1,-1,-1,-1,,,,,
30022,5494326,-1,59,1,-1,-1,-1,-1,-1,-1,52,2,407,-1,-1,-1,-1,,,,,
30023,5494640,-1,73,1,-1,-1,-1,-1,-1,-1,52,2,407,-1,-1,-1,-1,,,,,
30024,5494806,-1,57,4,-1,-1,-1,-1,-1,-1,40,2,297,-1,-1,-1,-1,,,,,
30025,5494930,-1,2596,32,-1,-1,-1,-1,-1,-1,4,1,-1,-1,-1,-1,-1,,,,,
30026,5495231,-1,56,4,-1,-1,-1,-1,-1,-1,40,2,297,-1,-1,-1,-1,,,,,
30027,5495924,-1,130,32,-1,-1,-1,-1,-1,-1,23,1,134,-1,-1,-1,-1,,,,,
30028,5495964,-1,132,2,-1,-1,-1,-1,-1,-1,12,2,90,-1,-1,-1,-1,,,,,
30029,5495994,-1,104,2,-1,-1,-1,-1,-1,-1,12,2,49,-1,-1,-1,-1,,,,,
30030,5496022,-1,78,2,-1,-1,-1,-1,-1,-1,12,2,50,-1,-1,-1,-1,,,,,
30031,5496164,-1,360,32,-1,-1,-1,-1,-1,-1,23,1,134,-1,-1,-1,-1,,,,,
30032,5496234,-1,57,4,-1,-1,-1,-1,-1,-1,40,2,297,-1,-1,-1,-1,,,,,
30033,5496603,-1,61,4,-1,-1,-1,-1,-1,-1,40,2,297,-1,-1,-1,-1,,,,,
30034,5497013,-1,20,1,-1,-1,-1,-1,-1,-1,12,2,1,-1,-1,-1,-1,,,,,
30035,5497059,-1,16,1,-1,-1,-1,-1,-1,-1,12,2,1,-1,-1,-1,-1,,,,,
30036,5497102,-1,50,32,-1,-1,-1,-1,-1,-1,56,1,-1,-1,-1,-1,-1,,,,,
30037,5497107,-1,16,1,-1,-1,-1,-1,-1,-1,12,2,1,-1,-1,-1,-1,,,,,
30038,5497148,-1,24,1,-1,-1,-1,-1,-1,-1,12,2,1,-1,-1,-1,-1,,,,,
30039,5497157,-1,38,32,-1,-1,-1,-1,-1,-1,56,1,-1,-1,-1,-1,-1,,,,,
30040,5497205,-1,36,32,-1,-1,-1,-1,-1,-1,56,1,-1,-1,-1,-1,-1,,,,,
30041,5497225,-1,94,16,-1,-1,-1,-1,-1,-1,60,1,80,-1,-1,-1,-1,,,,,
30042,5497245,-1,47,32,-1,-1,-1,-1,-1,-1,56,1,-1,-1,-1,-1,-1,,,,,
30043,5497298,-1,43,32,-1,-1,-1,-1,-1,-1,56,1,-1,-1,-1,-1,-1,,,,,
30044,5497344,-1,87,32,-1,-1,-1,-1,-1,-1,23,1,134,-1,-1,-1,-1,,,,,
30045,5497348,-1,9,1,-1,-1,-1,-1,-1,-1,12,2,145,-1,-1,-1,-1,,,,,
30046,5497397,-1,80,1,-1,-1,-1,-1,-1,-1,15,1,12,-1,-1,-1,-1,,,,,
30047,5497493,-1,96,32,-1,-1,-1,-1,-1,-1,23,1,134,-1,-1,-1,-1,,,,,
30048,5497535,-1,3560,32,-1,-1,-1,-1,-1,-1,4,1,-1,-1,-1,-1,-1,,,,,
30049,5497639,-1,312,4,-1,-1,-1,-1,-1,-1,15,1,19,-1,-1,-1,-1,,,,,
30050,5497662,-1,294,2,-1,-1,-1,-1,-1,-1,15,1,20,-1,-1,-1,-1,,,,,
30051,5497683,-1,36,32,-1,-1,-1,-1,-1,-1,23,1,134,-1,-1,-1,-1,,,,,
30052,5497733,-1,30,1,-1,-1,-1,-1,-1,-1,12,2,1,-1,-1,-1,-1,,,,,
30053,5497753,-1,78,32,-1,-1,-1,-1,-1,-1,23,1,134,-1,-1,-1,-1,,,,,
30054,5497756,-1,55,4,-1,-1,-1,-1,-1,-1,40,2,297,-1,-1,-1,-1,,,,,
30055,5497900,-1,93,16,-1,-1,-1,-1,-1,-1,60,1,80,-1,-1,-1,-1,,,,,
30056,5498159,-1,221,4,-1,-1,-1,-1,-1,-1,15,1,19,-1,-1,-1,-1,,,,,
30057,5498168,-1,20,32,-1,-1,-1,-1,-1,-1,23,1,134,-1,-1,-1,-1,,,,,
30058,5498181,-1,199,2,-1,-1,-1,-1,-1,-1,15,1,20,-1,-1,-1,-1,,,,,
30059,5498216,-1,40,32,-1,-1,-1,-1,-1,-1,23,1,134,-1,-1,-1,-1,,,,,
30060,5498319,-1,3724,32,-1,-1,-1,-1,-1,-1,28,1,-1,-1,-1,-1,-1,,,,,
30061,5498442,-1,310,4,-1,-1,-1,-1,-1,-1,15,1,19,-1,-1,-1,-1,,,,,
30062,5498464,-1,290,2,-1,-1,-1,-1,-1,-1,15,1,20,-1,-1,-1,-1,,,,,
30063,5498677,-1,21,1,-1,-1,-1,-1,-1,-1,23,1,145,-1,-1,-1,-1,,,,,
30064,5498721,-1,15,1,-1,-1,-1,-1,-1,-1,23,1,145,-1,-1,-1,-1,,,,,
30065,5498748,-1,196,32,-1,-1,-1,-1,-1,-1,23,1,134,-1,-1,-1,-1,,,,,
30066,5499263,-1,107,32,-1,-1,-1,-1,-1,-1,23,1,134,-1,-1,-1,-1,,,,,
30067,5499452,-1,99,32,-1,-1,-1,-1,-1,-1,23,1,134,-1,-1,-1,-1,,,,,
30068,5499968,-1,41,1,-1,-1,-1,-1,-1,-1,15,1,12,-1,-1,-1,-1,,,,,
30069,5500023,-1,65,1,-1,-1,-1,-1,-1,-1,15,1,12,-1,-1,-1,-1,,,,,
30070,5500094,-1,212,4,-1,-1,-1,-1,-1,-1,15,1,19,-1,-1,-1,-1,,,,,
30071,5500116,-1,192,2,-1,-1,-1,-1,-1,-1,15,1,20,-1,-1,-1,-1,,,,,
30072,5500956,-1,18,1,-1,-1,-1,-1,-1,-1,15,1,12,-1,-1,-1,-1,,,,,
30073,5500979,-1,231,4,-1,-1,-1,-1,-1,-1,15,1,19,-1,-1,-1,-1,,,,,
30074,5501002,-1,211,2,-1,-1,-1,-1,-1,-1,15,1,20,-1,-1,-1,-1,,,,,
30075,5501108,-1,3290,32,-1,-1,-1,-1,-1,-1,56,1,-1,-1,-1,-1,-1,,,,,
30076,5502049,-1,3566,32,-1,-1,-1,-1,-1,-1,4,1,-1,-1,-1,-1,-1,,,,,
30077,5502488,-1,182,4,-1,-1,-1,-1,-1,-1,63,2,408,-1,-1,-1,-1,,,,,
30078,5502760,-1,59,1,-1,-1,-1,-1,-1,-1,15,1,12,-1,-1,-1,-1,,,,,
30079,5502811,-1,17,1,-1,-1,-1,-1,-1,-1,15,1,12,-1,-1,-1,-1,,,,,
30080,5502847,-1,226,4,-1,-1,-1,-1,-1,-1,15,1,19,-1,-1,-1,-1,,,,,
30081,5502868,-1,208,2,-1,-1,-1,-1,-1,-1,15,1,20,-1,-1,-1,-1,,,,,
30082,5503176,-1,15,1,-1,-1,-1,-1,-1,-1,12,2,1,-1,-1,-1,-1,,,,,
30083,5503304,-1,162,2,-1,-1,-1,-1,-1,-1,12,2,90,-1,-1,-1,-1,,,,,
30084,5503333,-1,134,2,-1,-1,-1,-1,-1,-1,12,2,49,-1,-1,-1,-1,,,,,
30085,5503362,-1,106,2,-1,-1,-1,-1,-1,-1,12,2,50,-1,-1,-1,-1,,,,,
30086,5503390,-1,77,2,-1,-1,-1,-1,-1,-1,12,2,51,-1,-1,-1,-1,,,,,
30087,5503430,-1,38,2,-1,-1,-1,-1,-1,-1,12,2,55,-1,-1,-1,-1,,,,,
30088,5503451,-1,26,1,-1,-1,-1,-1,-1,-1,4,1,4,-1,-1,-1,-1,,,,,
30089,5503509,-1,21,1,-1,-1,-1,-1,-1,-1,15,1,12,-1,-1,-1,-1,,,,,
30090,5503535,-1,208,4,-1,-1,-1,-1,-1,-1,15,1,19,-1,-1,-1,-1,,,,,
30091,5503547,-1,77,4,-1,-1,-1,-1,-1,-1,40,2,297,-1,-1,-1,-1,,,,,
30092,5503561,-1,184,2,-1,-1,-1,-1,-1,-1,15,1,20,-1,-1,-1,-1,,,,,
30093,5503655,-1,79,2,-1,-1,-1,-1,-1,-1,12,2,90,-1,-1,-1,-1,,,,,
30094,5503685,-1,51,2,-1,-1,-1,-1,-1,-1,12,2,49,-1,-1,-1,-1,,,,,
30095,5503768,-1,19,1,-1,-1,-1,-1,-1,-1,15,1,12,-1,-1,-1,-1,,,,,
30096,5504207,-1,22,1,-1,-1,-1,-1,-1,-1,15,1,12,-1,-1,-1,-1,,,,,
30097,5504235,-1,213,4,-1,-1,-1,-1,-1,-1,15,1,19,-1,-1,-1,-1,,,,,
30098,5504256,-1,194,2,-1,-1,-1,-1,-1,-1,15,1,20,-1,-1,-1,-1,,,,,
30099,5504406,-1,3276,32,-1,-1,-1,-1,-1,-1,56,1,-1,-1,-1,-1,-1,,,,,
30100,5504568,-1,21,1,-1,-1,-1,-1,-1,-1,15,1,12,-1,-1,-1,-1,,,,,
30101,5504599,-1,58,4,-1,-1,-1,-1,-1,-1,40,2,297,-1,-1,-1,-1,,,,,
30102,5504895,-1,19,1,-1,-1,-1,-1,-1,-1,15,1,12,-1,-1,-1,-1,,,,,
30103,5504920,-1,216,4,-1,-1,-1,-1,-1,-1,15,1,19,-1,-1,-1,-1,,,,,
30104,5504942,-1,196,2,-1,-1,-1,-1,-1,-1,15,1,20,-1,-1,-1,-1,,,,,
30105,5505023,-1,261,4,-1,-1,-1,-1,-1,-1,40,2,297,-1,-1,-1,-1,,,,,
30106,5505413,-1,28,4,-1,-1,-1,-1,-1,-1,40,2,297,-1,-1,-1,-1,,,,,
30107,5505474,-1,31,4,-1,-1,-1,-1,-1,-1,40,2,297,-1,-1,-1,-1,,,,,
30108,5505553,-1,31,4,-1,-1,-1,-1,-1,-1,40,2,297,-1,-1,-1,-1,,,,,
30109,5505602,-1,193,2,-1,-1,-1,-1,-1,-1,12,2,90,-1,-1,-1,-1,,,,,
30110,5505622,-1,3583,32,-1,-1,-1,-1,-1,-1,4,1,-1,-1,-1,-1,-1,,,,,
30111,5505634,-1,162,2,-1,-1,-1,-1,-1,-1,12,2,49,-1,-1,-1,-1,,,,,
30112,5505669,-1,130,2,-1,-1,-1,-1,-1,-1,12,2,50,-1,-1,-1,-1,,,,,
30113,5505705,-1,100,2,-1,-1,-1,-1,-1,-1,12,2,51,-1,-1,-1,-1,,,,,
30114,5505962,-1,214,32,-1,-1,-1,-1,-1,-1,12,2,14,-1,-1,-1,-1,,,,,
30115,5506024,-1,51,4,-1,-1,-1,-1,-1,-1,40,2,297,-1,-1,-1,-1,,,,,
30116,5506206,-1,218,32,-1,-1,-1,-1,-1,-1,12,2,14,-1,-1,-1,-1,,,,,
30117,5506651,-1,53,4,-1,-1,-1,-1,-1,-1,40,2,297,-1,-1,-1,-1,,,,,
30118,5506830,-1,47,4,-1,-1,-1,-1,-1,-1,40,2,297,-1,-1,-1,-1,,,,,
30119,5506990,-1,16,1,-1,-1,-1,-1,-1,-1,4,1,4,-1,-1,-1,-1,,,,,
30120,5507079,-1,19,1,-1,-1,-1,-1,-1,-1,15,1,12,-1,-1,-1,-1,,,,,
30121,5507107,-1,44,4,-1,-1,-1,-1,-1,-1,15,1,19,-1,-1,-1,-1,,,,,
30122,5507128,-1,23,2,-1,-1,-1,-1,-1,-1,15,1,20,-1,-1,-1,-1,,,,,
30123,5507308,-1,48,1,-1,-1,-1,-1,-1,-1,15,1,12,-1,-1,-1,-1,,,,,
30124,5507373,-1,29,1,-1,-1,-1,-1,-1,-1,15,1,12,-1,-1,-1,-1,,,,,
30125,5507408,-1,338,4,-1,-1,-1,-1,-1,-1,15,1,19,-1,-1,-1,-1,,,,,
30126,5507433,-1,316,2,-1,-1,-1,-1,-1,-1,15,1,20,-1,-1,-1,-1,,,,,
30128,5507688,-1,3320,32,-1,-1,-1,-1,-1,-1,56,1,-1,-1,-1,-1,-1,,,,,
30133,5509212,-1,3575,32,-1,-1,-1,-1,-1,-1,4,1,-1,-1,-1,-1,-1,,,,,
30143,5511012,-1,3283,32,-1,-1,-1,-1,-1,-1,56,1,-1,-1,-1,-1,-1,,,,,
30147,5511900,-1,17,1,-1,-1,-1,-1,-1,-1,9,2,9,-1,-1,-1,-1,,,,,
30154,5512791,-1,3571,32,-1,-1,-1,-1,-1,-1,4,1,-1,-1,-1,-1,-1,,,,,
30156,5513422,-1,8,1,-1,-1,-1,-1,-1,-1,4,1,2,-1,-1,-1,-1,,,,,
30157,5513433,-1,7,1,-1,-1,-1,-1,-1,-1,4,1,2,-1,-1,-1,-1,,,,,
30159,5514076,-1,82,1,-1,-1,-1,-1,-1,-1,51,1,324,-1,-1,-1,-1,,,,,
30162,5514254,-1,15,16,-1,-1,-1,-1,-1,-1,51,1,324,-1,-1,-1,-1,,,,,
30163,5514276,-1,329,4,-1,-1,-1,-1,-1,-1,15,1,19,-1,-1,-1,-1,,,,,
30164,5514299,-1,308,2,-1,-1,-1,-1,-1,-1,15,1,20,-1,-1,-1,-1,,,,,
30165,5514303,-1,3281,32,-1,-1,-1,-1,-1,-1,56,1,-1,-1,-1,-1,-1,,,,,
30166,5514345,-1,1186,16,-1,-1,-1,-1,-1,-1,51,1,324,-1,-1,-1,-1,,,,,
30170,5515563,-1,92,16,-1,-1,-1,-1,-1,-1,51,1,324,-1,-1,-1,-1,,,,,
30174,5515790,-1,62,4,-1,-1,-1,-1,-1,-1,15,1,19,-1,-1,-1,-1,,,,,
30175,5515811,-1,34,2,-1,-1,-1,-1,-1,-1,15,1,20,-1,-1,-1,-1,,,,,
30178,5516368,-1,1327,32,-1,-1,-1,-1,-1,-1,4,1,-1,-1,-1,-1,-1,,,,,
30180,5516601,-1,35,2,-1,-1,-1,-1,-1,-1,42,1,349,-1,-1,-1,-1,,,,,
30181,5516812,-1,43,2,-1,-1,-1,-1,-1,-1,42,1,349,-1,-1,-1,-1,,,,,
30188,5517590,-1,0,32,-1,-1,-1,-1,-1,-1,56,1,-1,-1,-1,-1,-1,,,,,
30189,5517670,-1,9,32,-1,-1,-1,-1,-1,-1,28,1,77,-1,-1,-1,-1,,,,,
30190,5517692,-1,667,32,-1,-1,-1,-1,-1,-1,28,1,77,-1,-1,-1,-1,,,,,
30191,5517716,-1,40,2,-1,-1,-1,-1,-1,-1,42,1,349,-1,-1,-1,-1,,,,,
30193,5518368,-1,0,32,-1,-1,-1,-1,-1,-1,28,1,-1,-1,-1,-1,-1,,,,,
30195,5518665,-1,24,2,-1,-1,-1,-1,-1,-1,42,1,349,-1,-1,-1,-1,,,,,
30196,5518708,-1,26,2,-1,-1,-1,-1,-1,-1,42,1,349,-1,-1,-1,-1,,,,,
30197,5518779,-1,24,2,-1,-1,-1,-1,-1,-1,42,1,349,-1,-1,-1,-1,,,,,
30198,5518813,-1,3,32,-1,-1,-1,-1,-1,-1,28,1,-1,-1,-1,-1,-1,,,,,
30200,5518841,-1,0,2,-1,-1,-1,-1,-1,-1,42,1,349,-1,-1,-1,-1,,,,,
30205,5519354,-1,3,2,-1,-1,-1,-1,-1,-1,42,1,349,-1,-1,-1,-1,,,,,
30207,5519406,-1,3,2,-1,-1,-1,-1,-1,-1,42,1,349,-1,-1,-1,-1,,,,,
30209,5519439,-1,3,2,-1,-1,-1,-1,-1,-1,42,1,349,-1,-1,-1,-1,,,,,
30211,5519495,-1,3,2,-1,-1,-1,-1,-1,-1,42,1,349,-1,-1,-1,-1,,,,,
30213,5519523,-1,3,2,-1,-1,-1,-1,-1,-1,42,1,349,-1,-1,-1,-1,,,,,
30215,5519552,-1,4,2,-1,-1,-1,-1,-1,-1,42,1,349,-1,-1,-1,-1,,,,,
30216,5519587,-1,3,2,-1,-1,-1,-1,-1,-1,42,1,349,-1,-1,-1,-1,,,,,
30217,5519632,-1,3,2,-1,-1,-1,-1,-1,-1,42,1,349,-1,-1,-1,-1,,,,,
30218,5519672,-1,3,2,-1,-1,-1,-1,-1,-1,42,1,349,-1,-1,-1,-1,,,,,
30225,5523216,-1,3,1,-1,-1,-1,-1,-1,-1,14,2,1,-1,-1,-1,-1,,,,,
30226,5523341,-1,3720,32,-1,-1,-1,-1,-1,-1,28,1,-1,-1,-1,-1,-1,,,,,
30227,5523343,-1,10836,64,-1,-1,-1,-1,-1,-1,4,1,-1,-1,-1,-1,-1,,,,,
30228,5523346,-1,10925,32,-1,-1,-1,-1,-1,-1,28,1,-1,-1,-1,-1,-1,,,,,
30229,5527183,-1,41,2,-1,-1,-1,-1,-1,-1,42,1,349,-1,-1,-1,-1,,,,,
30231,5527801,-1,425,4,-1,-1,-1,-1,-1,-1,15,1,19,-1,-1,-1,-1,,,,,
30232,5527825,-1,404,2,-1,-1,-1,-1,-1,-1,15,1,20,-1,-1,-1,-1,,,,,
30237,5528447,-1,3,1,-1,-1,-1,-1,-1,-1,4,1,2,-1,-1,-1,-1,,,,,
30260,5534276,-1,9553,128,-1,-1,-1,-1,-1,-1,2,1,-1,-1,-1,-1,-1,,,,,
30261,5543833,-1,10707,64,-1,-1,-1,-1,-1,-1,4,1,-1,-1,-1,-1,-1,,,,,
30285,5550580,-1,3723,64,-1,-1,-1,-1,-1,-1,28,1,-1,-1,-1,-1,-1,,,,,
30288,5555125,-1,0,64,-1,-1,-1,-1,-1,-1,28,1,77,-1,-1,-1,-1,,,,,
30306,5559482,-1,20,1,-1,-1,-1,-1,-1,-1,28,1,409,-1,-1,-1,-1,,,,,
30309,5559715,-1,13,1,-1,-1,-1,-1,-1,-1,28,1,409,-1,-1,-1,-1,,,,,
30310,5560069,-1,9,1,-1,-1,-1,-1,-1,-1,28,1,409,-1,-1,-1,-1,,,,,
30312,5560337,-1,13,1,-1,-1,-1,-1,-1,-1,28,1,409,-1,-1,-1,-1,,,,,
30313,5560450,-1,13,1,-1,-1,-1,-1,-1,-1,28,1,409,-1,-1,-1,-1,,,,,
30315,5560658,-1,11,1,-1,-1,-1,-1,-1,-1,28,1,409,-1,-1,-1,-1,,,,,
30317,5560876,-1,7,1,-1,-1,-1,-1,-1,-1,28,1,409,-1,-1,-1,-1,,,,,
30322,5561298,-1,117,1,-1,-1,-1,-1,-1,-1,28,1,67,-1,-1,-1,-1,,,,,
30323,5561583,-1,47,1,-1,-1,-1,-1,-1,-1,28,1,67,-1,-1,-1,-1,,,,,
30324,5561766,-1,11,1,-1,-1,-1,-1,-1,-1,28,1,67,-1,-1,-1,-1,,,,,
30326,5561973,-1,37,1,-1,-1,-1,-1,-1,-1,28,1,409,-1,-1,-1,-1,,,,,
30327,5562015,-1,15,1,-1,-1,-1,-1,-1,-1,28,1,409,-1,-1,-1,-1,,,,,
30328,5562034,-1,25,1,-1,-1,-1,-1,-1,-1,28,1,409,-1,-1,-1,-1,,,,,
30329,5562065,-1,22,1,-1,-1,-1,-1,-1,-1,28,1,409,-1,-1,-1,-1,,,,,
30330,5562094,-1,20,1,-1,-1,-1,-1,-1,-1,28,1,409,-1,-1,-1,-1,,,,,
30331,5562122,-1,18,1,-1,-1,-1,-1,-1,-1,28,1,409,-1,-1,-1,-1,,,,,
30332,5562158,-1,15,1,-1,-1,-1,-1,-1,-1,28,1,409,-1,-1,-1,-1,,,,,
30333,5562176,-1,16,1,-1,-1,-1,-1,-1,-1,28,1,409,-1,-1,-1,-1,,,,,
30338,5562678,-1,77,32,-1,-1,-1,-1,-1,-1,28,1,67,-1,-1,-1,-1,,,,,
30340,5562813,-1,85,32,-1,-1,-1,-1,-1,-1,28,1,67,-1,-1,-1,-1,,,,,
30341,5565757,-1,185,64,-1,-1,-1,-1,-1,-1,28,1,67,-1,-1,-1,-1,,,,,
30343,5565901,-1,21,1,-1,-1,-1,-1,-1,-1,9,2,9,-1,-1,-1,-1,,,,,
30346,5566169,-1,34,1,-1,-1,-1,-1,-1,-1,28,1,409,-1,-1,-1,-1,,,,,
30349,5566388,-1,14634,32,-1,-1,-1,-1,-1,-1,4,1,3,-1,-1,-1,-1,,,,,
30357,5568625,-1,222,32,-1,-1,-1,-1,-1,-1,12,2,-1,-1,-1,-1,-1,,,,,
30358,5568675,-1,162,64,-1,-1,-1,-1,-1,-1,12,2,14,-1,-1,-1,-1,,,,,
30364,5570456,-1,9422,64,-1,-1,-1,-1,-1,-1,28,1,77,-1,-1,-1,-1,,,,,
30367,5571260,-1,269,1,-1,-1,-1,-1,-1,-1,51,1,410,-1,-1,-1,-1,,,,,
30369,5571553,-1,361,32,-1,-1,-1,-1,-1,-1,23,1,134,-1,-1,-1,-1,,,,,
30370,5572094,-1,349,32,-1,-1,-1,-1,-1,-1,23,1,134,-1,-1,-1,-1,,,,,
30372,5572816,-1,63,32,-1,-1,-1,-1,-1,-1,23,1,134,-1,-1,-1,-1,,,,,
30373,5572949,-1,79,32,-1,-1,-1,-1,-1,-1,23,1,134,-1,-1,-1,-1,,,,,
30374,5573224,-1,84,32,-1,-1,-1,-1,-1,-1,23,1,134,-1,-1,-1,-1,,,,,
30384,5575431,-1,72,1,-1,-1,-1,-1,-1,-1,51,1,410,-1,-1,-1,-1,,,,,
30388,5576024,-1,67,1,-1,-1,-1,-1,-1,-1,51,1,410,-1,-1,-1,-1,,,,,
30405,5580086,-1,99,64,-1,-1,-1,-1,-1,-1,28,1,67,-1,-1,-1,-1,,,,,
30406,5580272,-1,84,64,-1,-1,-1,-1,-1,-1,28,1,67,-1,-1,-1,-1,,,,,
30412,5581023,-1,30,64,-1,-1,-1,-1,-1,-1,28,1,67,-1,-1,-1,-1,,,,,
30413,5581032,-1,7130,1,-1,-1,-1,-1,-1,-1,4,1,4,-1,-1,-1,-1,,,,,
30414,5581057,-1,156,64,-1,-1,-1,-1,-1,-1,28,1,67,-1,-1,-1,-1,,,,,
30416,5581315,-1,16,1,-1,-1,-1,-1,-1,-1,28,1,409,-1,-1,-1,-1,,,,,
30430,5584181,-1,85,1,-1,-1,-1,-1,-1,-1,51,1,324,-1,-1,-1,-1,,,,,
30431,5584385,-1,85,1,-1,-1,-1,-1,-1,-1,51,1,324,-1,-1,-1,-1,,,,,
30440,5586347,-1,39,1,-1,-1,-1,-1,-1,-1,15,1,12,-1,-1,-1,-1,,,,,
30441,5586397,-1,16,1,-1,-1,-1,-1,-1,-1,15,1,12,-1,-1,-1,-1,,,,,
30442,5586419,-1,304,4,-1,-1,-1,-1,-1,-1,15,1,19,-1,-1,-1,-1,,,,,
30443,5586440,-1,284,2,-1,-1,-1,-1,-1,-1,15,1,20,-1,-1,-1,-1,,,,,
30444,5586503,-1,41,1,-1,-1,-1,-1,-1,-1,51,1,324,-1,-1,-1,-1,,,,,
30445,5586564,-1,24,8,-1,-1,-1,-1,-1,-1,51,1,324,-1,-1,-1,-1,,,,,
30446,5586728,-1,24,8,-1,-1,-1,-1,-1,-1,51,1,324,-1,-1,-1,-1,,,,,
30447,5586830,-1,23,8,-1,-1,-1,-1,-1,-1,51,1,324,-1,-1,-1,-1,,,,,
30449,5586926,-1,24,8,-1,-1,-1,-1,-1,-1,51,1,324,-1,-1,-1,-1,,,,,
30450,5587094,-1,41,1,-1,-1,-1,-1,-1,-1,15,1,12,-1,-1,-1,-1,,,,,
30451,5587144,-1,18,1,-1,-1,-1,-1,-1,-1,15,1,12,-1,-1,-1,-1,,,,,
30452,5587165,-1,3016,4,-1,-1,-1,-1,-1,-1,15,1,19,-1,-1,-1,-1,,,,,
30453,5587186,-1,2998,2,-1,-1,-1,-1,-1,-1,15,1,20,-1,-1,-1,-1,,,,,
30458,5588165,-1,18,1,-1,-1,-1,-1,-1,-1,4,1,4,-1,-1,-1,-1,,,,,
30459,5588208,-1,10815,32,-1,-1,-1,-1,-1,-1,4,1,3,-1,-1,-1,-1,,,,,
30482,5592201,-1,15,1,-1,-1,-1,-1,-1,-1,4,1,4,-1,-1,-1,-1,,,,,
30499,5593793,-1,5,1,-1,-1,-1,-1,-1,-1,4,1,2,-1,-1,-1,-1,,,,,
30500,5593803,-1,8,1,-1,-1,-1,-1,-1,-1,4,1,2,-1,-1,-1,-1,,,,,
30503,5594077,-1,14,1,-1,-1,-1,-1,-1,-1,4,1,2,-1,-1,-1,-1,,,,,
30533,5597309,-1,2,32,-1,-1,-1,-1,-1,-1,3,2,1,-1,-1,-1,-1,,,,,
30535,5597436,-1,2,32,-1,-1,-1,-1,-1,-1,3,2,1,-1,-1,-1,-1,,,,,
30536,5597453,-1,3,32,-1,-1,-1,-1,-1,-1,3,2,1,-1,-1,-1,-1,,,,,
30540,5597802,-1,5,2,-1,-1,-1,-1,-1,-1,3,2,1,-1,-1,-1,-1,,,,,
30541,5597816,-1,10,4,-1,-1,-1,-1,-1,-1,3,2,1,-1,-1,-1,-1,,,,,
30543,5597874,-1,7,4,-1,-1,-1,-1,-1,-1,3,2,1,-1,-1,-1,-1,,,,,
30547,5598040,-1,13,1,-1,-1,-1,-1,-1,-1,4,1,4,-1,-1,-1,-1,,,,,
30550,5598302,-1,21,1,-1,-1,-1,-1,-1,-1,9,2,9,-1,-1,-1,-1,,,,,
30552,5598344,-1,15,32,-1,-1,-1,-1,-1,-1,3,2,1,-1,-1,-1,-1,,,,,
30558,5599027,-1,19,1,-1,-1,-1,-1,-1,-1,4,1,4,-1,-1,-1,-1,,,,,
30559,5599156,-1,1325,128,-1,-1,-1,-1,-1,-1,12,2,-1,-1,-1,-1,-1,,,,,
30569,5601469,-1,247,32,-1,-1,-1,-1,-1,-1,4,1,3,-1,-1,-1,-1,,,,,
30574,5601741,-1,1274,32,-1,-1,-1,-1,-1,-1,4,1,3,-1,-1,-1,-1,,,,,
30579,5602391,-1,12,32,-1,-1,-1,-1,-1,-1,3,2,1,-1,-1,-1,-1,,,,,
30582,5602581,-1,11,32,-1,-1,-1,-1,-1,-1,3,2,1,-1,-1,-1,-1,,,,,
30583,5602609,-1,2,32,-1,-1,-1,-1,-1,-1,3,2,1,-1,-1,-1,-1,,,,,
30584,5602689,-1,12,32,-1,-1,-1,-1,-1,-1,3,2,1,-1,-1,-1,-1,,,,,
30585,5602714,-1,2,32,-1,-1,-1,-1,-1,-1,3,2,1,-1,-1,-1,-1,,,,,
30593,5603028,-1,41,32,-1,-1,-1,-1,-1,-1,14,2,1,-1,-1,-1,-1,,,,,
30596,5603081,-1,26,2,-1,-1,-1,-1,-1,-1,14,2,1,-1,-1,-1,-1,,,,,
30597,5603110,-1,2,1,-1,-1,-1,-1,-1,-1,14,2,1,-1,-1,-1,-1,,,,,
30598,5603121,-1,28,1,-1,-1,-1,-1,-1,-1,14,2,1,-1,-1,-1,-1,,,,,
30599,5603161,-1,2,1,-1,-1,-1,-1,-1,-1,14,2,1,-1,-1,-1,-1,,,,,
30600,5603187,-1,30,16,-1,-1,-1,-1,-1,-1,14,2,1,-1,-1,-1,-1,,,,,
30601,5603813,-1,14,32,-1,-1,-1,-1,-1,-1,14,2,1,-1,-1,-1,-1,,,,,
30610,5604887,-1,245,32,-1,-1,-1,-1,-1,-1,4,1,3,-1,-1,-1,-1,,,,,
30617,5605206,-1,10728,64,-1,-1,-1,-1,-1,-1,4,1,-1,-1,-1,-1,-1,,,,,
30654,5609067,-1,49,1,-1,-1,-1,-1,-1,-1,51,1,324,-1,-1,-1,-1,,,,,
30657,5609324,-1,510,8,-1,-1,-1,-1,-1,-1,51,1,324,-1,-1,-1,-1,,,,,
30724,5615825,-1,118,16,-1,-1,-1,-1,-1,-1,51,1,324,-1,-1,-1,-1,,,,,
30725,5615948,-1,9733,128,-1,-1,-1,-1,-1,-1,2,1,-1,-1,-1,-1,-1,,,,,
30726,5625685,-1,90,128,-1,-1,-1,-1,-1,-1,12,2,-1,-1,-1,-1,-1,,,,,
30727,5625782,-1,10726,64,-1,-1,-1,-1,-1,-1,4,1,-1,-1,-1,-1,-1,,,,,
30878,5646415,-1,13958,32,-1,-1,-1,-1,-1,-1,4,1,3,-1,-1,-1,-1,,,,,
30893,5648598,-1,71,1,-1,-1,-1,-1,-1,-1,28,1,67,-1,-1,-1,-1,,,,,
30894,5648678,-1,42,1,-1,-1,-1,-1,-1,-1,28,1,67,-1,-1,-1,-1,,,,,
30895,5648956,-1,62,1,-1,-1,-1,-1,-1,-1,28,1,67,-1,-1,-1,-1,,,,,
30897,5649386,-1,221,32,-1,-1,-1,-1,-1,-1,12,2,-1,-1,-1,-1,-1,,,,,
30899,5649481,-1,33,1,-1,-1,-1,-1,-1,-1,28,1,67,-1,-1,-1,-1,,,,,
30900,5649635,-1,7,1,-1,-1,-1,-1,-1,-1,28,1,67,-1,-1,-1,-1,,,,,
30904,5649895,-1,11,1,-1,-1,-1,-1,-1,-1,28,1,67,-1,-1,-1,-1,,,,,
30906,5649982,-1,6,1,-1,-1,-1,-1,-1,-1,28,1,67,-1,-1,-1,-1,,,,,
30907,5650201,-1,10,1,-1,-1,-1,-1,-1,-1,28,1,67,-1,-1,-1,-1,,,,,
30909,5650649,-1,70,1,-1,-1,-1,-1,-1,-1,28,1,67,-1,-1,-1,-1,,,,,
30910,5650814,-1,15,1,-1,-1,-1,-1,-1,-1,28,1,67,-1,-1,-1,-1,,,,,
30916,5651510,-1,14,2,-1,-1,-1,-1,-1,-1,28,1,67,-1,-1,-1,-1,,,,,
30918,5651850,-1,92,32,-1,-1,-1,-1,-1,-1,28,1,67,-1,-1,-1,-1,,,,,
30921,5652300,-1,13,1,-1,-1,-1,-1,-1,-1,9,2,9,-1,-1,-1,-1,,,,,
30922,5652352,-1,69,32,-1,-1,-1,-1,-1,-1,28,1,67,-1,-1,-1,-1,,,,,
30927,5652775,-1,100,64,-1,-1,-1,-1,-1,-1,28,1,67,-1,-1,-1,-1,,,,,
30943,5655725,-1,354,32,-1,-1,-1,-1,-1,-1,23,1,134,-1,-1,-1,-1,,,,,
30946,5656769,-1,218,32,-1,-1,-1,-1,-1,-1,23,1,134,-1,-1,-1,-1,,,,,
30951,5657164,-1,20,32,-1,-1,-1,-1,-1,-1,23,1,134,-1,-1,-1,-1,,,,,
30953,5657206,-1,358,32,-1,-1,-1,-1,-1,-1,23,1,134,-1,-1,-1,-1,,,,,
30955,5658063,-1,356,32,-1,-1,-1,-1,-1,-1,23,1,134,-1,-1,-1,-1,,,,,
30962,5658787,-1,117,64,-1,-1,-1,-1,-1,-1,23,1,134,-1,-1,-1,-1,,,,,
30963,5658976,-1,368,64,-1,-1,-1,-1,-1,-1,23,1,134,-1,-1,-1,-1,,,,,
30965,5659469,-1,124,64,-1,-1,-1,-1,-1,-1,23,1,134,-1,-1,-1,-1,,,,,
30967,5659631,-1,99,64,-1,-1,-1,-1,-1,-1,23,1,134,-1,-1,-1,-1,,,,,
30968,5659807,-1,92,64,-1,-1,-1,-1,-1,-1,23,1,134,-1,-1,-1,-1,,,,,
30974,5660035,-1,99,64,-1,-1,-1,-1,-1,-1,23,1,134,-1,-1,-1,-1,,,,,
30975,5660379,-1,19,1,-1,-1,-1,-1,-1,-1,4,1,4,-1,-1,-1,-1,,,,,
30976,5660503,-1,689,128,-1,-1,-1,-1,-1,-1,23,1,-1,-1,-1,-1,-1,,,,,
30982,5661484,-1,325,128,-1,-1,-1,-1,-1,-1,23,1,-1,-1,-1,-1,-1,,,,,
30983,5661816,-1,328,128,-1,-1,-1,-1,-1,-1,23,1,-1,-1,-1,-1,-1,,,,,
30984,5662209,-1,216,128,-1,-1,-1,-1,-1,-1,23,1,-1,-1,-1,-1,-1,,,,,
30986,5662800,-1,188,128,-1,-1,-1,-1,-1,-1,23,1,-1,-1,-1,-1,-1,,,,,
30987,5663203,-1,275,128,-1,-1,-1,-1,-1,-1,23,1,-1,-1,-1,-1,-1,,,,,
30992,5663740,-1,335,64,-1,-1,-1,-1,-1,-1,54,1,384,-1,-1,-1,-1,,,,,
30994,5663839,-1,20,1,-1,-1,-1,-1,-1,-1,4,1,4,-1,-1,-1,-1,,,,,
30996,5664110,-1,2489,64,-1,-1,-1,-1,-1,-1,54,1,384,-1,-1,-1,-1,,,,,
30998,5664289,-1,137,16,-1,-1,-1,-1,-1,-1,28,1,67,-1,-1,-1,-1,,,,,
30999,5664441,-1,123,16,-1,-1,-1,-1,-1,-1,28,1,67,-1,-1,-1,-1,,,,,
31000,5664580,-1,124,16,-1,-1,-1,-1,-1,-1,28,1,67,-1,-1,-1,-1,,,,,
31002,5664723,-1,123,16,-1,-1,-1,-1,-1,-1,28,1,67,-1,-1,-1,-1,,,,,
31003,5664744,-1,1615,32,-1,-1,-1,-1,-1,-1,4,1,3,-1,-1,-1,-1,,,,,
31004,5664851,-1,115,16,-1,-1,-1,-1,-1,-1,28,1,67,-1,-1,-1,-1,,,,,
31006,5665025,-1,9,1,-1,-1,-1,-1,-1,-1,4,1,2,-1,-1,-1,-1,,,,,
31007,5665040,-1,12,1,-1,-1,-1,-1,-1,-1,4,1,2,-1,-1,-1,-1,,,,,
31010,5665143,-1,105,16,-1,-1,-1,-1,-1,-1,28,1,67,-1,-1,-1,-1,,,,,
31013,5665255,-1,101,16,-1,-1,-1,-1,-1,-1,28,1,67,-1,-1,-1,-1,,,,,
31014,5665360,-1,93,16,-1,-1,-1,-1,-1,-1,28,1,67,-1,-1,-1,-1,,,,,
31015,5665461,-1,101,16,-1,-1,-1,-1,-1,-1,28,1,67,-1,-1,-1,-1,,,,,
31016,5665569,-1,99,16,-1,-1,-1,-1,-1,-1,28,1,67,-1,-1,-1,-1,,,,,
31017,5665681,-1,103,16,-1,-1,-1,-1,-1,-1,28,1,67,-1,-1,-1,-1,,,,,
31019,5665762,-1,25,1,-1,-1,-1,-1,-1,-1,4,1,4,-1,-1,-1,-1,,,,,
31020,5665790,-1,61,16,-1,-1,-1,-1,-1,-1,28,1,67,-1,-1,-1,-1,,,,,
31021,5665855,-1,56,16,-1,-1,-1,-1,-1,-1,28,1,67,-1,-1,-1,-1,,,,,
31022,5665913,-1,53,16,-1,-1,-1,-1,-1,-1,28,1,67,-1,-1,-1,-1,,,,,
31023,5665968,-1,51,16,-1,-1,-1,-1,-1,-1,28,1,67,-1,-1,-1,-1,,,,,
31024,5666026,-1,54,16,-1,-1,-1,-1,-1,-1,28,1,67,-1,-1,-1,-1,,,,,
31025,5666084,-1,56,16,-1,-1,-1,-1,-1,-1,28,1,67,-1,-1,-1,-1,,,,,
31026,5666144,-1,58,16,-1,-1,-1,-1,-1,-1,28,1,67,-1,-1,-1,-1,,,,,
31028,5666206,-1,51,16,-1,-1,-1,-1,-1,-1,28,1,67,-1,-1,-1,-1,,,,,
31029,5666264,-1,32,1,-1,-1,-1,-1,-1,-1,28,1,409,-1,-1,-1,-1,,,,,
31030,5666300,-1,25,1,-1,-1,-1,-1,-1,-1,28,1,409,-1,-1,-1,-1,,,,,
31031,5666310,-1,20,1,-1,-1,-1,-1,-1,-1,4,1,4,-1,-1,-1,-1,,,,,
31032,5666329,-1,22,1,-1,-1,-1,-1,-1,-1,28,1,409,-1,-1,-1,-1,,,,,
31033,5666355,-1,10,1,-1,-1,-1,-1,-1,-1,28,1,409,-1,-1,-1,-1,,,,,
31034,5666369,-1,11,1,-1,-1,-1,-1,-1,-1,28,1,409,-1,-1,-1,-1,,,,,
31035,5666384,-1,10,1,-1,-1,-1,-1,-1,-1,28,1,409,-1,-1,-1,-1,,,,,
31036,5666400,-1,9,1,-1,-1,-1,-1,-1,-1,28,1,409,-1,-1,-1,-1,,,,,
31037,5666414,-1,9,1,-1,-1,-1,-1,-1,-1,28,1,409,-1,-1,-1,-1,,,,,
31038,5666426,-1,9,1,-1,-1,-1,-1,-1,-1,28,1,409,-1,-1,-1,-1,,,,,
31039,5666439,-1,9,1,-1,-1,-1,-1,-1,-1,28,1,409,-1,-1,-1,-1,,,,,
31040,5666452,-1,11,1,-1,-1,-1,-1,-1,-1,28,1,409,-1,-1,-1,-1,,,,,
31041,5666468,-1,22,1,-1,-1,-1,-1,-1,-1,28,1,409,-1,-1,-1,-1,,,,,
31043,5666493,-1,10,1,-1,-1,-1,-1,-1,-1,28,1,409,-1,-1,-1,-1,,,,,
31044,5666507,-1,12,1,-1,-1,-1,-1,-1,-1,28,1,409,-1,-1,-1,-1,,,,,
31045,5666524,-1,7,1,-1,-1,-1,-1,-1,-1,28,1,409,-1,-1,-1,-1,,,,,
31046,5666536,-1,10,1,-1,-1,-1,-1,-1,-1,28,1,409,-1,-1,-1,-1,,,,,
31048,5666550,-1,6,1,-1,-1,-1,-1,-1,-1,28,1,409,-1,-1,-1,-1,,,,,
31049,5666560,-1,6,1,-1,-1,-1,-1,-1,-1,28,1,409,-1,-1,-1,-1,,,,,
31051,5673109,-1,197,128,-1,-1,-1,-1,-1,-1,23,1,-1,-1,-1,-1,-1,,,,,
31052,5673314,-1,198,128,-1,-1,-1,-1,-1,-1,23,1,-1,-1,-1,-1,-1,,,,,
31053,5673648,-1,103,64,-1,-1,-1,-1,-1,-1,54,1,-1,-1,-1,-1,-1,,,,,
31054,5673829,-1,89,128,-1,-1,-1,-1,-1,-1,12,2,-1,-1,-1,-1,-1,,,,,
31055,5675111,-1,23,1,-1,-1,-1,-1,-1,-1,51,1,324,-1,-1,-1,-1,,,,,
31056,5682352,-1,9171,32,-1,-1,-1,-1,-1,-1,4,1,3,-1,-1,-1,-1,,,,,
31057,5682438,-1,31,1,-1,-1,-1,-1,-1,-1,51,1,324,-1,-1,-1,-1,,,,,
31058,5684702,-1,13,1,-1,-1,-1,-1,-1,-1,9,2,9,-1,-1,-1,-1,,,,,
31059,5686229,-1,75,64,-1,-1,-1,-1,-1,-1,28,1,67,-1,-1,-1,-1,,,,,
31060,5686411,-1,133,32,-1,-1,-1,-1,-1,-1,28,1,67,-1,-1,-1,-1,,,,,
31061,5686624,-1,130,32,-1,-1,-1,-1,-1,-1,28,1,67,-1,-1,-1,-1,,,,,
31062,5686758,-1,122,32,-1,-1,-1,-1,-1,-1,28,1,67,-1,-1,-1,-1,,,,,
31063,5686884,-1,127,32,-1,-1,-1,-1,-1,-1,28,1,67,-1,-1,-1,-1,,,,,
31064,5687034,-1,128,32,-1,-1,-1,-1,-1,-1,28,1,67,-1,-1,-1,-1,,,,,
31065,5687169,-1,122,32,-1,-1,-1,-1,-1,-1,28,1,67,-1,-1,-1,-1,,,,,
31066,5687292,-1,122,32,-1,-1,-1,-1,-1,-1,28,1,67,-1,-1,-1,-1,,,,,
31067,5687515,-1,119,32,-1,-1,-1,-1,-1,-1,28,1,67,-1,-1,-1,-1,,,,,
31068,5687641,-1,82,32,-1,-1,-1,-1,-1,-1,28,1,67,-1,-1,-1,-1,,,,,
31069,5687729,-1,134,32,-1,-1,-1,-1,-1,-1,28,1,67,-1,-1,-1,-1,,,,,
31070,5687879,-1,116,32,-1,-1,-1,-1,-1,-1,28,1,67,-1,-1,-1,-1,,,,,
31071,5688018,-1,25,1,-1,-1,-1,-1,-1,-1,28,1,409,-1,-1,-1,-1,,,,,
31072,5688047,-1,6,1,-1,-1,-1,-1,-1,-1,28,1,409,-1,-1,-1,-1,,,,,
31073,5688060,-1,6,1,-1,-1,-1,-1,-1,-1,28,1,409,-1,-1,-1,-1,,,,,
31074,5688072,-1,7,1,-1,-1,-1,-1,-1,-1,28,1,409,-1,-1,-1,-1,,,,,
31075,5688082,-1,8,1,-1,-1,-1,-1,-1,-1,28,1,409,-1,-1,-1,-1,,,,,
31076,5688094,-1,4,1,-1,-1,-1,-1,-1,-1,28,1,409,-1,-1,-1,-1,,,,,
31077,5688121,-1,12,1,-1,-1,-1,-1,-1,-1,28,1,409,-1,-1,-1,-1,,,,,
31078,5688137,-1,9,1,-1,-1,-1,-1,-1,-1,28,1,409,-1,-1,-1,-1,,,,,
31079,5688149,-1,11,1,-1,-1,-1,-1,-1,-1,28,1,409,-1,-1,-1,-1,,,,,
31080,5688163,-1,7,1,-1,-1,-1,-1,-1,-1,28,1,409,-1,-1,-1,-1,,,,,
31081,5688173,-1,8,1,-1,-1,-1,-1,-1,-1,28,1,409,-1,-1,-1,-1,,,,,
31082,5688187,-1,10,1,-1,-1,-1,-1,-1,-1,28,1,409,-1,-1,-1,-1,,,,,
31083,5688603,-1,28,1,-1,-1,-1,-1,-1,-1,28,1,409,-1,-1,-1,-1,,,,,
31084,5688637,-1,16,1,-1,-1,-1,-1,-1,-1,28,1,409,-1,-1,-1,-1,,,,,
31085,5688662,-1,7,1,-1,-1,-1,-1,-1,-1,28,1,409,-1,-1,-1,-1,,,,,
31086,5688689,-1,1850,16,-1,-1,-1,-1,-1,-1,51,1,324,-1,-1,-1,-1,,,,,
31087,5690562,-1,624,1,-1,-1,-1,-1,-1,-1,51,1,324,-1,-1,-1,-1,,,,,
31088,5691471,-1,88,1,-1,-1,-1,-1,-1,-1,51,1,324,-1,-1,-1,-1,,,,,
31089,5691527,-1,15,1,-1,-1,-1,-1,-1,-1,4,1,4,-1,-1,-1,-1,,,,,
31090,5691602,-1,60,128,-1,-1,-1,-1,-1,-1,23,1,-1,-1,-1,-1,-1,,,,,
31091,5691670,-1,10925,64,-1,-1,-1,-1,-1,-1,54,1,-1,-1,-1,-1,-1,,,,,
31092,5691672,-1,10799,64,-1,-1,-1,-1,-1,-1,4,1,-1,-1,-1,-1,-1,,,,,
31093,5702598,-1,127,128,-1,-1,-1,-1,-1,-1,23,1,-1,-1,-1,-1,-1,,,,,
31094,5702730,-1,9715,128,-1,-1,-1,-1,-1,-1,2,1,-1,-1,-1,-1,-1,,,,,
31095,5712447,-1,92,128,-1,-1,-1,-1,-1,-1,12,2,-1,-1,-1,-1,-1,,,,,
31096,5712546,-1,10669,64,-1,-1,-1,-1,-1,-1,4,1,-1,-1,-1,-1,-1,,,,,
31197,5724783,-1,10,1,-1,-1,-1,-1,-1,-1,4,1,2,-1,-1,-1,-1,,,,,
31198,5724961,-1,0,128,-1,-1,-1,-1,-1,-1,28,1,77,-1,-1,-1,-1,,,,,
31204,5729843,-1,2768,32,-1,-1,-1,-1,-1,-1,4,1,3,-1,-1,-1,-1,,,,,
31208,5730654,-1,20,32,-1,-1,-1,-1,-1,-1,28,1,-1,-1,-1,-1,-1,,,,,
31219,5731426,-1,351,32,-1,-1,-1,-1,-1,-1,23,1,134,-1,-1,-1,-1,,,,,
31220,5731524,-1,3503,32,-1,-1,-1,-1,-1,-1,28,1,-1,-1,-1,-1,-1,,,,,
31223,5731618,-1,0,32,-1,-1,-1,-1,-1,-1,56,1,-1,-1,-1,-1,-1,,,,,
31224,5732296,-1,25,1,-1,-1,-1,-1,-1,-1,12,2,1,-1,-1,-1,-1,,,,,
31227,5732613,-1,14,1,-1,-1,-1,-1,-1,-1,4,1,4,-1,-1,-1,-1,,,,,
31228,5732723,-1,2272,32,-1,-1,-1,-1,-1,-1,4,1,3,-1,-1,-1,-1,,,,,
31233,5733231,-1,25,32,-1,-1,-1,-1,-1,-1,23,1,134,-1,-1,-1,-1,,,,,
31234,5733307,-1,24,32,-1,-1,-1,-1,-1,-1,57,1,370,-1,-1,-1,-1,,,,,
31235,5733396,-1,24,32,-1,-1,-1,-1,-1,-1,23,1,134,-1,-1,-1,-1,,,,,
31236,5733423,-1,24,32,-1,-1,-1,-1,-1,-1,57,1,11,-1,-1,-1,-1,,,,,
31237,5733461,-1,101,32,-1,-1,-1,-1,-1,-1,23,1,134,-1,-1,-1,-1,,,,,
31238,5733571,-1,107,1,-1,-1,-1,-1,-1,-1,23,1,145,-1,-1,-1,-1,,,,,
31239,5734091,-1,21,1,-1,-1,-1,-1,-1,-1,23,1,145,-1,-1,-1,-1,,,,,
31245,5734638,-1,11,1,-1,-1,-1,-1,-1,-1,23,1,145,-1,-1,-1,-1,,,,,
31246,5734713,-1,45,1,-1,-1,-1,-1,-1,-1,4,1,4,-1,-1,-1,-1,,,,,
31247,5734763,-1,135,1,-1,-1,-1,-1,-1,-1,4,1,4,-1,-1,-1,-1,,,,,
31249,5734924,-1,20,1,-1,-1,-1,-1,-1,-1,4,1,4,-1,-1,-1,-1,,,,,
31254,5736389,-1,3,1,-1,-1,-1,-1,-1,-1,23,1,145,-1,-1,-1,-1,,,,,
31255,5736403,-1,257,32,-1,-1,-1,-1,-1,-1,23,1,134,-1,-1,-1,-1,,,,,
31256,5736500,-1,6738,32,-1,-1,-1,-1,-1,-1,4,1,3,-1,-1,-1,-1,,,,,
31258,5736787,-1,3722,32,-1,-1,-1,-1,-1,-1,28,1,-1,-1,-1,-1,-1,,,,,
31259,5736823,-1,289,32,-1,-1,-1,-1,-1,-1,23,1,134,-1,-1,-1,-1,,,,,
31260,5736891,-1,41,4,-1,-1,-1,-1,-1,-1,40,2,297,-1,-1,-1,-1,,,,,
31262,5737389,-1,20,1,-1,-1,-1,-1,-1,-1,23,1,12,-1,-1,-1,-1,,,,,
31263,5737662,-1,366,8,-1,-1,-1,-1,-1,-1,21,1,262,-1,-1,-1,-1,,,,,
31264,5737687,-1,238,32,-1,-1,-1,-1,-1,-1,23,1,134,-1,-1,-1,-1,,,,,
31269,5737939,-1,6,1,-1,-1,-1,-1,-1,-1,23,1,145,-1,-1,-1,-1,,,,,
31271,5737958,-1,17,1,-1,-1,-1,-1,-1,-1,23,1,145,-1,-1,-1,-1,,,,,
31272,5737986,-1,305,32,-1,-1,-1,-1,-1,-1,23,1,134,-1,-1,-1,-1,,,,,
31273,5738043,-1,41,4,-1,-1,-1,-1,-1,-1,40,2,297,-1,-1,-1,-1,,,,,
31274,5738133,-1,19,1,-1,-1,-1,-1,-1,-1,4,1,4,-1,-1,-1,-1,,,,,
31275,5738239,-1,27,16,-1,-1,-1,-1,-1,-1,21,1,262,-1,-1,-1,-1,,,,,
31276,5738356,-1,18,1,-1,-1,-1,-1,-1,-1,23,1,12,-1,-1,-1,-1,,,,,
31277,5738399,-1,44,4,-1,-1,-1,-1,-1,-1,40,2,297,-1,-1,-1,-1,,,,,
31278,5738412,-1,226,16,-1,-1,-1,-1,-1,-1,21,1,262,-1,-1,-1,-1,,,,,
31280,5738668,-1,71,16,-1,-1,-1,-1,-1,-1,21,1,262,-1,-1,-1,-1,,,,,
31281,5738700,-1,15,1,-1,-1,-1,-1,-1,-1,9,2,9,-1,-1,-1,-1,,,,,
31282,5738780,-1,339,16,-1,-1,-1,-1,-1,-1,21,1,262,-1,-1,-1,-1,,,,,
31284,5739056,-1,43,4,-1,-1,-1,-1,-1,-1,40,2,297,-1,-1,-1,-1,,,,,
31285,5739157,-1,674,16,-1,-1,-1,-1,-1,-1,21,1,262,-1,-1,-1,-1,,,,,
31290,5739566,-1,44,4,-1,-1,-1,-1,-1,-1,40,2,297,-1,-1,-1,-1,,,,,
31292,5739899,-1,43,4,-1,-1,-1,-1,-1,-1,40,2,297,-1,-1,-1,-1,,,,,
31293,5740131,-1,43,4,-1,-1,-1,-1,-1,-1,40,2,297,-1,-1,-1,-1,,,,,
31295,5740303,-1,21,32,-1,-1,-1,-1,-1,-1,57,1,370,-1,-1,-1,-1,,,,,
31296,5740332,-1,63,1,-1,-1,-1,-1,-1,-1,52,2,411,-1,-1,-1,-1,,,,,
31297,5740435,-1,449,32,-1,-1,-1,-1,-1,-1,57,1,370,-1,-1,-1,-1,,,,,
31298,5740628,-1,64,1,-1,-1,-1,-1,-1,-1,52,2,411,-1,-1,-1,-1,,,,,
31305,5741714,-1,85,1,-1,-1,-1,-1,-1,-1,52,2,411,-1,-1,-1,-1,,,,,
31306,5741828,-1,3722,32,-1,-1,-1,-1,-1,-1,28,1,-1,-1,-1,-1,-1,,,,,
31307,5741932,-1,73,1,-1,-1,-1,-1,-1,-1,52,2,411,-1,-1,-1,-1,,,,,
31309,5742483,-1,75,1,-1,-1,-1,-1,-1,-1,52,2,411,-1,-1,-1,-1,,,,,
31310,5742627,-1,29,1,-1,-1,-1,-1,-1,-1,52,2,411,-1,-1,-1,-1,,,,,
31312,5742735,-1,63,1,-1,-1,-1,-1,-1,-1,52,2,411,-1,-1,-1,-1,,,,,
31313,5742907,-1,70,1,-1,-1,-1,-1,-1,-1,52,2,411,-1,-1,-1,-1,,,,,
31314,5742956,-1,4322,32,-1,-1,-1,-1,-1,-1,24,1,101,-1,-1,-1,-1,,,,,
31315,5742990,-1,4289,8,-1,-1,-1,-1,-1,-1,24,1,101,-1,-1,-1,-1,,,,,
31320,5743244,-1,37,1,-1,-1,-1,-1,-1,-1,4,1,4,-1,-1,-1,-1,,,,,
31322,5743350,-1,28,32,-1,-1,-1,-1,-1,-1,13,1,274,-1,-1,-1,-1,,,,,
31323,5743361,-1,124,1,-1,-1,-1,-1,-1,-1,52,2,412,-1,-1,-1,-1,,,,,
31324,5743395,-1,71,1,-1,-1,-1,-1,-1,-1,15,1,12,-1,-1,-1,-1,,,,,
31325,5743478,-1,21,1,-1,-1,-1,-1,-1,-1,15,1,12,-1,-1,-1,-1,,,,,
31326,5743504,-1,21,4,-1,-1,-1,-1,-1,-1,15,1,19,-1,-1,-1,-1,,,,,
31327,5743823,-1,3608,32,-1,-1,-1,-1,-1,-1,4,1,-1,-1,-1,-1,-1,,,,,
31328,5743840,-1,106,16,-1,-1,-1,-1,-1,-1,13,1,274,-1,-1,-1,-1,,,,,
31330,5743900,-1,22,4,-1,-1,-1,-1,-1,-1,15,1,19,-1,-1,-1,-1,,,,,
31331,5744059,-1,2087,4,-1,-1,-1,-1,-1,-1,15,1,19,-1,-1,-1,-1,,,,,
31332,5744081,-1,2069,2,-1,-1,-1,-1,-1,-1,15,1,20,-1,-1,-1,-1,,,,,
31339,5745557,-1,3281,32,-1,-1,-1,-1,-1,-1,56,1,-1,-1,-1,-1,-1,,,,,
31348,5746777,-1,91,16,-1,-1,-1,-1,-1,-1,60,1,28,-1,-1,-1,-1,,,,,
31351,5747208,-1,30,16,-1,-1,-1,-1,-1,-1,13,1,274,-1,-1,-1,-1,,,,,
31352,5747272,-1,462,16,-1,-1,-1,-1,-1,-1,60,1,28,-1,-1,-1,-1,,,,,
31354,5747366,-1,84,16,-1,-1,-1,-1,-1,-1,13,1,274,-1,-1,-1,-1,,,,,
31355,5747437,-1,162,32,-1,-1,-1,-1,-1,-1,30,1,76,-1,-1,-1,-1,,,,,
31356,5747609,-1,161,32,-1,-1,-1,-1,-1,-1,30,1,76,-1,-1,-1,-1,,,,,
31357,5747720,-1,0,32,-1,-1,-1,-1,-1,-1,24,1,101,-1,-1,-1,-1,,,,,
31358,5747749,-1,0,8,-1,-1,-1,-1,-1,-1,24,1,101,-1,-1,-1,-1,,,,,
31359,5747799,-1,191,32,-1,-1,-1,-1,-1,-1,30,1,76,-1,-1,-1,-1,,,,,
31361,5748023,-1,0,32,-1,-1,-1,-1,-1,-1,4,1,-1,-1,-1,-1,-1,,,,,
31362,5748027,-1,17,1,-1,-1,-1,-1,-1,-1,4,1,2,-1,-1,-1,-1,,,,,
31363,5748133,-1,190,16,-1,-1,-1,-1,-1,-1,60,1,28,-1,-1,-1,-1,,,,,
31367,5748408,-1,21,16,-1,-1,-1,-1,-1,-1,60,1,28,-1,-1,-1,-1,,,,,
31368,5748460,-1,21,16,-1,-1,-1,-1,-1,-1,60,1,28,-1,-1,-1,-1,,,,,
31370,5748575,-1,194,16,-1,-1,-1,-1,-1,-1,60,1,28,-1,-1,-1,-1,,,,,
31371,5748791,-1,53,4,-1,-1,-1,-1,-1,-1,40,2,297,-1,-1,-1,-1,,,,,
31372,5748819,-1,145,16,-1,-1,-1,-1,-1,-1,60,1,28,-1,-1,-1,-1,,,,,
31373,5748855,-1,1511,32,-1,-1,-1,-1,-1,-1,28,1,-1,-1,-1,-1,-1,,,,,
31374,5748987,-1,217,16,-1,-1,-1,-1,-1,-1,60,1,28,-1,-1,-1,-1,,,,,
31378,5750057,-1,193,1,-1,-1,-1,-1,-1,-1,58,1,410,-1,-1,-1,-1,,,,,
31382,5750252,-1,322,8,-1,-1,-1,-1,-1,-1,51,1,324,-1,-1,-1,-1,,,,,
31384,5750378,-1,100,32,-1,-1,-1,-1,-1,-1,28,1,67,-1,-1,-1,-1,,,,,
31385,5750451,-1,30,1,-1,-1,-1,-1,-1,-1,4,1,4,-1,-1,-1,-1,,,,,
31386,5750488,-1,23,1,-1,-1,-1,-1,-1,-1,28,1,409,-1,-1,-1,-1,,,,,
31389,5752506,-1,3698,32,-1,-1,-1,-1,-1,-1,4,1,-1,-1,-1,-1,-1,,,,,
31390,5752516,-1,210,16,-1,-1,-1,-1,-1,-1,12,2,-1,-1,-1,-1,-1,,,,,
31391,5752547,-1,3427,32,-1,-1,-1,-1,-1,-1,24,1,101,-1,-1,-1,-1,,,,,
31393,5752599,-1,3376,8,-1,-1,-1,-1,-1,-1,24,1,101,-1,-1,-1,-1,,,,,
31394,5752636,-1,38,1,-1,-1,-1,-1,-1,-1,15,1,12,-1,-1,-1,-1,,,,,
31395,5752646,-1,233,32,-1,-1,-1,-1,-1,-1,30,1,76,-1,-1,-1,-1,,,,,
31397,5752725,-1,95,1,-1,-1,-1,-1,-1,-1,15,1,12,-1,-1,-1,-1,,,,,
31399,5752844,-1,36,1,-1,-1,-1,-1,-1,-1,15,1,12,-1,-1,-1,-1,,,,,
31401,5752887,-1,165,4,-1,-1,-1,-1,-1,-1,15,1,19,-1,-1,-1,-1,,,,,
31402,5752893,-1,218,32,-1,-1,-1,-1,-1,-1,30,1,76,-1,-1,-1,-1,,,,,
31403,5752915,-1,143,2,-1,-1,-1,-1,-1,-1,15,1,20,-1,-1,-1,-1,,,,,
31404,5753362,-1,15375,1,-1,-1,-1,-1,-1,-1,58,1,379,-1,-1,-1,-1,,,,,
31406,5753426,-1,221,1,-1,-1,-1,-1,-1,-1,58,1,324,-1,-1,-1,-1,,,,,
31407,5753492,-1,175,32,-1,-1,-1,-1,-1,-1,30,1,76,-1,-1,-1,-1,,,,,
31408,5753605,-1,22,1,-1,-1,-1,-1,-1,-1,15,1,12,-1,-1,-1,-1,,,,,
31409,5753726,-1,43,4,-1,-1,-1,-1,-1,-1,40,2,297,-1,-1,-1,-1,,,,,
31410,5753784,-1,448,1,-1,-1,-1,-1,-1,-1,15,1,12,-1,-1,-1,-1,,,,,
31411,5753795,-1,49,4,-1,-1,-1,-1,-1,-1,40,2,297,-1,-1,-1,-1,,,,,
31414,5753883,-1,183,32,-1,-1,-1,-1,-1,-1,30,1,76,-1,-1,-1,-1,,,,,
31418,5754104,-1,174,32,-1,-1,-1,-1,-1,-1,30,1,76,-1,-1,-1,-1,,,,,
31419,5754168,-1,30,1,-1,-1,-1,-1,-1,-1,4,1,4,-1,-1,-1,-1,,,,,
31420,5754234,-1,43,4,-1,-1,-1,-1,-1,-1,35,1,106,-1,-1,-1,-1,,,,,
31421,5754268,-1,194,1,-1,-1,-1,-1,-1,-1,58,1,324,-1,-1,-1,-1,,,,,
31422,5754272,-1,141,1,-1,-1,-1,-1,-1,-1,52,2,411,-1,-1,-1,-1,,,,,
31423,5754328,-1,18,1,-1,-1,-1,-1,-1,-1,15,1,12,-1,-1,-1,-1,,,,,
31424,5754387,-1,52,1,-1,-1,-1,-1,-1,-1,15,1,12,-1,-1,-1,-1,,,,,
31425,5754463,-1,23,1,-1,-1,-1,-1,-1,-1,15,1,12,-1,-1,-1,-1,,,,,
31426,5754491,-1,28,4,-1,-1,-1,-1,-1,-1,15,1,19,-1,-1,-1,-1,,,,,
31427,5754534,-1,646,8,-1,-1,-1,-1,-1,-1,51,1,324,-1,-1,-1,-1,,,,,
31428,5754539,-1,5,4,-1,-1,-1,-1,-1,-1,15,1,19,-1,-1,-1,-1,,,,,
31429,5754595,-1,192,32,-1,-1,-1,-1,-1,-1,30,1,76,-1,-1,-1,-1,,,,,
31431,5754647,-1,22569,4,-1,-1,-1,-1,-1,-1,15,1,19,-1,-1,-1,-1,,,,,
31432,5754669,-1,22547,2,-1,-1,-1,-1,-1,-1,15,1,20,-1,-1,-1,-1,,,,,
31433,5754776,-1,5357,4,-1,-1,-1,-1,-1,-1,35,1,106,-1,-1,-1,-1,,,,,
31436,5755875,-1,221,32,-1,-1,-1,-1,-1,-1,30,1,76,-1,-1,-1,-1,,,,,
31437,5755983,-1,3332,32,-1,-1,-1,-1,-1,-1,56,1,-1,-1,-1,-1,-1,,,,,
31439,5756327,-1,2990,32,-1,-1,-1,-1,-1,-1,24,1,101,-1,-1,-1,-1,,,,,
31440,5756361,-1,2957,8,-1,-1,-1,-1,-1,-1,24,1,101,-1,-1,-1,-1,,,,,
31441,5756377,-1,197,32,-1,-1,-1,-1,-1,-1,30,1,76,-1,-1,-1,-1,,,,,
31448,5757627,-1,59,4,-1,-1,-1,-1,-1,-1,40,2,297,-1,-1,-1,-1,,,,,
31449,5757820,-1,58,4,-1,-1,-1,-1,-1,-1,40,2,297,-1,-1,-1,-1,,,,,
31450,5757913,-1,183,32,-1,-1,-1,-1,-1,-1,4,1,3,-1,-1,-1,-1,,,,,
31451,5757979,-1,58,4,-1,-1,-1,-1,-1,-1,40,2,297,-1,-1,-1,-1,,,,,
31453,5758100,-1,15,1,-1,-1,-1,-1,-1,-1,4,1,4,-1,-1,-1,-1,,,,,
31454,5758141,-1,109,16,-1,-1,-1,-1,-1,-1,28,1,67,-1,-1,-1,-1,,,,,
31455,5758292,-1,115,16,-1,-1,-1,-1,-1,-1,28,1,67,-1,-1,-1,-1,,,,,
31456,5758488,-1,129,16,-1,-1,-1,-1,-1,-1,28,1,67,-1,-1,-1,-1,,,,,
31458,5758726,-1,117,16,-1,-1,-1,-1,-1,-1,28,1,67,-1,-1,-1,-1,,,,,
31459,5758879,-1,121,16,-1,-1,-1,-1,-1,-1,28,1,67,-1,-1,-1,-1,,,,,
31460,5758910,-1,172,1,-1,-1,-1,-1,-1,-1,58,1,324,-1,-1,-1,-1,,,,,
31461,5759010,-1,125,16,-1,-1,-1,-1,-1,-1,28,1,67,-1,-1,-1,-1,,,,,
31464,5759185,-1,294,32,-1,-1,-1,-1,-1,-1,41,1,28,-1,-1,-1,-1,,,,,
31466,5759236,-1,21,4,-1,-1,-1,-1,-1,-1,8,1,413,-1,-1,-1,-1,,,,,
31468,5759323,-1,1018,32,-1,-1,-1,-1,-1,-1,56,1,-1,-1,-1,-1,-1,,,,,
31469,5759371,-1,38,4,-1,-1,-1,-1,-1,-1,8,1,413,-1,-1,-1,-1,,,,,
31470,5759377,-1,19,1,-1,-1,-1,-1,-1,-1,28,1,409,-1,-1,-1,-1,,,,,
31471,5759403,-1,17,1,-1,-1,-1,-1,-1,-1,28,1,409,-1,-1,-1,-1,,,,,
31472,5759425,-1,208,32,-1,-1,-1,-1,-1,-1,4,1,3,-1,-1,-1,-1,,,,,
31473,5759431,-1,24,1,-1,-1,-1,-1,-1,-1,28,1,409,-1,-1,-1,-1,,,,,
31474,5759468,-1,32,1,-1,-1,-1,-1,-1,-1,28,1,409,-1,-1,-1,-1,,,,,
31475,5759518,-1,66,4,-1,-1,-1,-1,-1,-1,40,2,297,-1,-1,-1,-1,,,,,
31476,5759531,-1,24,1,-1,-1,-1,-1,-1,-1,28,1,409,-1,-1,-1,-1,,,,,
31477,5759534,-1,132,32,-1,-1,-1,-1,-1,-1,41,1,28,-1,-1,-1,-1,,,,,
31478,5759572,-1,33,1,-1,-1,-1,-1,-1,-1,28,1,409,-1,-1,-1,-1,,,,,
31479,5759653,-1,39,4,-1,-1,-1,-1,-1,-1,8,1,413,-1,-1,-1,-1,,,,,
31481,5759925,-1,108,32,-1,-1,-1,-1,-1,-1,4,1,3,-1,-1,-1,-1,,,,,
31482,5760140,-1,103,16,-1,-1,-1,-1,-1,-1,8,1,413,-1,-1,-1,-1,,,,,
31483,5760203,-1,52,4,-1,-1,-1,-1,-1,-1,40,2,297,-1,-1,-1,-1,,,,,
31484,5760237,-1,108,1,-1,-1,-1,-1,-1,-1,52,2,411,-1,-1,-1,-1,,,,,
31485,5760384,-1,223,32,-1,-1,-1,-1,-1,-1,12,2,-1,-1,-1,-1,-1,,,,,
31487,5760416,-1,277,32,-1,-1,-1,-1,-1,-1,41,1,28,-1,-1,-1,-1,,,,,
31488,5760434,-1,1629,32,-1,-1,-1,-1,-1,-1,24,1,101,-1,-1,-1,-1,,,,,
31489,5760460,-1,1604,8,-1,-1,-1,-1,-1,-1,24,1,101,-1,-1,-1,-1,,,,,
31490,5760662,-1,22,16,-1,-1,-1,-1,-1,-1,64,1,80,-1,-1,-1,-1,,,,,
31491,5760704,-1,114,32,-1,-1,-1,-1,-1,-1,41,1,28,-1,-1,-1,-1,,,,,
31492,5760731,-1,21,16,-1,-1,-1,-1,-1,-1,64,1,80,-1,-1,-1,-1,,,,,
31493,5760824,-1,28,32,-1,-1,-1,-1,-1,-1,41,1,28,-1,-1,-1,-1,,,,,
31495,5760880,-1,841,64,-1,-1,-1,-1,-1,-1,41,1,28,-1,-1,-1,-1,,,,,
31496,5760893,-1,21,16,-1,-1,-1,-1,-1,-1,64,1,80,-1,-1,-1,-1,,,,,
31498,5760982,-1,182,16,-1,-1,-1,-1,-1,-1,60,1,80,-1,-1,-1,-1,,,,,
31500,5761175,-1,21,16,-1,-1,-1,-1,-1,-1,64,1,80,-1,-1,-1,-1,,,,,
31501,5761226,-1,21,16,-1,-1,-1,-1,-1,-1,64,1,80,-1,-1,-1,-1,,,,,
31502,5761272,-1,21,16,-1,-1,-1,-1,-1,-1,64,1,80,-1,-1,-1,-1,,,,,
31503,5761327,-1,21,16,-1,-1,-1,-1,-1,-1,64,1,80,-1,-1,-1,-1,,,,,
31504,5761354,-1,26,16,-1,-1,-1,-1,-1,-1,64,1,80,-1,-1,-1,-1,,,,,
31505,5761385,-1,22,16,-1,-1,-1,-1,-1,-1,64,1,80,-1,-1,-1,-1,,,,,
31506,5761479,-1,22,16,-1,-1,-1,-1,-1,-1,64,1,80,-1,-1,-1,-1,,,,,
31508,5761754,-1,21,16,-1,-1,-1,-1,-1,-1,64,1,80,-1,-1,-1,-1,,,,,
31509,5761892,-1,21,16,-1,-1,-1,-1,-1,-1,64,1,80,-1,-1,-1,-1,,,,,
31510,5761951,-1,21,16,-1,-1,-1,-1,-1,-1,64,1,80,-1,-1,-1,-1,,,,,
31511,5761995,-1,0,64,-1,-1,-1,-1,-1,-1,41,1,28,-1,-1,-1,-1,,,,,
31512,5762006,-1,660,64,-1,-1,-1,-1,-1,-1,41,1,28,-1,-1,-1,-1,,,,,
31513,5762039,-1,23,16,-1,-1,-1,-1,-1,-1,64,1,80,-1,-1,-1,-1,,,,,
31514,5762127,-1,84,16,-1,-1,-1,-1,-1,-1,40,2,28,-1,-1,-1,-1,,,,,
31515,5762531,-1,81,16,-1,-1,-1,-1,-1,-1,40,2,80,-1,-1,-1,-1,,,,,
31516,5762634,-1,47,16,-1,-1,-1,-1,-1,-1,40,2,80,-1,-1,-1,-1,,,,,
31517,5762683,-1,56,16,-1,-1,-1,-1,-1,-1,40,2,80,-1,-1,-1,-1,,,,,
31518,5762698,-1,1,64,-1,-1,-1,-1,-1,-1,41,1,28,-1,-1,-1,-1,,,,,
31519,5762716,-1,5,32,-1,-1,-1,-1,-1,-1,24,1,101,-1,-1,-1,-1,,,,,
31520,5762726,-1,347,64,-1,-1,-1,-1,-1,-1,41,1,28,-1,-1,-1,-1,,,,,
31521,5762733,-1,22,16,-1,-1,-1,-1,-1,-1,60,1,28,-1,-1,-1,-1,,,,,
31522,5762740,-1,28,16,-1,-1,-1,-1,-1,-1,40,2,80,-1,-1,-1,-1,,,,,
31523,5762807,-1,7,16,-1,-1,-1,-1,-1,-1,60,1,28,-1,-1,-1,-1,,,,,
31524,5762826,-1,21,16,-1,-1,-1,-1,-1,-1,64,1,80,-1,-1,-1,-1,,,,,
31525,5762842,-1,327,16,-1,-1,-1,-1,-1,-1,60,1,28,-1,-1,-1,-1,,,,,
31526,5762903,-1,22,16,-1,-1,-1,-1,-1,-1,64,1,80,-1,-1,-1,-1,,,,,
31527,5762969,-1,2,1,-1,-1,-1,-1,-1,-1,58,1,324,-1,-1,-1,-1,,,,,
31528,5763017,-1,22,8,-1,-1,-1,-1,-1,-1,64,1,75,-1,-1,-1,-1,,,,,
31529,5763032,-1,168,1,-1,-1,-1,-1,-1,-1,58,1,324,-1,-1,-1,-1,,,,,
31530,5763067,-1,22,8,-1,-1,-1,-1,-1,-1,64,1,80,-1,-1,-1,-1,,,,,
31531,5763088,-1,0,64,-1,-1,-1,-1,-1,-1,41,1,28,-1,-1,-1,-1,,,,,
31532,5763094,-1,31,8,-1,-1,-1,-1,-1,-1,64,1,80,-1,-1,-1,-1,,,,,
31533,5763101,-1,60,64,-1,-1,-1,-1,-1,-1,41,1,28,-1,-1,-1,-1,,,,,
31534,5763136,-1,25,8,-1,-1,-1,-1,-1,-1,64,1,80,-1,-1,-1,-1,,,,,
31535,5763175,-1,22,8,-1,-1,-1,-1,-1,-1,64,1,80,-1,-1,-1,-1,,,,,
31536,5763181,-1,175,32,-1,-1,-1,-1,-1,-1,4,1,3,-1,-1,-1,-1,,,,,
31537,5763235,-1,22,16,-1,-1,-1,-1,-1,-1,64,1,80,-1,-1,-1,-1,,,,,
31538,5763277,-1,50,16,-1,-1,-1,-1,-1,-1,60,1,28,-1,-1,-1,-1,,,,,
31539,5763283,-1,23,8,-1,-1,-1,-1,-1,-1,64,1,80,-1,-1,-1,-1,,,,,
31540,5763368,-1,301,32,-1,-1,-1,-1,-1,-1,4,1,3,-1,-1,-1,-1,,,,,
31541,5763440,-1,55,16,-1,-1,-1,-1,-1,-1,64,1,80,-1,-1,-1,-1,,,,,
31542,5763481,-1,32,16,-1,-1,-1,-1,-1,-1,60,1,28,-1,-1,-1,-1,,,,,
31543,5763525,-1,18,1,-1,-1,-1,-1,-1,-1,64,1,9,-1,-1,-1,-1,,,,,
31544,5763562,-1,15,1,-1,-1,-1,-1,-1,-1,64,1,107,-1,-1,-1,-1,,,,,
31545,5763578,-1,327,16,-1,-1,-1,-1,-1,-1,64,1,80,-1,-1,-1,-1,,,,,
31546,5763761,-1,122,16,-1,-1,-1,-1,-1,-1,60,1,28,-1,-1,-1,-1,,,,,
31547,5763921,-1,818,16,-1,-1,-1,-1,-1,-1,64,1,80,-1,-1,-1,-1,,,,,
31548,5763991,-1,24,16,-1,-1,-1,-1,-1,-1,60,1,28,-1,-1,-1,-1,,,,,
31549,5764042,-1,747,16,-1,-1,-1,-1,-1,-1,60,1,28,-1,-1,-1,-1,,,,,
31550,5764046,-1,4466,32,-1,-1,-1,-1,-1,-1,24,1,101,-1,-1,-1,-1,,,,,
31551,5764082,-1,4431,8,-1,-1,-1,-1,-1,-1,24,1,101,-1,-1,-1,-1,,,,,
31552,5764574,-1,3325,32,-1,-1,-1,-1,-1,-1,56,1,-1,-1,-1,-1,-1,,,,,
31553,5764628,-1,23,4,-1,-1,-1,-1,-1,-1,35,1,406,-1,-1,-1,-1,,,,,
31554,5764689,-1,23,1,-1,-1,-1,-1,-1,-1,64,1,102,-1,-1,-1,-1,,,,,
31555,5764733,-1,277,8,-1,-1,-1,-1,-1,-1,40,2,28,-1,-1,-1,-1,,,,,
31556,5764757,-1,24,16,-1,-1,-1,-1,-1,-1,64,1,80,-1,-1,-1,-1,,,,,
31557,5765121,-1,259,32,-1,-1,-1,-1,-1,-1,40,2,28,-1,-1,-1,-1,,,,,
31558,5765447,-1,3290,1,-1,-1,-1,-1,-1,-1,58,1,324,-1,-1,-1,-1,,,,,
31559,5765450,-1,26,32,-1,-1,-1,-1,-1,-1,40,2,28,-1,-1,-1,-1,,,,,
31560,5765506,-1,187,32,-1,-1,-1,-1,-1,-1,40,2,28,-1,-1,-1,-1,,,,,
31561,5765724,-1,3,16,-1,-1,-1,-1,-1,-1,40,2,28,-1,-1,-1,-1,,,,,
31562,5765842,-1,172,16,-1,-1,-1,-1,-1,-1,40,2,28,-1,-1,-1,-1,,,,,
31563,5766054,-1,175,16,-1,-1,-1,-1,-1,-1,40,2,28,-1,-1,-1,-1,,,,,
31564,5766296,-1,60,16,-1,-1,-1,-1,-1,-1,40,2,81,-1,-1,-1,-1,,,,,
31565,5766356,-1,76,8,-1,-1,-1,-1,-1,-1,40,2,28,-1,-1,-1,-1,,,,,
31566,5766398,-1,35,16,-1,-1,-1,-1,-1,-1,40,2,81,-1,-1,-1,-1,,,,,
31567,5766479,-1,134,16,-1,-1,-1,-1,-1,-1,40,2,28,-1,-1,-1,-1,,,,,
31568,5766521,-1,62,16,-1,-1,-1,-1,-1,-1,40,2,81,-1,-1,-1,-1,,,,,
31569,5766605,-1,62,16,-1,-1,-1,-1,-1,-1,40,2,81,-1,-1,-1,-1,,,,,
31570,5766649,-1,201,16,-1,-1,-1,-1,-1,-1,40,2,28,-1,-1,-1,-1,,,,,
31571,5766688,-1,66,16,-1,-1,-1,-1,-1,-1,40,2,81,-1,-1,-1,-1,,,,,
31572,5766780,-1,34,16,-1,-1,-1,-1,-1,-1,40,2,81,-1,-1,-1,-1,,,,,
31573,5766851,-1,51,16,-1,-1,-1,-1,-1,-1,40,2,81,-1,-1,-1,-1,,,,,
31574,5766918,-1,64,16,-1,-1,-1,-1,-1,-1,40,2,81,-1,-1,-1,-1,,,,,
31575,5766990,-1,750,16,-1,-1,-1,-1,-1,-1,64,1,80,-1,-1,-1,-1,,,,,
31576,5767000,-1,84,16,-1,-1,-1,-1,-1,-1,40,2,81,-1,-1,-1,-1,,,,,
31577,5767124,-1,151,16,-1,-1,-1,-1,-1,-1,13,1,274,-1,-1,-1,-1,,,,,
31578,5767299,-1,90,16,-1,-1,-1,-1,-1,-1,13,1,274,-1,-1,-1,-1,,,,,
31579,5767414,-1,39,16,-1,-1,-1,-1,-1,-1,40,2,81,-1,-1,-1,-1,,,,,
31580,5767477,-1,86,16,-1,-1,-1,-1,-1,-1,40,2,81,-1,-1,-1,-1,,,,,
31581,5767572,-1,248,16,-1,-1,-1,-1,-1,-1,40,2,80,-1,-1,-1,-1,,,,,
31582,5767751,-1,108,16,-1,-1,-1,-1,-1,-1,64,1,80,-1,-1,-1,-1,,,,,
31583,5767871,-1,364,16,-1,-1,-1,-1,-1,-1,64,1,80,-1,-1,-1,-1,,,,,
31584,5767903,-1,3316,32,-1,-1,-1,-1,-1,-1,56,1,-1,-1,-1,-1,-1,,,,,
31585,5768070,-1,40,1,-1,-1,-1,-1,-1,-1,64,1,9,-1,-1,-1,-1,,,,,
31586,5768124,-1,37,4,-1,-1,-1,-1,-1,-1,60,1,28,-1,-1,-1,-1,,,,,
31587,5768174,-1,37,1,-1,-1,-1,-1,-1,-1,64,1,9,-1,-1,-1,-1,,,,,
31588,5768212,-1,100,16,-1,-1,-1,-1,-1,-1,60,1,28,-1,-1,-1,-1,,,,,
31589,5768246,-1,119,16,-1,-1,-1,-1,-1,-1,64,1,80,-1,-1,-1,-1,,,,,
31590,5768454,-1,414,16,-1,-1,-1,-1,-1,-1,64,1,80,-1,-1,-1,-1,,,,,
31591,5768501,-1,112,16,-1,-1,-1,-1,-1,-1,64,1,80,-1,-1,-1,-1,,,,,
31592,5768619,-1,253,16,-1,-1,-1,-1,-1,-1,64,1,80,-1,-1,-1,-1,,,,,
31593,5768749,-1,189,1,-1,-1,-1,-1,-1,-1,58,1,324,-1,-1,-1,-1,,,,,
31594,5768888,-1,106,16,-1,-1,-1,-1,-1,-1,64,1,80,-1,-1,-1,-1,,,,,
31595,5769017,-1,111,16,-1,-1,-1,-1,-1,-1,64,1,80,-1,-1,-1,-1,,,,,
31596,5769033,-1,23152,1,-1,-1,-1,-1,-1,-1,58,1,324,-1,-1,-1,-1,,,,,
31597,5769062,-1,2153,16,-1,-1,-1,-1,-1,-1,64,1,80,-1,-1,-1,-1,,,,,
31598,5769130,-1,8685,16,-1,-1,-1,-1,-1,-1,64,1,80,-1,-1,-1,-1,,,,,
31599,5771101,-1,14,1,-1,-1,-1,-1,-1,-1,9,2,9,-1,-1,-1,-1,,,,,
31600,5771224,-1,3284,32,-1,-1,-1,-1,-1,-1,56,1,-1,-1,-1,-1,-1,,,,,
31601,5774118,-1,114,1,-1,-1,-1,-1,-1,-1,16,2,414,-1,-1,-1,-1,,,,,
31602,5774274,-1,145,2,-1,-1,-1,-1,-1,-1,16,2,414,-1,-1,-1,-1,,,,,
31603,5774511,-1,3300,32,-1,-1,-1,-1,-1,-1,56,1,-1,-1,-1,-1,-1,,,,,
31604,5775449,-1,74,16,-1,-1,-1,-1,-1,-1,28,1,67,-1,-1,-1,-1,,,,,
31605,5775527,-1,48,16,-1,-1,-1,-1,-1,-1,28,1,67,-1,-1,-1,-1,,,,,
31606,5775578,-1,34,16,-1,-1,-1,-1,-1,-1,28,1,67,-1,-1,-1,-1,,,,,
31607,5775614,-1,36,16,-1,-1,-1,-1,-1,-1,28,1,67,-1,-1,-1,-1,,,,,
31608,5775653,-1,39,16,-1,-1,-1,-1,-1,-1,28,1,67,-1,-1,-1,-1,,,,,
31609,5775693,-1,41,16,-1,-1,-1,-1,-1,-1,28,1,67,-1,-1,-1,-1,,,,,
31610,5775738,-1,36,16,-1,-1,-1,-1,-1,-1,28,1,67,-1,-1,-1,-1,,,,,
31611,5775781,-1,35,16,-1,-1,-1,-1,-1,-1,28,1,67,-1,-1,-1,-1,,,,,
31612,5775817,-1,35,16,-1,-1,-1,-1,-1,-1,28,1,67,-1,-1,-1,-1,,,,,
31613,5775857,-1,39,16,-1,-1,-1,-1,-1,-1,28,1,67,-1,-1,-1,-1,,,,,
31614,5775901,-1,37,16,-1,-1,-1,-1,-1,-1,28,1,67,-1,-1,-1,-1,,,,,
31615,5775941,-1,37,16,-1,-1,-1,-1,-1,-1,28,1,67,-1,-1,-1,-1,,,,,
31616,5775981,-1,39,16,-1,-1,-1,-1,-1,-1,28,1,67,-1,-1,-1,-1,,,,,
31617,5776026,-1,42,16,-1,-1,-1,-1,-1,-1,28,1,67,-1,-1,-1,-1,,,,,
31618,5776072,-1,43,16,-1,-1,-1,-1,-1,-1,28,1,67,-1,-1,-1,-1,,,,,
31619,5776118,-1,45,16,-1,-1,-1,-1,-1,-1,28,1,67,-1,-1,-1,-1,,,,,
31620,5776166,-1,39,16,-1,-1,-1,-1,-1,-1,28,1,67,-1,-1,-1,-1,,,,,
31621,5776240,-1,21,1,-1,-1,-1,-1,-1,-1,28,1,409,-1,-1,-1,-1,,,,,
31622,5776265,-1,6,1,-1,-1,-1,-1,-1,-1,28,1,409,-1,-1,-1,-1,,,,,
31623,5776275,-1,9,1,-1,-1,-1,-1,-1,-1,28,1,409,-1,-1,-1,-1,,,,,
31624,5776287,-1,10,1,-1,-1,-1,-1,-1,-1,28,1,409,-1,-1,-1,-1,,,,,
31625,5776300,-1,7,1,-1,-1,-1,-1,-1,-1,28,1,409,-1,-1,-1,-1,,,,,
31626,5776311,-1,7,1,-1,-1,-1,-1,-1,-1,28,1,409,-1,-1,-1,-1,,,,,
31627,5776340,-1,29,1,-1,-1,-1,-1,-1,-1,28,1,409,-1,-1,-1,-1,,,,,
31628,5776372,-1,7,1,-1,-1,-1,-1,-1,-1,28,1,409,-1,-1,-1,-1,,,,,
31629,5776389,-1,9,1,-1,-1,-1,-1,-1,-1,28,1,409,-1,-1,-1,-1,,,,,
31630,5776402,-1,6,1,-1,-1,-1,-1,-1,-1,28,1,409,-1,-1,-1,-1,,,,,
31631,5776413,-1,11,1,-1,-1,-1,-1,-1,-1,28,1,409,-1,-1,-1,-1,,,,,
31632,5776432,-1,9,1,-1,-1,-1,-1,-1,-1,28,1,409,-1,-1,-1,-1,,,,,
31633,5776444,-1,21,1,-1,-1,-1,-1,-1,-1,28,1,409,-1,-1,-1,-1,,,,,
31634,5776472,-1,16,1,-1,-1,-1,-1,-1,-1,28,1,409,-1,-1,-1,-1,,,,,
31635,5776492,-1,7,1,-1,-1,-1,-1,-1,-1,28,1,409,-1,-1,-1,-1,,,,,
31636,5776507,-1,5,1,-1,-1,-1,-1,-1,-1,28,1,409,-1,-1,-1,-1,,,,,
31637,5776521,-1,4,1,-1,-1,-1,-1,-1,-1,28,1,409,-1,-1,-1,-1,,,,,
31638,5776528,-1,11,1,-1,-1,-1,-1,-1,-1,28,1,409,-1,-1,-1,-1,,,,,
31639,5776544,-1,11,1,-1,-1,-1,-1,-1,-1,28,1,409,-1,-1,-1,-1,,,,,
31640,5776558,-1,10,1,-1,-1,-1,-1,-1,-1,28,1,409,-1,-1,-1,-1,,,,,
31641,5776872,-1,51,32,-1,-1,-1,-1,-1,-1,28,1,77,-1,-1,-1,-1,,,,,
31642,5776998,-1,58,32,-1,-1,-1,-1,-1,-1,28,1,77,-1,-1,-1,-1,,,,,
31643,5777070,-1,4187,32,-1,-1,-1,-1,-1,-1,28,1,77,-1,-1,-1,-1,,,,,
31644,5777086,-1,323,16,-1,-1,-1,-1,-1,-1,8,1,413,-1,-1,-1,-1,,,,,
31645,5777413,-1,43,1,-1,-1,-1,-1,-1,-1,15,1,12,-1,-1,-1,-1,,,,,
31646,5777469,-1,20,1,-1,-1,-1,-1,-1,-1,15,1,12,-1,-1,-1,-1,,,,,
31647,5777493,-1,8525,4,-1,-1,-1,-1,-1,-1,15,1,19,-1,-1,-1,-1,,,,,
31648,5777508,-1,500,16,-1,-1,-1,-1,-1,-1,8,1,413,-1,-1,-1,-1,,,,,
31649,5777515,-1,8505,2,-1,-1,-1,-1,-1,-1,15,1,20,-1,-1,-1,-1,,,,,
31650,5777820,-1,3428,32,-1,-1,-1,-1,-1,-1,56,1,-1,-1,-1,-1,-1,,,,,
31651,5778209,-1,1418,16,-1,-1,-1,-1,-1,-1,8,1,413,-1,-1,-1,-1,,,,,
31652,5779486,-1,81,2,-1,-1,-1,-1,-1,-1,42,1,349,-1,-1,-1,-1,,,,,
31653,5779737,-1,42,4,-1,-1,-1,-1,-1,-1,8,1,413,-1,-1,-1,-1,,,,,
31654,5779836,-1,508,8,-1,-1,-1,-1,-1,-1,8,1,413,-1,-1,-1,-1,,,,,
31655,5780158,-1,25,4,-1,-1,-1,-1,-1,-1,35,1,406,-1,-1,-1,-1,,,,,
31656,5780871,-1,27,4,-1,-1,-1,-1,-1,-1,35,1,406,-1,-1,-1,-1,,,,,
31657,5781255,-1,10922,32,-1,-1,-1,-1,-1,-1,28,1,-1,-1,-1,-1,-1,,,,,
31658,5781263,-1,10920,64,-1,-1,-1,-1,-1,-1,4,1,-1,-1,-1,-1,-1,,,,,
31672,5792190,-1,0,128,-1,-1,-1,-1,-1,-1,28,1,-1,-1,-1,-1,-1,,,,,
31679,5800417,-1,10919,128,-1,-1,-1,-1,-1,-1,28,1,-1,-1,-1,-1,-1,,,,,
31680,5811344,-1,0,128,-1,-1,-1,-1,-1,-1,12,2,-1,-1,-1,-1,-1,,,,,
31689,5816766,-1,913,32,-1,-1,-1,-1,-1,-1,28,1,-1,-1,-1,-1,-1,,,,,
31705,5817440,-1,181,16,-1,-1,-1,-1,-1,-1,12,2,-1,-1,-1,-1,-1,,,,,
31706,5817455,-1,16,1,-1,-1,-1,-1,-1,-1,12,2,1,-1,-1,-1,-1,,,,,
31708,5817648,-1,3723,32,-1,-1,-1,-1,-1,-1,28,1,-1,-1,-1,-1,-1,,,,,
31716,5818691,-1,22,1,-1,-1,-1,-1,-1,-1,15,1,12,-1,-1,-1,-1,,,,,
31719,5818717,-1,1151,4,-1,-1,-1,-1,-1,-1,15,1,19,-1,-1,-1,-1,,,,,
31720,5818740,-1,1128,2,-1,-1,-1,-1,-1,-1,15,1,20,-1,-1,-1,-1,,,,,
31724,5818893,-1,28,16,-1,-1,-1,-1,-1,-1,21,1,262,-1,-1,-1,-1,,,,,
31730,5819106,-1,200,16,-1,-1,-1,-1,-1,-1,21,1,262,-1,-1,-1,-1,,,,,
31731,5819514,-1,210,64,-1,-1,-1,-1,-1,-1,41,1,28,-1,-1,-1,-1,,,,,
31732,5819971,-1,41,64,-1,-1,-1,-1,-1,-1,41,1,28,-1,-1,-1,-1,,,,,
31733,5820015,-1,15,1,-1,-1,-1,-1,-1,-1,15,1,12,-1,-1,-1,-1,,,,,
31734,5820034,-1,9783,4,-1,-1,-1,-1,-1,-1,15,1,19,-1,-1,-1,-1,,,,,
31735,5820055,-1,9762,2,-1,-1,-1,-1,-1,-1,15,1,20,-1,-1,-1,-1,,,,,
31736,5820115,-1,46,64,-1,-1,-1,-1,-1,-1,41,1,28,-1,-1,-1,-1,,,,,
31737,5820227,-1,1,64,-1,-1,-1,-1,-1,-1,41,1,28,-1,-1,-1,-1,,,,,
31738,5820240,-1,71,64,-1,-1,-1,-1,-1,-1,41,1,28,-1,-1,-1,-1,,,,,
31739,5820267,-1,20,4,-1,-1,-1,-1,-1,-1,35,1,406,-1,-1,-1,-1,,,,,
31740,5820356,-1,5,64,-1,-1,-1,-1,-1,-1,41,1,28,-1,-1,-1,-1,,,,,
31741,5820372,-1,0,64,-1,-1,-1,-1,-1,-1,41,1,28,-1,-1,-1,-1,,,,,
31742,5820382,-1,354,64,-1,-1,-1,-1,-1,-1,41,1,28,-1,-1,-1,-1,,,,,
31743,5820571,-1,1886,4,-1,-1,-1,-1,-1,-1,35,1,106,-1,-1,-1,-1,,,,,
31744,5820594,-1,198,1,-1,-1,-1,-1,-1,-1,16,2,414,-1,-1,-1,-1,,,,,
31745,5820625,-1,192,1,-1,-1,-1,-1,-1,-1,16,2,415,-1,-1,-1,-1,,,,,
31746,5820749,-1,177,64,-1,-1,-1,-1,-1,-1,41,1,28,-1,-1,-1,-1,,,,,
31747,5820894,-1,128,1,-1,-1,-1,-1,-1,-1,16,2,414,-1,-1,-1,-1,,,,,
31748,5821150,-1,65,1,-1,-1,-1,-1,-1,-1,16,2,415,-1,-1,-1,-1,,,,,
31749,5821153,-1,64,64,-1,-1,-1,-1,-1,-1,41,1,28,-1,-1,-1,-1,,,,,
31750,5821578,-1,392,16,-1,-1,-1,-1,-1,-1,21,1,262,-1,-1,-1,-1,,,,,
31751,5821839,-1,83,1,-1,-1,-1,-1,-1,-1,16,2,414,-1,-1,-1,-1,,,,,
31752,5821957,-1,40,64,-1,-1,-1,-1,-1,-1,41,1,28,-1,-1,-1,-1,,,,,
31754,5822234,-1,315,64,-1,-1,-1,-1,-1,-1,41,1,28,-1,-1,-1,-1,,,,,
31755,5822425,-1,291,32,-1,-1,-1,-1,-1,-1,16,2,416,-1,-1,-1,-1,,,,,
31757,5822597,-1,146,1,-1,-1,-1,-1,-1,-1,16,2,414,-1,-1,-1,-1,,,,,
31758,5822611,-1,224,4,-1,-1,-1,-1,-1,-1,35,1,106,-1,-1,-1,-1,,,,,
31759,5822679,-1,3724,32,-1,-1,-1,-1,-1,-1,28,1,-1,-1,-1,-1,-1,,,,,
31760,5822704,-1,80,4,-1,-1,-1,-1,-1,-1,40,2,80,-1,-1,-1,-1,,,,,
31761,5822796,-1,115,8,-1,-1,-1,-1,-1,-1,40,2,80,-1,-1,-1,-1,,,,,
31763,5822852,-1,434,4,-1,-1,-1,-1,-1,-1,35,1,106,-1,-1,-1,-1,,,,,
31764,5822865,-1,102,4,-1,-1,-1,-1,-1,-1,40,2,28,-1,-1,-1,-1,,,,,
31765,5822944,-1,99,8,-1,-1,-1,-1,-1,-1,40,2,80,-1,-1,-1,-1,,,,,
31766,5823050,-1,88,16,-1,-1,-1,-1,-1,-1,40,2,80,-1,-1,-1,-1,,,,,
31767,5823055,-1,29,4,-1,-1,-1,-1,-1,-1,40,2,28,-1,-1,-1,-1,,,,,
31768,5823123,-1,112,32,-1,-1,-1,-1,-1,-1,40,2,28,-1,-1,-1,-1,,,,,
31769,5823142,-1,305,8,-1,-1,-1,-1,-1,-1,40,2,80,-1,-1,-1,-1,,,,,
31771,5823420,-1,68,1,-1,-1,-1,-1,-1,-1,16,2,414,-1,-1,-1,-1,,,,,
31772,5823470,-1,231,8,-1,-1,-1,-1,-1,-1,40,2,80,-1,-1,-1,-1,,,,,
31773,5823491,-1,54,8,-1,-1,-1,-1,-1,-1,40,2,28,-1,-1,-1,-1,,,,,
31774,5823681,-1,67,16,-1,-1,-1,-1,-1,-1,40,2,28,-1,-1,-1,-1,,,,,
31776,5823753,-1,243,16,-1,-1,-1,-1,-1,-1,40,2,28,-1,-1,-1,-1,,,,,
31777,5823791,-1,57,16,-1,-1,-1,-1,-1,-1,40,2,28,-1,-1,-1,-1,,,,,
31778,5823876,-1,520,4,-1,-1,-1,-1,-1,-1,35,1,406,-1,-1,-1,-1,,,,,
31779,5823880,-1,73,16,-1,-1,-1,-1,-1,-1,40,2,28,-1,-1,-1,-1,,,,,
31780,5823951,-1,79,1,-1,-1,-1,-1,-1,-1,16,2,414,-1,-1,-1,-1,,,,,
31781,5824000,-1,81,16,-1,-1,-1,-1,-1,-1,40,2,28,-1,-1,-1,-1,,,,,
31782,5824003,-1,151,8,-1,-1,-1,-1,-1,-1,40,2,80,-1,-1,-1,-1,,,,,
31784,5824143,-1,74,16,-1,-1,-1,-1,-1,-1,40,2,80,-1,-1,-1,-1,,,,,
31786,5824165,-1,218,8,-1,-1,-1,-1,-1,-1,40,2,80,-1,-1,-1,-1,,,,,
31787,5824211,-1,499,8,-1,-1,-1,-1,-1,-1,55,1,347,-1,-1,-1,-1,,,,,
31788,5824231,-1,112,16,-1,-1,-1,-1,-1,-1,40,2,80,-1,-1,-1,-1,,,,,
31790,5824369,-1,5,1,-1,-1,-1,-1,-1,-1,23,1,145,-1,-1,-1,-1,,,,,
31792,5824421,-1,109,32,-1,-1,-1,-1,-1,-1,23,1,134,-1,-1,-1,-1,,,,,
31794,5824532,-1,153,1,-1,-1,-1,-1,-1,-1,16,2,414,-1,-1,-1,-1,,,,,
31795,5824536,-1,722,32,-1,-1,-1,-1,-1,-1,41,1,28,-1,-1,-1,-1,,,,,
31796,5824657,-1,85,16,-1,-1,-1,-1,-1,-1,40,2,80,-1,-1,-1,-1,,,,,
31797,5824659,-1,1872,4,-1,-1,-1,-1,-1,-1,35,1,106,-1,-1,-1,-1,,,,,
31798,5824670,-1,259,16,-1,-1,-1,-1,-1,-1,40,2,28,-1,-1,-1,-1,,,,,
31799,5824757,-1,233,16,-1,-1,-1,-1,-1,-1,40,2,80,-1,-1,-1,-1,,,,,
31800,5824984,-1,168,1,-1,-1,-1,-1,-1,-1,16,2,414,-1,-1,-1,-1,,,,,
31802,5825032,-1,977,16,-1,-1,-1,-1,-1,-1,40,2,80,-1,-1,-1,-1,,,,,
31803,5825104,-1,14,1,-1,-1,-1,-1,-1,-1,9,2,9,-1,-1,-1,-1,,,,,
31804,5825300,-1,38,32,-1,-1,-1,-1,-1,-1,41,1,28,-1,-1,-1,-1,,,,,
31805,5825400,-1,55,32,-1,-1,-1,-1,-1,-1,41,1,28,-1,-1,-1,-1,,,,,
31806,5825425,-1,462,16,-1,-1,-1,-1,-1,-1,21,1,262,-1,-1,-1,-1,,,,,
31808,5825833,-1,1,32,-1,-1,-1,-1,-1,-1,41,1,28,-1,-1,-1,-1,,,,,
31810,5825852,-1,92,32,-1,-1,-1,-1,-1,-1,41,1,28,-1,-1,-1,-1,,,,,
31811,5825891,-1,67,16,-1,-1,-1,-1,-1,-1,40,2,80,-1,-1,-1,-1,,,,,
31813,5825951,-1,6,32,-1,-1,-1,-1,-1,-1,41,1,28,-1,-1,-1,-1,,,,,
31815,5825980,-1,42,32,-1,-1,-1,-1,-1,-1,41,1,28,-1,-1,-1,-1,,,,,
31816,5825996,-1,130,16,-1,-1,-1,-1,-1,-1,60,1,80,-1,-1,-1,-1,,,,,
31817,5826008,-1,119,16,-1,-1,-1,-1,-1,-1,40,2,80,-1,-1,-1,-1,,,,,
31818,5826030,-1,252,16,-1,-1,-1,-1,-1,-1,40,2,80,-1,-1,-1,-1,,,,,
31821,5826143,-1,211,16,-1,-1,-1,-1,-1,-1,40,2,80,-1,-1,-1,-1,,,,,
31822,5826268,-1,109,16,-1,-1,-1,-1,-1,-1,60,1,80,-1,-1,-1,-1,,,,,
31823,5826285,-1,168,16,-1,-1,-1,-1,-1,-1,40,2,80,-1,-1,-1,-1,,,,,
31824,5826313,-1,49,32,-1,-1,-1,-1,-1,-1,41,1,28,-1,-1,-1,-1,,,,,
31825,5826375,-1,97,16,-1,-1,-1,-1,-1,-1,40,2,80,-1,-1,-1,-1,,,,,
31826,5826384,-1,34,32,-1,-1,-1,-1,-1,-1,41,1,28,-1,-1,-1,-1,,,,,
31827,5826461,-1,130,16,-1,-1,-1,-1,-1,-1,40,2,80,-1,-1,-1,-1,,,,,
31828,5826507,-1,54,16,-1,-1,-1,-1,-1,-1,40,2,80,-1,-1,-1,-1,,,,,
31829,5826593,-1,35,16,-1,-1,-1,-1,-1,-1,40,2,80,-1,-1,-1,-1,,,,,
31830,5826605,-1,215,16,-1,-1,-1,-1,-1,-1,40,2,80,-1,-1,-1,-1,,,,,
31832,5826724,-1,314,4,-1,-1,-1,-1,-1,-1,35,1,406,-1,-1,-1,-1,,,,,
31833,5826825,-1,124,16,-1,-1,-1,-1,-1,-1,40,2,80,-1,-1,-1,-1,,,,,
31834,5826836,-1,100,16,-1,-1,-1,-1,-1,-1,60,1,80,-1,-1,-1,-1,,,,,
31835,5826839,-1,77,16,-1,-1,-1,-1,-1,-1,40,2,80,-1,-1,-1,-1,,,,,
31836,5826944,-1,37,16,-1,-1,-1,-1,-1,-1,40,2,80,-1,-1,-1,-1,,,,,
31837,5826948,-1,97,16,-1,-1,-1,-1,-1,-1,60,1,80,-1,-1,-1,-1,,,,,
31838,5827003,-1,80,32,-1,-1,-1,-1,-1,-1,41,1,28,-1,-1,-1,-1,,,,,
31839,5827027,-1,151,16,-1,-1,-1,-1,-1,-1,40,2,80,-1,-1,-1,-1,,,,,
31840,5827068,-1,91,16,-1,-1,-1,-1,-1,-1,60,1,80,-1,-1,-1,-1,,,,,
31842,5827273,-1,28,16,-1,-1,-1,-1,-1,-1,60,1,80,-1,-1,-1,-1,,,,,
31843,5827294,-1,8,32,-1,-1,-1,-1,-1,-1,24,1,101,-1,-1,-1,-1,,,,,
31844,5827312,-1,3,16,-1,-1,-1,-1,-1,-1,60,1,80,-1,-1,-1,-1,,,,,
31845,5827323,-1,5,32,-1,-1,-1,-1,-1,-1,24,1,101,-1,-1,-1,-1,,,,,
31846,5827359,-1,96,16,-1,-1,-1,-1,-1,-1,60,1,80,-1,-1,-1,-1,,,,,
31847,5827384,-1,6,32,-1,-1,-1,-1,-1,-1,24,1,101,-1,-1,-1,-1,,,,,
31848,5827482,-1,124,16,-1,-1,-1,-1,-1,-1,60,1,80,-1,-1,-1,-1,,,,,
31849,5827495,-1,94,32,-1,-1,-1,-1,-1,-1,24,1,396,-1,-1,-1,-1,,,,,
31850,5827511,-1,5563,32,-1,-1,-1,-1,-1,-1,24,1,101,-1,-1,-1,-1,,,,,
31852,5827543,-1,5533,8,-1,-1,-1,-1,-1,-1,24,1,101,-1,-1,-1,-1,,,,,
31854,5827624,-1,55,16,-1,-1,-1,-1,-1,-1,60,1,80,-1,-1,-1,-1,,,,,
31856,5827645,-1,81,16,-1,-1,-1,-1,-1,-1,40,2,80,-1,-1,-1,-1,,,,,
31858,5827713,-1,104,16,-1,-1,-1,-1,-1,-1,60,1,80,-1,-1,-1,-1,,,,,
31859,5827732,-1,93,16,-1,-1,-1,-1,-1,-1,40,2,80,-1,-1,-1,-1,,,,,
31861,5827819,-1,117,32,-1,-1,-1,-1,-1,-1,24,1,397,-1,-1,-1,-1,,,,,
31862,5827828,-1,114,16,-1,-1,-1,-1,-1,-1,40,2,80,-1,-1,-1,-1,,,,,
31863,5827832,-1,99,16,-1,-1,-1,-1,-1,-1,60,1,80,-1,-1,-1,-1,,,,,
31864,5827943,-1,92,16,-1,-1,-1,-1,-1,-1,60,1,80,-1,-1,-1,-1,,,,,
31865,5827982,-1,153,16,-1,-1,-1,-1,-1,-1,40,2,80,-1,-1,-1,-1,,,,,
31866,5828066,-1,132,16,-1,-1,-1,-1,-1,-1,60,1,80,-1,-1,-1,-1,,,,,
31867,5828160,-1,249,16,-1,-1,-1,-1,-1,-1,40,2,80,-1,-1,-1,-1,,,,,
31868,5828248,-1,110,16,-1,-1,-1,-1,-1,-1,60,1,80,-1,-1,-1,-1,,,,,
31870,5828410,-1,27,16,-1,-1,-1,-1,-1,-1,60,1,80,-1,-1,-1,-1,,,,,
31871,5828412,-1,88,16,-1,-1,-1,-1,-1,-1,40,2,80,-1,-1,-1,-1,,,,,
31872,5828482,-1,27,16,-1,-1,-1,-1,-1,-1,60,1,80,-1,-1,-1,-1,,,,,
31873,5828502,-1,99,16,-1,-1,-1,-1,-1,-1,40,2,80,-1,-1,-1,-1,,,,,
31874,5828551,-1,28,16,-1,-1,-1,-1,-1,-1,40,2,81,-1,-1,-1,-1,,,,,
31875,5828566,-1,28,16,-1,-1,-1,-1,-1,-1,60,1,80,-1,-1,-1,-1,,,,,
31876,5828603,-1,128,16,-1,-1,-1,-1,-1,-1,40,2,80,-1,-1,-1,-1,,,,,
31877,5828619,-1,27,16,-1,-1,-1,-1,-1,-1,60,1,80,-1,-1,-1,-1,,,,,
31878,5828648,-1,421,16,-1,-1,-1,-1,-1,-1,40,2,81,-1,-1,-1,-1,,,,,
31879,5828654,-1,50,16,-1,-1,-1,-1,-1,-1,60,1,80,-1,-1,-1,-1,,,,,
31880,5828746,-1,139,16,-1,-1,-1,-1,-1,-1,60,1,80,-1,-1,-1,-1,,,,,
31882,5828896,-1,45,16,-1,-1,-1,-1,-1,-1,60,1,80,-1,-1,-1,-1,,,,,
31883,5828954,-1,93,16,-1,-1,-1,-1,-1,-1,60,1,80,-1,-1,-1,-1,,,,,
31884,5828989,-1,107,16,-1,-1,-1,-1,-1,-1,16,2,274,-1,-1,-1,-1,,,,,
31885,5829025,-1,114,16,-1,-1,-1,-1,-1,-1,40,2,80,-1,-1,-1,-1,,,,,
31886,5829072,-1,27,16,-1,-1,-1,-1,-1,-1,40,2,81,-1,-1,-1,-1,,,,,
31887,5829102,-1,98,16,-1,-1,-1,-1,-1,-1,60,1,80,-1,-1,-1,-1,,,,,
31888,5829111,-1,79,16,-1,-1,-1,-1,-1,-1,28,1,67,-1,-1,-1,-1,,,,,
31889,5829163,-1,101,16,-1,-1,-1,-1,-1,-1,40,2,80,-1,-1,-1,-1,,,,,
31892,5829245,-1,19,1,-1,-1,-1,-1,-1,-1,16,2,417,-1,-1,-1,-1,,,,,
31894,5829290,-1,264,16,-1,-1,-1,-1,-1,-1,60,1,80,-1,-1,-1,-1,,,,,
31895,5829346,-1,49,16,-1,-1,-1,-1,-1,-1,28,1,67,-1,-1,-1,-1,,,,,
31896,5829349,-1,121,16,-1,-1,-1,-1,-1,-1,40,2,80,-1,-1,-1,-1,,,,,
31898,5829378,-1,31,1,-1,-1,-1,-1,-1,-1,16,2,417,-1,-1,-1,-1,,,,,
31899,5829403,-1,36,16,-1,-1,-1,-1,-1,-1,28,1,67,-1,-1,-1,-1,,,,,
31900,5829446,-1,31,16,-1,-1,-1,-1,-1,-1,28,1,67,-1,-1,-1,-1,,,,,
31902,5829455,-1,28,16,-1,-1,-1,-1,-1,-1,40,2,81,-1,-1,-1,-1,,,,,
31903,5829484,-1,39,16,-1,-1,-1,-1,-1,-1,28,1,67,-1,-1,-1,-1,,,,,
31904,5829527,-1,32,16,-1,-1,-1,-1,-1,-1,28,1,67,-1,-1,-1,-1,,,,,
31905,5829571,-1,45,16,-1,-1,-1,-1,-1,-1,28,1,67,-1,-1,-1,-1,,,,,
31906,5829627,-1,102,16,-1,-1,-1,-1,-1,-1,40,2,80,-1,-1,-1,-1,,,,,
31907,5829645,-1,63,16,-1,-1,-1,-1,-1,-1,60,1,80,-1,-1,-1,-1,,,,,
31908,5829717,-1,2084,16,-1,-1,-1,-1,-1,-1,60,1,80,-1,-1,-1,-1,,,,,
31910,5829940,-1,29,16,-1,-1,-1,-1,-1,-1,40,2,80,-1,-1,-1,-1,,,,,
31911,5829976,-1,40,16,-1,-1,-1,-1,-1,-1,40,2,80,-1,-1,-1,-1,,,,,
31912,5830062,-1,96,16,-1,-1,-1,-1,-1,-1,40,2,80,-1,-1,-1,-1,,,,,
31913,5830290,-1,98,16,-1,-1,-1,-1,-1,-1,40,2,81,-1,-1,-1,-1,,,,,
31914,5830353,-1,257,32,-1,-1,-1,-1,-1,-1,40,2,80,-1,-1,-1,-1,,,,,
31916,5830409,-1,86,16,-1,-1,-1,-1,-1,-1,40,2,81,-1,-1,-1,-1,,,,,
31917,5830580,-1,83,16,-1,-1,-1,-1,-1,-1,40,2,81,-1,-1,-1,-1,,,,,
31918,5830612,-1,8,8,-1,-1,-1,-1,-1,-1,40,2,80,-1,-1,-1,-1,,,,,
31919,5830625,-1,194,8,-1,-1,-1,-1,-1,-1,40,2,80,-1,-1,-1,-1,,,,,
31920,5830705,-1,434,8,-1,-1,-1,-1,-1,-1,55,1,347,-1,-1,-1,-1,,,,,
31921,5830716,-1,108,16,-1,-1,-1,-1,-1,-1,40,2,81,-1,-1,-1,-1,,,,,
31922,5830747,-1,45,32,-1,-1,-1,-1,-1,-1,41,1,28,-1,-1,-1,-1,,,,,
31924,5830837,-1,65,1,-1,-1,-1,-1,-1,-1,15,1,12,-1,-1,-1,-1,,,,,
31926,5830863,-1,144,16,-1,-1,-1,-1,-1,-1,40,2,81,-1,-1,-1,-1,,,,,
31927,5830907,-1,218,8,-1,-1,-1,-1,-1,-1,40,2,80,-1,-1,-1,-1,,,,,
31928,5830944,-1,8,1,-1,-1,-1,-1,-1,-1,15,1,12,-1,-1,-1,-1,,,,,
31930,5830967,-1,340,16,-1,-1,-1,-1,-1,-1,21,1,262,-1,-1,-1,-1,,,,,
31932,5831062,-1,31,1,-1,-1,-1,-1,-1,-1,15,1,12,-1,-1,-1,-1,,,,,
31933,5831103,-1,340,4,-1,-1,-1,-1,-1,-1,15,1,19,-1,-1,-1,-1,,,,,
31935,5831126,-1,62,32,-1,-1,-1,-1,-1,-1,41,1,28,-1,-1,-1,-1,,,,,
31936,5831127,-1,315,2,-1,-1,-1,-1,-1,-1,15,1,20,-1,-1,-1,-1,,,,,
31937,5831134,-1,154,1,-1,-1,-1,-1,-1,-1,58,1,324,-1,-1,-1,-1,,,,,
31938,5831170,-1,22,1,-1,-1,-1,-1,-1,-1,28,1,409,-1,-1,-1,-1,,,,,
31939,5831204,-1,21,1,-1,-1,-1,-1,-1,-1,28,1,409,-1,-1,-1,-1,,,,,
31940,5831243,-1,99,16,-1,-1,-1,-1,-1,-1,40,2,81,-1,-1,-1,-1,,,,,
31941,5831246,-1,13,1,-1,-1,-1,-1,-1,-1,28,1,409,-1,-1,-1,-1,,,,,
31942,5831264,-1,11,1,-1,-1,-1,-1,-1,-1,28,1,409,-1,-1,-1,-1,,,,,
31943,5831283,-1,21,1,-1,-1,-1,-1,-1,-1,28,1,409,-1,-1,-1,-1,,,,,
31944,5831309,-1,9,1,-1,-1,-1,-1,-1,-1,28,1,409,-1,-1,-1,-1,,,,,
31945,5831322,-1,9,1,-1,-1,-1,-1,-1,-1,28,1,409,-1,-1,-1,-1,,,,,
31946,5831336,-1,11,1,-1,-1,-1,-1,-1,-1,28,1,409,-1,-1,-1,-1,,,,,
31947,5831352,-1,9,1,-1,-1,-1,-1,-1,-1,28,1,409,-1,-1,-1,-1,,,,,
31948,5831371,-1,281,1,-1,-1,-1,-1,-1,-1,58,1,324,-1,-1,-1,-1,,,,,
31949,5831393,-1,45,8,-1,-1,-1,-1,-1,-1,40,2,80,-1,-1,-1,-1,,,,,
31950,5831427,-1,102,16,-1,-1,-1,-1,-1,-1,21,1,262,-1,-1,-1,-1,,,,,
31951,5831457,-1,154,8,-1,-1,-1,-1,-1,-1,40,2,80,-1,-1,-1,-1,,,,,
31952,5831509,-1,91,32,-1,-1,-1,-1,-1,-1,41,1,28,-1,-1,-1,-1,,,,,
31953,5831543,-1,91,16,-1,-1,-1,-1,-1,-1,40,2,81,-1,-1,-1,-1,,,,,
31955,5831626,-1,331,16,-1,-1,-1,-1,-1,-1,21,1,262,-1,-1,-1,-1,,,,,
31956,5831666,-1,29,1,-1,-1,-1,-1,-1,-1,58,1,324,-1,-1,-1,-1,,,,,
31957,5831703,-1,6,8,-1,-1,-1,-1,-1,-1,40,2,80,-1,-1,-1,-1,,,,,
31958,5831710,-1,163,8,-1,-1,-1,-1,-1,-1,40,2,80,-1,-1,-1,-1,,,,,
31959,5831722,-1,112,1,-1,-1,-1,-1,-1,-1,58,1,324,-1,-1,-1,-1,,,,,
31960,5831757,-1,9,1,-1,-1,-1,-1,-1,-1,16,2,417,-1,-1,-1,-1,,,,,
31961,5831773,-1,80,16,-1,-1,-1,-1,-1,-1,16,2,274,-1,-1,-1,-1,,,,,
31962,5831793,-1,168,8,-1,-1,-1,-1,-1,-1,40,2,80,-1,-1,-1,-1,,,,,
31963,5831901,-1,62,32,-1,-1,-1,-1,-1,-1,41,1,28,-1,-1,-1,-1,,,,,
31964,5831910,-1,57,16,-1,-1,-1,-1,-1,-1,60,1,80,-1,-1,-1,-1,,,,,
31965,5831953,-1,373,8,-1,-1,-1,-1,-1,-1,55,1,347,-1,-1,-1,-1,,,,,
31966,5831991,-1,402,16,-1,-1,-1,-1,-1,-1,60,1,80,-1,-1,-1,-1,,,,,
31967,5831993,-1,153,8,-1,-1,-1,-1,-1,-1,40,2,80,-1,-1,-1,-1,,,,,
31968,5832032,-1,85,16,-1,-1,-1,-1,-1,-1,28,1,67,-1,-1,-1,-1,,,,,
31969,5832072,-1,180,8,-1,-1,-1,-1,-1,-1,40,2,80,-1,-1,-1,-1,,,,,
31971,5832184,-1,63,32,-1,-1,-1,-1,-1,-1,41,1,28,-1,-1,-1,-1,,,,,
31972,5832186,-1,156,8,-1,-1,-1,-1,-1,-1,40,2,80,-1,-1,-1,-1,,,,,
31973,5832209,-1,169,1,-1,-1,-1,-1,-1,-1,58,1,324,-1,-1,-1,-1,,,,,
31974,5832264,-1,857,16,-1,-1,-1,-1,-1,-1,21,1,262,-1,-1,-1,-1,,,,,
31975,5832343,-1,149,16,-1,-1,-1,-1,-1,-1,40,2,80,-1,-1,-1,-1,,,,,
31976,5832405,-1,501,16,-1,-1,-1,-1,-1,-1,60,1,80,-1,-1,-1,-1,,,,,
31977,5832425,-1,43,32,-1,-1,-1,-1,-1,-1,41,1,28,-1,-1,-1,-1,,,,,
31979,5832497,-1,27,1,-1,-1,-1,-1,-1,-1,15,1,12,-1,-1,-1,-1,,,,,
31981,5832575,-1,24,1,-1,-1,-1,-1,-1,-1,15,1,12,-1,-1,-1,-1,,,,,
31983,5832589,-1,164,16,-1,-1,-1,-1,-1,-1,40,2,80,-1,-1,-1,-1,,,,,
31984,5832633,-1,22,1,-1,-1,-1,-1,-1,-1,15,1,9,-1,-1,-1,-1,,,,,
31985,5832675,-1,21,1,-1,-1,-1,-1,-1,-1,15,1,9,-1,-1,-1,-1,,,,,
31987,5832690,-1,33,16,-1,-1,-1,-1,-1,-1,40,2,80,-1,-1,-1,-1,,,,,
31988,5832716,-1,25,1,-1,-1,-1,-1,-1,-1,15,1,9,-1,-1,-1,-1,,,,,
31990,5832769,-1,193,16,-1,-1,-1,-1,-1,-1,40,2,80,-1,-1,-1,-1,,,,,
31991,5832805,-1,141,16,-1,-1,-1,-1,-1,-1,40,2,80,-1,-1,-1,-1,,,,,
31992,5832821,-1,90,1,-1,-1,-1,-1,-1,-1,15,1,12,-1,-1,-1,-1,,,,,
31993,5832914,-1,1703,16,-1,-1,-1,-1,-1,-1,60,1,80,-1,-1,-1,-1,,,,,
31994,5832932,-1,35,1,-1,-1,-1,-1,-1,-1,15,1,12,-1,-1,-1,-1,,,,,
31995,5832972,-1,196,4,-1,-1,-1,-1,-1,-1,15,1,19,-1,-1,-1,-1,,,,,
31996,5832992,-1,427,1,-1,-1,-1,-1,-1,-1,58,1,324,-1,-1,-1,-1,,,,,
31997,5832993,-1,175,2,-1,-1,-1,-1,-1,-1,15,1,20,-1,-1,-1,-1,,,,,
31998,5833034,-1,189,16,-1,-1,-1,-1,-1,-1,40,2,80,-1,-1,-1,-1,,,,,
31999,5833067,-1,206,16,-1,-1,-1,-1,-1,-1,40,2,80,-1,-1,-1,-1,,,,,
32000,5833219,-1,341,8,-1,-1,-1,-1,-1,-1,55,1,347,-1,-1,-1,-1,,,,,
32001,5833226,-1,43,4,-1,-1,-1,-1,-1,-1,15,1,19,-1,-1,-1,-1,,,,,
32002,5833252,-1,40,2,-1,-1,-1,-1,-1,-1,15,1,20,-1,-1,-1,-1,,,,,
32004,5833338,-1,301,4,-1,-1,-1,-1,-1,-1,15,1,19,-1,-1,-1,-1,,,,,
32005,5833360,-1,280,2,-1,-1,-1,-1,-1,-1,15,1,20,-1,-1,-1,-1,,,,,
32006,5833632,-1,22,1,-1,-1,-1,-1,-1,-1,51,1,324,-1,-1,-1,-1,,,,,
32008,5833710,-1,176,4,-1,-1,-1,-1,-1,-1,15,1,19,-1,-1,-1,-1,,,,,
32009,5833731,-1,154,2,-1,-1,-1,-1,-1,-1,15,1,20,-1,-1,-1,-1,,,,,
32010,5833988,-1,3322,32,-1,-1,-1,-1,-1,-1,56,1,-1,-1,-1,-1,-1,,,,,
32011,5834000,-1,27,2,-1,-1,-1,-1,-1,-1,23,1,27,-1,-1,-1,-1,,,,,
32013,5834088,-1,47,4,-1,-1,-1,-1,-1,-1,35,1,406,-1,-1,-1,-1,,,,,
32015,5834138,-1,12,2,-1,-1,-1,-1,-1,-1,23,1,27,-1,-1,-1,-1,,,,,
32016,5834179,-1,4,1,-1,-1,-1,-1,-1,-1,23,1,145,-1,-1,-1,-1,,,,,
32018,5834212,-1,6,1,-1,-1,-1,-1,-1,-1,23,1,145,-1,-1,-1,-1,,,,,
32019,5834219,-1,41,1,-1,-1,-1,-1,-1,-1,51,1,324,-1,-1,-1,-1,,,,,
32020,5834239,-1,38,2,-1,-1,-1,-1,-1,-1,23,1,27,-1,-1,-1,-1,,,,,
32021,5834253,-1,333,8,-1,-1,-1,-1,-1,-1,55,1,347,-1,-1,-1,-1,,,,,
32023,5834310,-1,44,2,-1,-1,-1,-1,-1,-1,23,1,27,-1,-1,-1,-1,,,,,
32025,5834623,-1,89,16,-1,-1,-1,-1,-1,-1,60,1,80,-1,-1,-1,-1,,,,,
32026,5834662,-1,387,4,-1,-1,-1,-1,-1,-1,15,1,19,-1,-1,-1,-1,,,,,
32027,5834684,-1,367,2,-1,-1,-1,-1,-1,-1,15,1,20,-1,-1,-1,-1,,,,,
32028,5834727,-1,131,1,-1,-1,-1,-1,-1,-1,51,1,324,-1,-1,-1,-1,,,,,
32029,5834781,-1,123,16,-1,-1,-1,-1,-1,-1,60,1,80,-1,-1,-1,-1,,,,,
32031,5834909,-1,6,2,-1,-1,-1,-1,-1,-1,60,1,80,-1,-1,-1,-1,,,,,
32032,5834918,-1,103,16,-1,-1,-1,-1,-1,-1,60,1,80,-1,-1,-1,-1,,,,,
32033,5834929,-1,28,1,-1,-1,-1,-1,-1,-1,48,2,418,-1,-1,-1,-1,,,,,
32034,5834979,-1,211,1,-1,-1,-1,-1,-1,-1,51,1,324,-1,-1,-1,-1,,,,,
32035,5835074,-1,92,16,-1,-1,-1,-1,-1,-1,60,1,80,-1,-1,-1,-1,,,,,
32036,5835166,-1,29,4,-1,-1,-1,-1,-1,-1,15,1,19,-1,-1,-1,-1,,,,,
32037,5835234,-1,374,4,-1,-1,-1,-1,-1,-1,15,1,19,-1,-1,-1,-1,,,,,
32038,5835255,-1,355,2,-1,-1,-1,-1,-1,-1,15,1,20,-1,-1,-1,-1,,,,,
32040,5835613,-1,125,1,-1,-1,-1,-1,-1,-1,51,1,324,-1,-1,-1,-1,,,,,
32045,5835815,-1,177,4,-1,-1,-1,-1,-1,-1,15,1,19,-1,-1,-1,-1,,,,,
32046,5835836,-1,156,2,-1,-1,-1,-1,-1,-1,15,1,20,-1,-1,-1,-1,,,,,
32048,5836031,-1,318,4,-1,-1,-1,-1,-1,-1,15,1,19,-1,-1,-1,-1,,,,,
32049,5836058,-1,294,2,-1,-1,-1,-1,-1,-1,15,1,20,-1,-1,-1,-1,,,,,
32050,5836233,-1,49,8,-1,-1,-1,-1,-1,-1,35,1,406,-1,-1,-1,-1,,,,,
32051,5836289,-1,71,16,-1,-1,-1,-1,-1,-1,35,1,406,-1,-1,-1,-1,,,,,
32053,5836640,-1,16,1,-1,-1,-1,-1,-1,-1,23,1,145,-1,-1,-1,-1,,,,,
32054,5836668,-1,52,2,-1,-1,-1,-1,-1,-1,23,1,419,-1,-1,-1,-1,,,,,
32055,5836690,-1,51,1,-1,-1,-1,-1,-1,-1,55,1,353,-1,-1,-1,-1,,,,,
32056,5836755,-1,311,4,-1,-1,-1,-1,-1,-1,15,1,19,-1,-1,-1,-1,,,,,
32057,5836777,-1,292,2,-1,-1,-1,-1,-1,-1,15,1,20,-1,-1,-1,-1,,,,,
32059,5836890,-1,239,1,-1,-1,-1,-1,-1,-1,58,1,324,-1,-1,-1,-1,,,,,
32060,5836931,-1,57,2,-1,-1,-1,-1,-1,-1,23,1,419,-1,-1,-1,-1,,,,,
32061,5837046,-1,19,2,-1,-1,-1,-1,-1,-1,23,1,419,-1,-1,-1,-1,,,,,
32062,5837099,-1,324,4,-1,-1,-1,-1,-1,-1,15,1,19,-1,-1,-1,-1,,,,,
32063,5837121,-1,302,2,-1,-1,-1,-1,-1,-1,15,1,20,-1,-1,-1,-1,,,,,
32064,5837144,-1,294,1,-1,-1,-1,-1,-1,-1,58,1,324,-1,-1,-1,-1,,,,,
32067,5837312,-1,0,32,-1,-1,-1,-1,-1,-1,56,1,-1,-1,-1,-1,-1,,,,,
32070,5837453,-1,389,1,-1,-1,-1,-1,-1,-1,58,1,324,-1,-1,-1,-1,,,,,
32072,5837714,-1,309,4,-1,-1,-1,-1,-1,-1,15,1,19,-1,-1,-1,-1,,,,,
32073,5837735,-1,315,2,-1,-1,-1,-1,-1,-1,15,1,20,-1,-1,-1,-1,,,,,
32074,5837859,-1,111,1,-1,-1,-1,-1,-1,-1,58,1,324,-1,-1,-1,-1,,,,,
32076,5838048,-1,135,16,-1,-1,-1,-1,-1,-1,21,1,262,-1,-1,-1,-1,,,,,
32077,5838069,-1,89,1,-1,-1,-1,-1,-1,-1,58,1,324,-1,-1,-1,-1,,,,,
32078,5838094,-1,39,32,-1,-1,-1,-1,-1,-1,41,1,28,-1,-1,-1,-1,,,,,
32079,5838130,-1,105,1,-1,-1,-1,-1,-1,-1,16,2,414,-1,-1,-1,-1,,,,,
32080,5838204,-1,78,16,-1,-1,-1,-1,-1,-1,21,1,262,-1,-1,-1,-1,,,,,
32081,5838226,-1,0,4,-1,-1,-1,-1,-1,-1,15,1,19,-1,-1,-1,-1,,,,,
32082,5838248,-1,0,2,-1,-1,-1,-1,-1,-1,15,1,20,-1,-1,-1,-1,,,,,
32083,5838255,-1,0,1,-1,-1,-1,-1,-1,-1,58,1,324,-1,-1,-1,-1,,,,,
32084,5838332,-1,168,32,-1,-1,-1,-1,-1,-1,21,1,262,-1,-1,-1,-1,,,,,
32088,5838546,-1,0,1,-1,-1,-1,-1,-1,-1,21,1,262,-1,-1,-1,-1,,,,,
32090,5838561,-1,49,1,-1,-1,-1,-1,-1,-1,12,2,1,-1,-1,-1,-1,,,,,
32091,5838607,-1,0,1,-1,-1,-1,-1,-1,-1,55,1,353,-1,-1,-1,-1,,,,,
32092,5838637,-1,0,16,-1,-1,-1,-1,-1,-1,40,2,80,-1,-1,-1,-1,,,,,
32093,5839273,-1,128,1,-1,-1,-1,-1,-1,-1,16,2,414,-1,-1,-1,-1,,,,,
32094,5839275,-1,203,4,-1,-1,-1,-1,-1,-1,15,1,19,-1,-1,-1,-1,,,,,
32095,5839304,-1,173,2,-1,-1,-1,-1,-1,-1,15,1,20,-1,-1,-1,-1,,,,,
32096,5839336,-1,121,1,-1,-1,-1,-1,-1,-1,52,2,411,-1,-1,-1,-1,,,,,
32097,5839410,-1,2498,1,-1,-1,-1,-1,-1,-1,55,1,11,-1,-1,-1,-1,,,,,
32098,5839415,-1,467,16,-1,-1,-1,-1,-1,-1,60,1,80,-1,-1,-1,-1,,,,,
32100,5839532,-1,427,4,-1,-1,-1,-1,-1,-1,15,1,19,-1,-1,-1,-1,,,,,
32102,5839553,-1,409,2,-1,-1,-1,-1,-1,-1,15,1,20,-1,-1,-1,-1,,,,,
32105,5839691,-1,138,1,-1,-1,-1,-1,-1,-1,52,2,411,-1,-1,-1,-1,,,,,
32106,5839694,-1,116,1,-1,-1,-1,-1,-1,-1,58,1,324,-1,-1,-1,-1,,,,,
32108,5839782,-1,123,1,-1,-1,-1,-1,-1,-1,16,2,414,-1,-1,-1,-1,,,,,
32109,5839845,-1,33,1,-1,-1,-1,-1,-1,-1,48,2,418,-1,-1,-1,-1,,,,,
32110,5839879,-1,277,8,-1,-1,-1,-1,-1,-1,55,1,347,-1,-1,-1,-1,,,,,
32111,5839932,-1,32,1,-1,-1,-1,-1,-1,-1,48,2,418,-1,-1,-1,-1,,,,,
32112,5839980,-1,204,1,-1,-1,-1,-1,-1,-1,58,1,324,-1,-1,-1,-1,,,,,
32113,5840003,-1,86,1,-1,-1,-1,-1,-1,-1,52,2,411,-1,-1,-1,-1,,,,,
32114,5840050,-1,1068,16,-1,-1,-1,-1,-1,-1,40,2,80,-1,-1,-1,-1,,,,,
32115,5840168,-1,29,1,-1,-1,-1,-1,-1,-1,48,2,420,-1,-1,-1,-1,,,,,
32116,5840188,-1,596,4,-1,-1,-1,-1,-1,-1,15,1,19,-1,-1,-1,-1,,,,,
32117,5840210,-1,577,2,-1,-1,-1,-1,-1,-1,15,1,20,-1,-1,-1,-1,,,,,
32119,5840251,-1,29,1,-1,-1,-1,-1,-1,-1,48,2,421,-1,-1,-1,-1,,,,,
32120,5840328,-1,138,2,-1,-1,-1,-1,-1,-1,55,1,347,-1,-1,-1,-1,,,,,
32121,5840364,-1,25,1,-1,-1,-1,-1,-1,-1,48,2,421,-1,-1,-1,-1,,,,,
32122,5840469,-1,105,1,-1,-1,-1,-1,-1,-1,52,2,411,-1,-1,-1,-1,,,,,
32123,5840525,-1,4056,32,-1,-1,-1,-1,-1,-1,24,1,101,-1,-1,-1,-1,,,,,
32124,5840550,-1,4032,8,-1,-1,-1,-1,-1,-1,24,1,101,-1,-1,-1,-1,,,,,
32125,5840616,-1,9,1,-1,-1,-1,-1,-1,-1,12,2,1,-1,-1,-1,-1,,,,,
32126,5840656,-1,253,32,-1,-1,-1,-1,-1,-1,12,2,-1,-1,-1,-1,-1,,,,,
32128,5840874,-1,84,16,-1,-1,-1,-1,-1,-1,40,2,80,-1,-1,-1,-1,,,,,
32129,5840888,-1,348,2,-1,-1,-1,-1,-1,-1,55,1,347,-1,-1,-1,-1,,,,,
32130,5840919,-1,422,8,-1,-1,-1,-1,-1,-1,8,1,413,-1,-1,-1,-1,,,,,
32131,5840991,-1,146,16,-1,-1,-1,-1,-1,-1,40,2,80,-1,-1,-1,-1,,,,,
32132,5841015,-1,169,1,-1,-1,-1,-1,-1,-1,16,2,414,-1,-1,-1,-1,,,,,
32134,5841184,-1,437,16,-1,-1,-1,-1,-1,-1,40,2,80,-1,-1,-1,-1,,,,,
32136,5841242,-1,95,1,-1,-1,-1,-1,-1,-1,15,1,12,-1,-1,-1,-1,,,,,
32137,5841286,-1,597,2,-1,-1,-1,-1,-1,-1,55,1,347,-1,-1,-1,-1,,,,,
32139,5841354,-1,30,1,-1,-1,-1,-1,-1,-1,15,1,12,-1,-1,-1,-1,,,,,
32140,5841366,-1,104,32,-1,-1,-1,-1,-1,-1,41,1,28,-1,-1,-1,-1,,,,,
32141,5841389,-1,46,4,-1,-1,-1,-1,-1,-1,15,1,19,-1,-1,-1,-1,,,,,
32142,5841406,-1,40,1,-1,-1,-1,-1,-1,-1,48,2,418,-1,-1,-1,-1,,,,,
32144,5841439,-1,603,8,-1,-1,-1,-1,-1,-1,8,1,413,-1,-1,-1,-1,,,,,
32145,5841479,-1,607,4,-1,-1,-1,-1,-1,-1,15,1,19,-1,-1,-1,-1,,,,,
32146,5841487,-1,31,1,-1,-1,-1,-1,-1,-1,48,2,420,-1,-1,-1,-1,,,,,
32147,5841510,-1,578,2,-1,-1,-1,-1,-1,-1,15,1,20,-1,-1,-1,-1,,,,,
32148,5841653,-1,8,16,-1,-1,-1,-1,-1,-1,40,2,80,-1,-1,-1,-1,,,,,
32149,5841671,-1,24,1,-1,-1,-1,-1,-1,-1,48,2,421,-1,-1,-1,-1,,,,,
32150,5841675,-1,1534,16,-1,-1,-1,-1,-1,-1,40,2,80,-1,-1,-1,-1,,,,,
32151,5841716,-1,25,1,-1,-1,-1,-1,-1,-1,48,2,418,-1,-1,-1,-1,,,,,
32152,5841760,-1,38,1,-1,-1,-1,-1,-1,-1,48,2,420,-1,-1,-1,-1,,,,,
32153,5841815,-1,30,1,-1,-1,-1,-1,-1,-1,48,2,421,-1,-1,-1,-1,,,,,
32154,5841863,-1,24,1,-1,-1,-1,-1,-1,-1,48,2,422,-1,-1,-1,-1,,,,,
32155,5841912,-1,26,1,-1,-1,-1,-1,-1,-1,48,2,423,-1,-1,-1,-1,,,,,
32156,5841916,-1,0,2,-1,-1,-1,-1,-1,-1,55,1,11,-1,-1,-1,-1,,,,,
32158,5841961,-1,37,1,-1,-1,-1,-1,-1,-1,48,2,424,-1,-1,-1,-1,,,,,
32159,5842051,-1,45,32,-1,-1,-1,-1,-1,-1,41,1,28,-1,-1,-1,-1,,,,,
32160,5842326,-1,44,32,-1,-1,-1,-1,-1,-1,41,1,28,-1,-1,-1,-1,,,,,
32162,5842515,-1,28,32,-1,-1,-1,-1,-1,-1,41,1,28,-1,-1,-1,-1,,,,,
32163,5842586,-1,51,1,-1,-1,-1,-1,-1,-1,15,1,12,-1,-1,-1,-1,,,,,
32164,5842653,-1,19,1,-1,-1,-1,-1,-1,-1,15,1,12,-1,-1,-1,-1,,,,,
32165,5842680,-1,355,4,-1,-1,-1,-1,-1,-1,15,1,19,-1,-1,-1,-1,,,,,
32166,5842694,-1,62,1,-1,-1,-1,-1,-1,-1,48,2,423,-1,-1,-1,-1,,,,,
32167,5842701,-1,151,32,-1,-1,-1,-1,-1,-1,24,1,396,-1,-1,-1,-1,,,,,
32168,5842704,-1,338,2,-1,-1,-1,-1,-1,-1,15,1,20,-1,-1,-1,-1,,,,,
32171,5842886,-1,64,8,-1,-1,-1,-1,-1,-1,8,1,413,-1,-1,-1,-1,,,,,
32174,5843052,-1,606,8,-1,-1,-1,-1,-1,-1,8,1,413,-1,-1,-1,-1,,,,,
32176,5843129,-1,1357,1,-1,-1,-1,-1,-1,-1,58,1,324,-1,-1,-1,-1,,,,,
32177,5843186,-1,48,32,-1,-1,-1,-1,-1,-1,41,1,28,-1,-1,-1,-1,,,,,
32178,5843391,-1,48,32,-1,-1,-1,-1,-1,-1,41,1,28,-1,-1,-1,-1,,,,,
32179,5843414,-1,59,1,-1,-1,-1,-1,-1,-1,15,1,12,-1,-1,-1,-1,,,,,
32180,5843514,-1,31,1,-1,-1,-1,-1,-1,-1,15,1,12,-1,-1,-1,-1,,,,,
32181,5843534,-1,151,1,-1,-1,-1,-1,-1,-1,16,2,414,-1,-1,-1,-1,,,,,
32182,5843579,-1,41,1,-1,-1,-1,-1,-1,-1,15,1,12,-1,-1,-1,-1,,,,,
32184,5843625,-1,341,4,-1,-1,-1,-1,-1,-1,15,1,19,-1,-1,-1,-1,,,,,
32185,5843627,-1,92,32,-1,-1,-1,-1,-1,-1,41,1,28,-1,-1,-1,-1,,,,,
32186,5843646,-1,326,2,-1,-1,-1,-1,-1,-1,15,1,20,-1,-1,-1,-1,,,,,
32187,5843799,-1,136,32,-1,-1,-1,-1,-1,-1,24,1,398,-1,-1,-1,-1,,,,,
32188,5843831,-1,65,8,-1,-1,-1,-1,-1,-1,8,1,413,-1,-1,-1,-1,,,,,
32189,5843901,-1,21,1,-1,-1,-1,-1,-1,-1,48,2,418,-1,-1,-1,-1,,,,,
32190,5843943,-1,35,1,-1,-1,-1,-1,-1,-1,48,2,420,-1,-1,-1,-1,,,,,
32191,5843980,-1,477,16,-1,-1,-1,-1,-1,-1,60,1,319,-1,-1,-1,-1,,,,,
32192,5843990,-1,62,1,-1,-1,-1,-1,-1,-1,48,2,421,-1,-1,-1,-1,,,,,
32193,5844031,-1,145,16,-1,-1,-1,-1,-1,-1,8,1,413,-1,-1,-1,-1,,,,,
32194,5844044,-1,83,1,-1,-1,-1,-1,-1,-1,16,2,414,-1,-1,-1,-1,,,,,
32195,5844107,-1,24,1,-1,-1,-1,-1,-1,-1,48,2,422,-1,-1,-1,-1,,,,,
32196,5844118,-1,19,16,-1,-1,-1,-1,-1,-1,40,2,80,-1,-1,-1,-1,,,,,
32197,5844132,-1,170,1,-1,-1,-1,-1,-1,-1,16,2,414,-1,-1,-1,-1,,,,,
32198,5844138,-1,25,1,-1,-1,-1,-1,-1,-1,48,2,423,-1,-1,-1,-1,,,,,
32200,5844198,-1,24,1,-1,-1,-1,-1,-1,-1,48,2,424,-1,-1,-1,-1,,,,,
32201,5844243,-1,20,1,-1,-1,-1,-1,-1,-1,48,2,425,-1,-1,-1,-1,,,,,
32202,5844278,-1,18,1,-1,-1,-1,-1,-1,-1,48,2,426,-1,-1,-1,-1,,,,,
32203,5844321,-1,17,1,-1,-1,-1,-1,-1,-1,48,2,427,-1,-1,-1,-1,,,,,
32204,5844324,-1,29,16,-1,-1,-1,-1,-1,-1,8,1,413,-1,-1,-1,-1,,,,,
32205,5844349,-1,72,16,-1,-1,-1,-1,-1,-1,40,2,80,-1,-1,-1,-1,,,,,
32206,5844354,-1,26,1,-1,-1,-1,-1,-1,-1,48,2,428,-1,-1,-1,-1,,,,,
32207,5844388,-1,54,16,-1,-1,-1,-1,-1,-1,40,2,80,-1,-1,-1,-1,,,,,
32208,5844409,-1,11,1,-1,-1,-1,-1,-1,-1,48,2,429,-1,-1,-1,-1,,,,,
32209,5844420,-1,43,16,-1,-1,-1,-1,-1,-1,8,1,413,-1,-1,-1,-1,,,,,
32210,5844427,-1,76,16,-1,-1,-1,-1,-1,-1,40,2,80,-1,-1,-1,-1,,,,,
32211,5844448,-1,63,16,-1,-1,-1,-1,-1,-1,40,2,80,-1,-1,-1,-1,,,,,
32212,5844506,-1,206,16,-1,-1,-1,-1,-1,-1,40,2,80,-1,-1,-1,-1,,,,,
32214,5844531,-1,128,16,-1,-1,-1,-1,-1,-1,40,2,80,-1,-1,-1,-1,,,,,
32215,5844534,-1,602,1,-1,-1,-1,-1,-1,-1,58,1,324,-1,-1,-1,-1,,,,,
32216,5844542,-1,185,16,-1,-1,-1,-1,-1,-1,8,1,413,-1,-1,-1,-1,,,,,
32217,5844555,-1,47,16,-1,-1,-1,-1,-1,-1,60,1,319,-1,-1,-1,-1,,,,,
32218,5844588,-1,0,32,-1,-1,-1,-1,-1,-1,56,1,-1,-1,-1,-1,-1,,,,,
32219,5844636,-1,78,1,-1,-1,-1,-1,-1,-1,48,2,418,-1,-1,-1,-1,,,,,
32220,5844641,-1,169,1,-1,-1,-1,-1,-1,-1,16,2,414,-1,-1,-1,-1,,,,,
32221,5844647,-1,33,16,-1,-1,-1,-1,-1,-1,60,1,319,-1,-1,-1,-1,,,,,
32223,5844736,-1,26,1,-1,-1,-1,-1,-1,-1,48,2,420,-1,-1,-1,-1,,,,,
32224,5844739,-1,76,16,-1,-1,-1,-1,-1,-1,40,2,80,-1,-1,-1,-1,,,,,
32226,5844783,-1,41,1,-1,-1,-1,-1,-1,-1,48,2,421,-1,-1,-1,-1,,,,,
32227,5844818,-1,61,16,-1,-1,-1,-1,-1,-1,40,2,80,-1,-1,-1,-1,,,,,
32228,5844824,-1,0,32,-1,-1,-1,-1,-1,-1,8,1,413,-1,-1,-1,-1,,,,,
32230,5844845,-1,34,1,-1,-1,-1,-1,-1,-1,48,2,422,-1,-1,-1,-1,,,,,
32231,5844889,-1,211,16,-1,-1,-1,-1,-1,-1,40,2,80,-1,-1,-1,-1,,,,,
32232,5844892,-1,34,1,-1,-1,-1,-1,-1,-1,48,2,423,-1,-1,-1,-1,,,,,
32234,5844940,-1,17,1,-1,-1,-1,-1,-1,-1,48,2,424,-1,-1,-1,-1,,,,,
32235,5844969,-1,15,1,-1,-1,-1,-1,-1,-1,48,2,425,-1,-1,-1,-1,,,,,
32236,5844995,-1,15,1,-1,-1,-1,-1,-1,-1,48,2,426,-1,-1,-1,-1,,,,,
32237,5845019,-1,18,1,-1,-1,-1,-1,-1,-1,48,2,427,-1,-1,-1,-1,,,,,
32238,5845045,-1,18,1,-1,-1,-1,-1,-1,-1,48,2,428,-1,-1,-1,-1,,,,,
32239,5845073,-1,41,1,-1,-1,-1,-1,-1,-1,48,2,429,-1,-1,-1,-1,,,,,
32240,5845097,-1,19,1,-1,-1,-1,-1,-1,-1,48,2,430,-1,-1,-1,-1,,,,,
32241,5845103,-1,6,16,-1,-1,-1,-1,-1,-1,40,2,80,-1,-1,-1,-1,,,,,
32242,5845121,-1,139,16,-1,-1,-1,-1,-1,-1,40,2,80,-1,-1,-1,-1,,,,,
32243,5845152,-1,210,1,-1,-1,-1,-1,-1,-1,58,1,324,-1,-1,-1,-1,,,,,
32244,5845205,-1,38,1,-1,-1,-1,-1,-1,-1,48,2,429,-1,-1,-1,-1,,,,,
32245,5845288,-1,72,16,-1,-1,-1,-1,-1,-1,40,2,80,-1,-1,-1,-1,,,,,
32246,5845386,-1,330,1,-1,-1,-1,-1,-1,-1,58,1,324,-1,-1,-1,-1,,,,,
32248,5845459,-1,224,16,-1,-1,-1,-1,-1,-1,40,2,80,-1,-1,-1,-1,,,,,
32249,5845463,-1,113,1,-1,-1,-1,-1,-1,-1,16,2,414,-1,-1,-1,-1,,,,,
32250,5845706,-1,3,1,-1,-1,-1,-1,-1,-1,58,1,410,-1,-1,-1,-1,,,,,
32251,5845727,-1,3,1,-1,-1,-1,-1,-1,-1,58,1,410,-1,-1,-1,-1,,,,,
32252,5845759,-1,3,16,-1,-1,-1,-1,-1,-1,40,2,80,-1,-1,-1,-1,,,,,
32253,5845774,-1,3,1,-1,-1,-1,-1,-1,-1,58,1,410,-1,-1,-1,-1,,,,,
32254,5845779,-1,3,16,-1,-1,-1,-1,-1,-1,40,2,80,-1,-1,-1,-1,,,,,
32255,5845800,-1,4,16,-1,-1,-1,-1,-1,-1,40,2,80,-1,-1,-1,-1,,,,,
32259,5845932,-1,3,1,-1,-1,-1,-1,-1,-1,58,1,410,-1,-1,-1,-1,,,,,
32260,5846101,-1,3,1,-1,-1,-1,-1,-1,-1,58,1,431,-1,-1,-1,-1,,,,,
32261,5846118,-1,0,2,-1,-1,-1,-1,-1,-1,55,1,11,-1,-1,-1,-1,,,,,
32263,5846743,-1,86,1,-1,-1,-1,-1,-1,-1,15,1,12,-1,-1,-1,-1,,,,,
32264,5846759,-1,228,1,-1,-1,-1,-1,-1,-1,16,2,414,-1,-1,-1,-1,,,,,
32265,5846786,-1,4794,32,-1,-1,-1,-1,-1,-1,24,1,101,-1,-1,-1,-1,,,,,
32267,5846839,-1,4742,8,-1,-1,-1,-1,-1,-1,24,1,101,-1,-1,-1,-1,,,,,
32268,5846849,-1,9,16,-1,-1,-1,-1,-1,-1,40,2,80,-1,-1,-1,-1,,,,,
32269,5846858,-1,30,1,-1,-1,-1,-1,-1,-1,15,1,12,-1,-1,-1,-1,,,,,
32271,5846868,-1,229,16,-1,-1,-1,-1,-1,-1,40,2,80,-1,-1,-1,-1,,,,,
32273,5846893,-1,314,4,-1,-1,-1,-1,-1,-1,15,1,19,-1,-1,-1,-1,,,,,
32274,5846915,-1,295,2,-1,-1,-1,-1,-1,-1,15,1,20,-1,-1,-1,-1,,,,,
32276,5847064,-1,135,1,-1,-1,-1,-1,-1,-1,16,2,414,-1,-1,-1,-1,,,,,
32277,5847146,-1,219,16,-1,-1,-1,-1,-1,-1,40,2,80,-1,-1,-1,-1,,,,,
32280,5847373,-1,31,16,-1,-1,-1,-1,-1,-1,60,1,80,-1,-1,-1,-1,,,,,
32281,5847451,-1,6,16,-1,-1,-1,-1,-1,-1,40,2,80,-1,-1,-1,-1,,,,,
32282,5847479,-1,789,16,-1,-1,-1,-1,-1,-1,40,2,80,-1,-1,-1,-1,,,,,
32285,5847829,-1,98,16,-1,-1,-1,-1,-1,-1,60,1,80,-1,-1,-1,-1,,,,,
32286,5847932,-1,101,16,-1,-1,-1,-1,-1,-1,60,1,80,-1,-1,-1,-1,,,,,
32287,5848047,-1,1290,16,-1,-1,-1,-1,-1,-1,60,1,80,-1,-1,-1,-1,,,,,
32288,5848066,-1,84,1,-1,-1,-1,-1,-1,-1,15,1,12,-1,-1,-1,-1,,,,,
32290,5848170,-1,24,1,-1,-1,-1,-1,-1,-1,15,1,12,-1,-1,-1,-1,,,,,
32291,5848200,-1,842,4,-1,-1,-1,-1,-1,-1,15,1,19,-1,-1,-1,-1,,,,,
32292,5848223,-1,819,2,-1,-1,-1,-1,-1,-1,15,1,20,-1,-1,-1,-1,,,,,
32294,5848421,-1,378,16,-1,-1,-1,-1,-1,-1,40,2,80,-1,-1,-1,-1,,,,,
32295,5848481,-1,112,1,-1,-1,-1,-1,-1,-1,16,2,414,-1,-1,-1,-1,,,,,
32297,5848553,-1,356,1,-1,-1,-1,-1,-1,-1,58,1,410,-1,-1,-1,-1,,,,,
32298,5848606,-1,210,1,-1,-1,-1,-1,-1,-1,16,2,414,-1,-1,-1,-1,,,,,
32303,5848811,-1,6,16,-1,-1,-1,-1,-1,-1,40,2,80,-1,-1,-1,-1,,,,,
32305,5848837,-1,240,16,-1,-1,-1,-1,-1,-1,40,2,80,-1,-1,-1,-1,,,,,
32306,5848870,-1,30,8,-1,-1,-1,-1,-1,-1,40,2,80,-1,-1,-1,-1,,,,,
32309,5848926,-1,35,8,-1,-1,-1,-1,-1,-1,40,2,80,-1,-1,-1,-1,,,,,
32310,5848932,-1,85,1,-1,-1,-1,-1,-1,-1,58,1,410,-1,-1,-1,-1,,,,,
32311,5848979,-1,30,8,-1,-1,-1,-1,-1,-1,40,2,80,-1,-1,-1,-1,,,,,
32312,5849029,-1,34,8,-1,-1,-1,-1,-1,-1,40,2,80,-1,-1,-1,-1,,,,,
32313,5849061,-1,452,4,-1,-1,-1,-1,-1,-1,15,1,19,-1,-1,-1,-1,,,,,
32314,5849082,-1,430,2,-1,-1,-1,-1,-1,-1,15,1,20,-1,-1,-1,-1,,,,,
32315,5849092,-1,70,16,-1,-1,-1,-1,-1,-1,40,2,80,-1,-1,-1,-1,,,,,
32316,5849114,-1,29,8,-1,-1,-1,-1,-1,-1,40,2,80,-1,-1,-1,-1,,,,,
32317,5849165,-1,5,16,-1,-1,-1,-1,-1,-1,40,2,80,-1,-1,-1,-1,,,,,
32318,5849179,-1,29,1,-1,-1,-1,-1,-1,-1,60,1,9,-1,-1,-1,-1,,,,,
32319,5849182,-1,194,16,-1,-1,-1,-1,-1,-1,40,2,80,-1,-1,-1,-1,,,,,
32320,5849308,-1,1030,1,-1,-1,-1,-1,-1,-1,58,1,410,-1,-1,-1,-1,,,,,
32321,5849394,-1,327,16,-1,-1,-1,-1,-1,-1,40,2,80,-1,-1,-1,-1,,,,,
32323,5849429,-1,21,16,-1,-1,-1,-1,-1,-1,40,2,80,-1,-1,-1,-1,,,,,
32324,5849546,-1,231,4,-1,-1,-1,-1,-1,-1,15,1,19,-1,-1,-1,-1,,,,,
32325,5849568,-1,209,2,-1,-1,-1,-1,-1,-1,15,1,20,-1,-1,-1,-1,,,,,
32326,5849591,-1,589,16,-1,-1,-1,-1,-1,-1,60,1,80,-1,-1,-1,-1,,,,,
32327,5849622,-1,3332,32,-1,-1,-1,-1,-1,-1,56,1,-1,-1,-1,-1,-1,,,,,
32328,5849726,-1,105,16,-1,-1,-1,-1,-1,-1,60,1,80,-1,-1,-1,-1,,,,,
32329,5849813,-1,548,4,-1,-1,-1,-1,-1,-1,15,1,19,-1,-1,-1,-1,,,,,
32330,5849832,-1,57,16,-1,-1,-1,-1,-1,-1,40,2,80,-1,-1,-1,-1,,,,,
32331,5849836,-1,526,2,-1,-1,-1,-1,-1,-1,15,1,20,-1,-1,-1,-1,,,,,
32333,5849947,-1,66,16,-1,-1,-1,-1,-1,-1,40,2,80,-1,-1,-1,-1,,,,,
32334,5850172,-1,248,16,-1,-1,-1,-1,-1,-1,60,1,80,-1,-1,-1,-1,,,,,
32337,5850332,-1,505,16,-1,-1,-1,-1,-1,-1,60,1,80,-1,-1,-1,-1,,,,,
32338,5850357,-1,1092,1,-1,-1,-1,-1,-1,-1,58,1,410,-1,-1,-1,-1,,,,,
32339,5850399,-1,24,4,-1,-1,-1,-1,-1,-1,15,1,19,-1,-1,-1,-1,,,,,
32341,5850435,-1,1942,1,-1,-1,-1,-1,-1,-1,16,2,414,-1,-1,-1,-1,,,,,
32344,5850615,-1,139,4,-1,-1,-1,-1,-1,-1,15,1,19,-1,-1,-1,-1,,,,,
32345,5850636,-1,120,2,-1,-1,-1,-1,-1,-1,15,1,20,-1,-1,-1,-1,,,,,
32346,5851001,-1,144,16,-1,-1,-1,-1,-1,-1,60,1,80,-1,-1,-1,-1,,,,,
32348,5851173,-1,53,16,-1,-1,-1,-1,-1,-1,60,1,80,-1,-1,-1,-1,,,,,
32349,5851231,-1,892,16,-1,-1,-1,-1,-1,-1,60,1,80,-1,-1,-1,-1,,,,,
32350,5851288,-1,524,4,-1,-1,-1,-1,-1,-1,15,1,19,-1,-1,-1,-1,,,,,
32351,5851310,-1,499,2,-1,-1,-1,-1,-1,-1,15,1,20,-1,-1,-1,-1,,,,,
32352,5851410,-1,403,16,-1,-1,-1,-1,-1,-1,40,2,80,-1,-1,-1,-1,,,,,
32353,5851491,-1,2610,1,-1,-1,-1,-1,-1,-1,58,1,410,-1,-1,-1,-1,,,,,
32354,5851782,-1,1562,32,-1,-1,-1,-1,-1,-1,24,1,101,-1,-1,-1,-1,,,,,
32355,5851831,-1,1514,8,-1,-1,-1,-1,-1,-1,24,1,101,-1,-1,-1,-1,,,,,
32356,5851852,-1,468,8,-1,-1,-1,-1,-1,-1,51,1,324,-1,-1,-1,-1,,,,,
32358,5851965,-1,248,16,-1,-1,-1,-1,-1,-1,60,1,80,-1,-1,-1,-1,,,,,
32361,5852143,-1,23,4,-1,-1,-1,-1,-1,-1,15,1,19,-1,-1,-1,-1,,,,,
32363,5852210,-1,44,4,-1,-1,-1,-1,-1,-1,15,1,19,-1,-1,-1,-1,,,,,
32364,5852215,-1,180,16,-1,-1,-1,-1,-1,-1,60,1,80,-1,-1,-1,-1,,,,,
32366,5852231,-1,2,2,-1,-1,-1,-1,-1,-1,15,1,20,-1,-1,-1,-1,,,,,
32367,5852281,-1,28,4,-1,-1,-1,-1,-1,-1,15,1,19,-1,-1,-1,-1,,,,,
32368,5852332,-1,293,4,-1,-1,-1,-1,-1,-1,15,1,19,-1,-1,-1,-1,,,,,
32369,5852349,-1,667,32,-1,-1,-1,-1,-1,-1,8,1,413,-1,-1,-1,-1,,,,,
32370,5852353,-1,274,2,-1,-1,-1,-1,-1,-1,15,1,20,-1,-1,-1,-1,,,,,
32371,5852425,-1,47,16,-1,-1,-1,-1,-1,-1,60,1,80,-1,-1,-1,-1,,,,,
32372,5852486,-1,139,1,-1,-1,-1,-1,-1,-1,34,1,131,-1,-1,-1,-1,,,,,
32373,5852605,-1,19,1,-1,-1,-1,-1,-1,-1,15,1,12,-1,-1,-1,-1,,,,,
32374,5852628,-1,255,4,-1,-1,-1,-1,-1,-1,15,1,19,-1,-1,-1,-1,,,,,
32375,5852642,-1,514,16,-1,-1,-1,-1,-1,-1,60,1,80,-1,-1,-1,-1,,,,,
32376,5852650,-1,232,2,-1,-1,-1,-1,-1,-1,15,1,20,-1,-1,-1,-1,,,,,
32377,5852911,-1,17,1,-1,-1,-1,-1,-1,-1,15,1,12,-1,-1,-1,-1,,,,,
32378,5852934,-1,202,4,-1,-1,-1,-1,-1,-1,15,1,19,-1,-1,-1,-1,,,,,
32379,5852956,-1,181,2,-1,-1,-1,-1,-1,-1,15,1,20,-1,-1,-1,-1,,,,,
32380,5852961,-1,3346,32,-1,-1,-1,-1,-1,-1,56,1,-1,-1,-1,-1,-1,,,,,
32381,5853042,-1,122,32,-1,-1,-1,-1,-1,-1,8,1,413,-1,-1,-1,-1,,,,,
32383,5853188,-1,1647,32,-1,-1,-1,-1,-1,-1,8,1,413,-1,-1,-1,-1,,,,,
32384,5853214,-1,27,1,-1,-1,-1,-1,-1,-1,15,1,12,-1,-1,-1,-1,,,,,
32385,5853222,-1,164,16,-1,-1,-1,-1,-1,-1,60,1,80,-1,-1,-1,-1,,,,,
32386,5853251,-1,182,4,-1,-1,-1,-1,-1,-1,15,1,19,-1,-1,-1,-1,,,,,
32387,5853270,-1,157,1,-1,-1,-1,-1,-1,-1,16,2,414,-1,-1,-1,-1,,,,,
32388,5853274,-1,160,2,-1,-1,-1,-1,-1,-1,15,1,20,-1,-1,-1,-1,,,,,
32390,5853552,-1,741,1,-1,-1,-1,-1,-1,-1,51,1,324,-1,-1,-1,-1,,,,,
32392,5853580,-1,165,4,-1,-1,-1,-1,-1,-1,15,1,19,-1,-1,-1,-1,,,,,
32393,5853607,-1,140,2,-1,-1,-1,-1,-1,-1,15,1,20,-1,-1,-1,-1,,,,,
32396,5853738,-1,74,16,-1,-1,-1,-1,-1,-1,60,1,80,-1,-1,-1,-1,,,,,
32398,5853823,-1,85,16,-1,-1,-1,-1,-1,-1,60,1,80,-1,-1,-1,-1,,,,,
32399,5853878,-1,16,1,-1,-1,-1,-1,-1,-1,15,1,12,-1,-1,-1,-1,,,,,
32400,5853898,-1,141,4,-1,-1,-1,-1,-1,-1,15,1,19,-1,-1,-1,-1,,,,,
32401,5853919,-1,123,2,-1,-1,-1,-1,-1,-1,15,1,20,-1,-1,-1,-1,,,,,
32402,5854104,-1,167,16,-1,-1,-1,-1,-1,-1,60,1,80,-1,-1,-1,-1,,,,,
32403,5854116,-1,157,1,-1,-1,-1,-1,-1,-1,58,1,410,-1,-1,-1,-1,,,,,
32404,5854237,-1,45,1,-1,-1,-1,-1,-1,-1,15,1,12,-1,-1,-1,-1,,,,,
32406,5854291,-1,302,1,-1,-1,-1,-1,-1,-1,15,1,12,-1,-1,-1,-1,,,,,
32407,5854399,-1,2608,1,-1,-1,-1,-1,-1,-1,51,1,324,-1,-1,-1,-1,,,,,
32408,5854401,-1,1909,32,-1,-1,-1,-1,-1,-1,24,1,101,-1,-1,-1,-1,,,,,
32409,5854408,-1,225,16,-1,-1,-1,-1,-1,-1,60,1,80,-1,-1,-1,-1,,,,,
32410,5854443,-1,1868,8,-1,-1,-1,-1,-1,-1,24,1,101,-1,-1,-1,-1,,,,,
32411,5854620,-1,27,1,-1,-1,-1,-1,-1,-1,15,1,12,-1,-1,-1,-1,,,,,
32412,5854651,-1,192,4,-1,-1,-1,-1,-1,-1,15,1,19,-1,-1,-1,-1,,,,,
32413,5854658,-1,117,16,-1,-1,-1,-1,-1,-1,60,1,80,-1,-1,-1,-1,,,,,
32414,5854680,-1,165,2,-1,-1,-1,-1,-1,-1,15,1,20,-1,-1,-1,-1,,,,,
32415,5854807,-1,188,1,-1,-1,-1,-1,-1,-1,58,1,410,-1,-1,-1,-1,,,,,
32416,5854888,-1,1987,32,-1,-1,-1,-1,-1,-1,8,1,413,-1,-1,-1,-1,,,,,
32422,5855532,-1,1011,1,-1,-1,-1,-1,-1,-1,58,1,410,-1,-1,-1,-1,,,,,
32425,5856287,-1,47,1,-1,-1,-1,-1,-1,-1,15,1,12,-1,-1,-1,-1,,,,,
32426,5856314,-1,3304,32,-1,-1,-1,-1,-1,-1,56,1,-1,-1,-1,-1,-1,,,,,
32427,5856353,-1,18,1,-1,-1,-1,-1,-1,-1,15,1,12,-1,-1,-1,-1,,,,,
32428,5856375,-1,319,4,-1,-1,-1,-1,-1,-1,15,1,19,-1,-1,-1,-1,,,,,
32429,5856396,-1,300,2,-1,-1,-1,-1,-1,-1,15,1,20,-1,-1,-1,-1,,,,,
32430,5856555,-1,59,1,-1,-1,-1,-1,-1,-1,58,1,410,-1,-1,-1,-1,,,,,
32436,5856915,-1,35,1,-1,-1,-1,-1,-1,-1,15,1,12,-1,-1,-1,-1,,,,,
32437,5856963,-1,17,1,-1,-1,-1,-1,-1,-1,15,1,12,-1,-1,-1,-1,,,,,
32438,5856984,-1,439,4,-1,-1,-1,-1,-1,-1,15,1,19,-1,-1,-1,-1,,,,,
32439,5857005,-1,424,2,-1,-1,-1,-1,-1,-1,15,1,20,-1,-1,-1,-1,,,,,
32440,5857021,-1,84,16,-1,-1,-1,-1,-1,-1,8,1,413,-1,-1,-1,-1,,,,,
32441,5857307,-1,977,32,-1,-1,-1,-1,-1,-1,8,1,413,-1,-1,-1,-1,,,,,
32443,5857390,-1,64,1,-1,-1,-1,-1,-1,-1,58,1,410,-1,-1,-1,-1,,,,,
32444,5857501,-1,22,1,-1,-1,-1,-1,-1,-1,9,2,9,-1,-1,-1,-1,,,,,
32446,5857965,-1,37,1,-1,-1,-1,-1,-1,-1,15,1,12,-1,-1,-1,-1,,,,,
32447,5858011,-1,19,1,-1,-1,-1,-1,-1,-1,15,1,12,-1,-1,-1,-1,,,,,
32448,5858023,-1,109,1,-1,-1,-1,-1,-1,-1,58,1,324,-1,-1,-1,-1,,,,,
32449,5858033,-1,272,4,-1,-1,-1,-1,-1,-1,15,1,19,-1,-1,-1,-1,,,,,
32450,5858062,-1,243,2,-1,-1,-1,-1,-1,-1,15,1,20,-1,-1,-1,-1,,,,,
32452,5858173,-1,143,1,-1,-1,-1,-1,-1,-1,51,1,324,-1,-1,-1,-1,,,,,
32454,5858215,-1,120,1,-1,-1,-1,-1,-1,-1,58,1,324,-1,-1,-1,-1,,,,,
32458,5858528,-1,28,1,-1,-1,-1,-1,-1,-1,58,1,324,-1,-1,-1,-1,,,,,
32459,5858582,-1,251,1,-1,-1,-1,-1,-1,-1,58,1,324,-1,-1,-1,-1,,,,,
32461,5858727,-1,89,1,-1,-1,-1,-1,-1,-1,34,1,131,-1,-1,-1,-1,,,,,
32462,5858852,-1,91,1,-1,-1,-1,-1,-1,-1,58,1,324,-1,-1,-1,-1,,,,,
32464,5858945,-1,67,1,-1,-1,-1,-1,-1,-1,34,1,131,-1,-1,-1,-1,,,,,
32466,5859393,-1,35,1,-1,-1,-1,-1,-1,-1,15,1,12,-1,-1,-1,-1,,,,,
32467,5859440,-1,16,1,-1,-1,-1,-1,-1,-1,15,1,12,-1,-1,-1,-1,,,,,
32468,5859460,-1,690,4,-1,-1,-1,-1,-1,-1,15,1,19,-1,-1,-1,-1,,,,,
32469,5859468,-1,302,1,-1,-1,-1,-1,-1,-1,58,1,324,-1,-1,-1,-1,,,,,
32470,5859491,-1,659,2,-1,-1,-1,-1,-1,-1,15,1,20,-1,-1,-1,-1,,,,,
32474,5859786,-1,94,1,-1,-1,-1,-1,-1,-1,58,1,324,-1,-1,-1,-1,,,,,
32477,5860151,-1,645,4,-1,-1,-1,-1,-1,-1,15,1,19,-1,-1,-1,-1,,,,,
32478,5860173,-1,623,2,-1,-1,-1,-1,-1,-1,15,1,20,-1,-1,-1,-1,,,,,
32481,5860799,-1,2416,4,-1,-1,-1,-1,-1,-1,15,1,19,-1,-1,-1,-1,,,,,
32482,5860815,-1,82,1,-1,-1,-1,-1,-1,-1,58,1,324,-1,-1,-1,-1,,,,,
32483,5860835,-1,2380,2,-1,-1,-1,-1,-1,-1,15,1,20,-1,-1,-1,-1,,,,,
32487,5861272,-1,353,1,-1,-1,-1,-1,-1,-1,58,1,324,-1,-1,-1,-1,,,,,
32489,5861360,-1,71,1,-1,-1,-1,-1,-1,-1,51,1,324,-1,-1,-1,-1,,,,,
32491,5861664,-1,100,1,-1,-1,-1,-1,-1,-1,58,1,324,-1,-1,-1,-1,,,,,
32492,5861720,-1,126,1,-1,-1,-1,-1,-1,-1,51,1,324,-1,-1,-1,-1,,,,,
32494,5862162,-1,114,1,-1,-1,-1,-1,-1,-1,51,1,324,-1,-1,-1,-1,,,,,
32496,5862452,-1,89,1,-1,-1,-1,-1,-1,-1,58,1,324,-1,-1,-1,-1,,,,,
32502,5863069,-1,66,1,-1,-1,-1,-1,-1,-1,58,1,324,-1,-1,-1,-1,,,,,
32503,5863136,-1,42,1,-1,-1,-1,-1,-1,-1,15,1,12,-1,-1,-1,-1,,,,,
32504,5863187,-1,27,1,-1,-1,-1,-1,-1,-1,15,1,12,-1,-1,-1,-1,,,,,
32505,5863218,-1,264,4,-1,-1,-1,-1,-1,-1,15,1,19,-1,-1,-1,-1,,,,,
32506,5863234,-1,119,1,-1,-1,-1,-1,-1,-1,58,1,324,-1,-1,-1,-1,,,,,
32507,5863239,-1,245,2,-1,-1,-1,-1,-1,-1,15,1,20,-1,-1,-1,-1,,,,,
32511,5863754,-1,102,1,-1,-1,-1,-1,-1,-1,58,1,324,-1,-1,-1,-1,,,,,
32520,5864608,-1,77,1,-1,-1,-1,-1,-1,-1,58,1,324,-1,-1,-1,-1,,,,,
32529,5865548,-1,71,1,-1,-1,-1,-1,-1,-1,58,1,410,-1,-1,-1,-1,,,,,
32532,5865669,-1,64,1,-1,-1,-1,-1,-1,-1,3,2,9,-1,-1,-1,-1,,,,,
32534,5865737,-1,122,1,-1,-1,-1,-1,-1,-1,58,1,324,-1,-1,-1,-1,,,,,
32535,5865746,-1,64,16,-1,-1,-1,-1,-1,-1,3,2,1,-1,-1,-1,-1,,,,,
32536,5865808,-1,178,1,-1,-1,-1,-1,-1,-1,51,1,324,-1,-1,-1,-1,,,,,
32537,5865923,-1,116,1,-1,-1,-1,-1,-1,-1,58,1,324,-1,-1,-1,-1,,,,,
32538,5865957,-1,61,16,-1,-1,-1,-1,-1,-1,3,2,1,-1,-1,-1,-1,,,,,
32545,5866343,-1,10926,64,-1,-1,-1,-1,-1,-1,54,1,-1,-1,-1,-1,-1,,,,,
32546,5866344,-1,10920,64,-1,-1,-1,-1,-1,-1,4,1,-1,-1,-1,-1,-1,,,,,
32547,5877273,-1,9732,128,-1,-1,-1,-1,-1,-1,2,1,-1,-1,-1,-1,-1,,,,,
32548,5887009,-1,7307,64,-1,-1,-1,-1,-1,-1,18,1,-1,-1,-1,-1,-1,,,,,
32549,5887010,-1,10931,64,-1,-1,-1,-1,-1,-1,4,1,-1,-1,-1,-1,-1,,,,,
32550,5897946,-1,86,128,-1,-1,-1,-1,-1,-1,12,2,-1,-1,-1,-1,-1,,,,,
32551,5899880,-1,98,128,-1,-1,-1,-1,-1,-1,12,2,14,-1,-1,-1,-1,,,,,
32552,5900015,-1,178,16,-1,-1,-1,-1,-1,-1,12,2,-1,-1,-1,-1,-1,,,,,
32553,5900043,-1,17,1,-1,-1,-1,-1,-1,-1,12,2,1,-1,-1,-1,-1,,,,,
32554,5900342,-1,0,2,-1,-1,-1,-1,-1,-1,55,1,11,-1,-1,-1,-1,,,,,
32555,5901802,-1,129,1,-1,-1,-1,-1,-1,-1,55,1,353,-1,-1,-1,-1,,,,,
32556,5905687,-1,211,64,-1,-1,-1,-1,-1,-1,41,1,28,-1,-1,-1,-1,,,,,
32557,5905910,-1,33,64,-1,-1,-1,-1,-1,-1,41,1,28,-1,-1,-1,-1,,,,,
32558,5906033,-1,37,64,-1,-1,-1,-1,-1,-1,41,1,28,-1,-1,-1,-1,,,,,
32559,5906154,-1,268,1,-1,-1,-1,-1,-1,-1,55,1,353,-1,-1,-1,-1,,,,,
32560,5906483,-1,47,1,-1,-1,-1,-1,-1,-1,15,1,12,-1,-1,-1,-1,,,,,
32561,5906532,-1,1,64,-1,-1,-1,-1,-1,-1,41,1,28,-1,-1,-1,-1,,,,,
32562,5906539,-1,560,32,-1,-1,-1,-1,-1,-1,41,1,28,-1,-1,-1,-1,,,,,
32563,5906542,-1,18,1,-1,-1,-1,-1,-1,-1,15,1,12,-1,-1,-1,-1,,,,,
32564,5906565,-1,105,4,-1,-1,-1,-1,-1,-1,15,1,19,-1,-1,-1,-1,,,,,
32565,5906588,-1,84,2,-1,-1,-1,-1,-1,-1,15,1,20,-1,-1,-1,-1,,,,,
32566,5906950,-1,34,1,-1,-1,-1,-1,-1,-1,15,1,12,-1,-1,-1,-1,,,,,
32567,5906993,-1,20,1,-1,-1,-1,-1,-1,-1,15,1,12,-1,-1,-1,-1,,,,,
32568,5907063,-1,40,1,-1,-1,-1,-1,-1,-1,15,1,12,-1,-1,-1,-1,,,,,
32569,5907112,-1,17,1,-1,-1,-1,-1,-1,-1,15,1,12,-1,-1,-1,-1,,,,,
32570,5907132,-1,37,4,-1,-1,-1,-1,-1,-1,15,1,19,-1,-1,-1,-1,,,,,
32571,5907153,-1,1,2,-1,-1,-1,-1,-1,-1,15,1,20,-1,-1,-1,-1,,,,,
32572,5907207,-1,250,4,-1,-1,-1,-1,-1,-1,15,1,19,-1,-1,-1,-1,,,,,
32573,5907231,-1,228,2,-1,-1,-1,-1,-1,-1,15,1,20,-1,-1,-1,-1,,,,,
32574,5907272,-1,63,32,-1,-1,-1,-1,-1,-1,41,1,28,-1,-1,-1,-1,,,,,
32575,5907347,-1,169,64,-1,-1,-1,-1,-1,-1,41,1,28,-1,-1,-1,-1,,,,,
32576,5907520,-1,112,64,-1,-1,-1,-1,-1,-1,41,1,28,-1,-1,-1,-1,,,,,
32577,5907736,-1,123,1,-1,-1,-1,-1,-1,-1,55,1,353,-1,-1,-1,-1,,,,,
32578,5911374,-1,21,1,-1,-1,-1,-1,-1,-1,23,1,145,-1,-1,-1,-1,,,,,
32579,5911410,-1,239,1,-1,-1,-1,-1,-1,-1,8,1,286,-1,-1,-1,-1,,,,,
32580,5911417,-1,60,32,-1,-1,-1,-1,-1,-1,23,1,134,-1,-1,-1,-1,,,,,
32581,5911433,-1,8949,2,-1,-1,-1,-1,-1,-1,55,1,11,-1,-1,-1,-1,,,,,
32582,5911503,-1,18,1,-1,-1,-1,-1,-1,-1,9,2,9,-1,-1,-1,-1,,,,,
32583,5911733,-1,66,32,-1,-1,-1,-1,-1,-1,23,1,134,-1,-1,-1,-1,,,,,
32584,5911780,-1,224,1,-1,-1,-1,-1,-1,-1,8,1,286,-1,-1,-1,-1,,,,,
32586,5911827,-1,126,1,-1,-1,-1,-1,-1,-1,55,1,353,-1,-1,-1,-1,,,,,
32587,5912072,-1,10,64,-1,-1,-1,-1,-1,-1,41,1,28,-1,-1,-1,-1,,,,,
32588,5912075,-1,121,32,-1,-1,-1,-1,-1,-1,23,1,134,-1,-1,-1,-1,,,,,
32589,5912195,-1,0,64,-1,-1,-1,-1,-1,-1,41,1,28,-1,-1,-1,-1,,,,,
32590,5912237,-1,110,64,-1,-1,-1,-1,-1,-1,41,1,28,-1,-1,-1,-1,,,,,
32592,5912357,-1,107,64,-1,-1,-1,-1,-1,-1,41,1,28,-1,-1,-1,-1,,,,,
32593,5912386,-1,317,16,-1,-1,-1,-1,-1,-1,60,1,80,-1,-1,-1,-1,,,,,
32594,5912541,-1,5690,32,-1,-1,-1,-1,-1,-1,24,1,101,-1,-1,-1,-1,,,,,
32595,5912545,-1,36,16,-1,-1,-1,-1,-1,-1,40,2,80,-1,-1,-1,-1,,,,,
32596,5912567,-1,5665,8,-1,-1,-1,-1,-1,-1,24,1,101,-1,-1,-1,-1,,,,,
32597,5912604,-1,176,16,-1,-1,-1,-1,-1,-1,40,2,80,-1,-1,-1,-1,,,,,
32599,5912712,-1,149,16,-1,-1,-1,-1,-1,-1,60,1,80,-1,-1,-1,-1,,,,,
32602,5912801,-1,219,16,-1,-1,-1,-1,-1,-1,40,2,80,-1,-1,-1,-1,,,,,
32606,5913102,-1,132,16,-1,-1,-1,-1,-1,-1,60,1,80,-1,-1,-1,-1,,,,,
32607,5913295,-1,21,16,-1,-1,-1,-1,-1,-1,60,1,80,-1,-1,-1,-1,,,,,
32608,5913319,-1,305,16,-1,-1,-1,-1,-1,-1,60,1,80,-1,-1,-1,-1,,,,,
32610,5913864,-1,124,16,-1,-1,-1,-1,-1,-1,60,1,80,-1,-1,-1,-1,,,,,
32612,5914068,-1,156,16,-1,-1,-1,-1,-1,-1,60,1,80,-1,-1,-1,-1,,,,,
32614,5914296,-1,218,16,-1,-1,-1,-1,-1,-1,40,2,80,-1,-1,-1,-1,,,,,
32618,5914410,-1,127,16,-1,-1,-1,-1,-1,-1,60,1,80,-1,-1,-1,-1,,,,,
32620,5914735,-1,90,16,-1,-1,-1,-1,-1,-1,60,1,80,-1,-1,-1,-1,,,,,
32621,5914909,-1,100,16,-1,-1,-1,-1,-1,-1,60,1,80,-1,-1,-1,-1,,,,,
32623,5915080,-1,21,16,-1,-1,-1,-1,-1,-1,60,1,80,-1,-1,-1,-1,,,,,
32624,5915110,-1,117,16,-1,-1,-1,-1,-1,-1,60,1,80,-1,-1,-1,-1,,,,,
32625,5915285,-1,949,16,-1,-1,-1,-1,-1,-1,40,2,80,-1,-1,-1,-1,,,,,
32626,5915317,-1,32,32,-1,-1,-1,-1,-1,-1,57,1,370,-1,-1,-1,-1,,,,,
32633,5916165,-1,18,1,-1,-1,-1,-1,-1,-1,15,1,12,-1,-1,-1,-1,,,,,
32634,5916244,-1,221,16,-1,-1,-1,-1,-1,-1,40,2,80,-1,-1,-1,-1,,,,,
32635,5916273,-1,290,16,-1,-1,-1,-1,-1,-1,60,1,80,-1,-1,-1,-1,,,,,
32636,5916295,-1,51,1,-1,-1,-1,-1,-1,-1,15,1,12,-1,-1,-1,-1,,,,,
32637,5916353,-1,236,4,-1,-1,-1,-1,-1,-1,15,1,19,-1,-1,-1,-1,,,,,
32638,5916375,-1,216,2,-1,-1,-1,-1,-1,-1,15,1,20,-1,-1,-1,-1,,,,,
32640,5916606,-1,5,16,-1,-1,-1,-1,-1,-1,40,2,80,-1,-1,-1,-1,,,,,
32641,5916639,-1,154,16,-1,-1,-1,-1,-1,-1,40,2,80,-1,-1,-1,-1,,,,,
32642,5916682,-1,165,64,-1,-1,-1,-1,-1,-1,41,1,28,-1,-1,-1,-1,,,,,
32643,5916996,-1,191,1,-1,-1,-1,-1,-1,-1,55,1,353,-1,-1,-1,-1,,,,,
32644,5917013,-1,201,32,-1,-1,-1,-1,-1,-1,57,1,370,-1,-1,-1,-1,,,,,
32645,5917058,-1,55,32,-1,-1,-1,-1,-1,-1,23,1,134,-1,-1,-1,-1,,,,,
32647,5917135,-1,76,32,-1,-1,-1,-1,-1,-1,23,1,134,-1,-1,-1,-1,,,,,
32648,5917215,-1,322,16,-1,-1,-1,-1,-1,-1,40,2,80,-1,-1,-1,-1,,,,,
32649,5917279,-1,82,16,-1,-1,-1,-1,-1,-1,60,1,80,-1,-1,-1,-1,,,,,
32650,5917286,-1,51,32,-1,-1,-1,-1,-1,-1,23,1,134,-1,-1,-1,-1,,,,,
32651,5917353,-1,100,2,-1,-1,-1,-1,-1,-1,57,1,370,-1,-1,-1,-1,,,,,
32653,5917504,-1,57,1,-1,-1,-1,-1,-1,-1,15,1,12,-1,-1,-1,-1,,,,,
32655,5917511,-1,258,16,-1,-1,-1,-1,-1,-1,60,1,80,-1,-1,-1,-1,,,,,
32656,5917556,-1,290,16,-1,-1,-1,-1,-1,-1,40,2,80,-1,-1,-1,-1,,,,,
32657,5917581,-1,19,1,-1,-1,-1,-1,-1,-1,55,1,353,-1,-1,-1,-1,,,,,
32658,5917594,-1,24,1,-1,-1,-1,-1,-1,-1,15,1,12,-1,-1,-1,-1,,,,,
32660,5917609,-1,52,1,-1,-1,-1,-1,-1,-1,23,1,145,-1,-1,-1,-1,,,,,
32661,5917623,-1,444,4,-1,-1,-1,-1,-1,-1,15,1,19,-1,-1,-1,-1,,,,,
32662,5917650,-1,417,2,-1,-1,-1,-1,-1,-1,15,1,20,-1,-1,-1,-1,,,,,
32664,5917740,-1,53,32,-1,-1,-1,-1,-1,-1,23,1,134,-1,-1,-1,-1,,,,,
32666,5917850,-1,30,4,-1,-1,-1,-1,-1,-1,23,1,432,-1,-1,-1,-1,,,,,
32667,5917873,-1,186,16,-1,-1,-1,-1,-1,-1,40,2,80,-1,-1,-1,-1,,,,,
32668,5917882,-1,141,2,-1,-1,-1,-1,-1,-1,57,1,370,-1,-1,-1,-1,,,,,
32669,5918076,-1,24,2,-1,-1,-1,-1,-1,-1,23,1,432,-1,-1,-1,-1,,,,,
32670,5918124,-1,22,4,-1,-1,-1,-1,-1,-1,23,1,432,-1,-1,-1,-1,,,,,
32671,5918148,-1,50,1,-1,-1,-1,-1,-1,-1,15,1,12,-1,-1,-1,-1,,,,,
32672,5918211,-1,6,1,-1,-1,-1,-1,-1,-1,15,1,12,-1,-1,-1,-1,,,,,
32674,5918273,-1,210,1,-1,-1,-1,-1,-1,-1,58,1,324,-1,-1,-1,-1,,,,,
32675,5918298,-1,50,1,-1,-1,-1,-1,-1,-1,15,1,12,-1,-1,-1,-1,,,,,
32676,5918334,-1,2045,32,-1,-1,-1,-1,-1,-1,24,1,101,-1,-1,-1,-1,,,,,
32677,5918353,-1,40,4,-1,-1,-1,-1,-1,-1,23,1,432,-1,-1,-1,-1,,,,,
32678,5918376,-1,26,1,-1,-1,-1,-1,-1,-1,15,1,12,-1,-1,-1,-1,,,,,
32679,5918379,-1,2002,8,-1,-1,-1,-1,-1,-1,24,1,101,-1,-1,-1,-1,,,,,
32680,5918408,-1,329,4,-1,-1,-1,-1,-1,-1,15,1,19,-1,-1,-1,-1,,,,,
32681,5918430,-1,311,2,-1,-1,-1,-1,-1,-1,15,1,20,-1,-1,-1,-1,,,,,
32682,5918599,-1,128,64,-1,-1,-1,-1,-1,-1,41,1,28,-1,-1,-1,-1,,,,,
32683,5918665,-1,44,2,-1,-1,-1,-1,-1,-1,57,1,370,-1,-1,-1,-1,,,,,
32684,5918735,-1,31,4,-1,-1,-1,-1,-1,-1,23,1,432,-1,-1,-1,-1,,,,,
32686,5918774,-1,146,2,-1,-1,-1,-1,-1,-1,57,1,370,-1,-1,-1,-1,,,,,
32687,5918842,-1,114,64,-1,-1,-1,-1,-1,-1,41,1,28,-1,-1,-1,-1,,,,,
32688,5918904,-1,88,16,-1,-1,-1,-1,-1,-1,60,1,80,-1,-1,-1,-1,,,,,
32689,5918963,-1,113,64,-1,-1,-1,-1,-1,-1,41,1,28,-1,-1,-1,-1,,,,,
32690,5919091,-1,61,64,-1,-1,-1,-1,-1,-1,41,1,28,-1,-1,-1,-1,,,,,
32692,5919184,-1,73,64,-1,-1,-1,-1,-1,-1,41,1,28,-1,-1,-1,-1,,,,,
32694,5919213,-1,29,1,-1,-1,-1,-1,-1,-1,58,1,324,-1,-1,-1,-1,,,,,
32696,5919308,-1,44,1,-1,-1,-1,-1,-1,-1,15,1,12,-1,-1,-1,-1,,,,,
32698,5919379,-1,41,1,-1,-1,-1,-1,-1,-1,15,1,12,-1,-1,-1,-1,,,,,
32699,5919384,-1,202,16,-1,-1,-1,-1,-1,-1,60,1,80,-1,-1,-1,-1,,,,,
32700,5919397,-1,136,32,-1,-1,-1,-1,-1,-1,23,1,134,-1,-1,-1,-1,,,,,
32701,5919416,-1,99,1,-1,-1,-1,-1,-1,-1,58,1,324,-1,-1,-1,-1,,,,,
32702,5919427,-1,288,16,-1,-1,-1,-1,-1,-1,40,2,80,-1,-1,-1,-1,,,,,
32704,5919455,-1,18,4,-1,-1,-1,-1,-1,-1,15,1,19,-1,-1,-1,-1,,,,,
32705,5919518,-1,306,4,-1,-1,-1,-1,-1,-1,15,1,19,-1,-1,-1,-1,,,,,
32706,5919546,-1,282,2,-1,-1,-1,-1,-1,-1,15,1,20,-1,-1,-1,-1,,,,,
32707,5919549,-1,115,2,-1,-1,-1,-1,-1,-1,57,1,370,-1,-1,-1,-1,,,,,
32708,5919652,-1,19,32,-1,-1,-1,-1,-1,-1,23,1,134,-1,-1,-1,-1,,,,,
32709,5919657,-1,211,1,-1,-1,-1,-1,-1,-1,58,1,324,-1,-1,-1,-1,,,,,
32710,5919738,-1,463,32,-1,-1,-1,-1,-1,-1,57,1,370,-1,-1,-1,-1,,,,,
32711,5919792,-1,37,1,-1,-1,-1,-1,-1,-1,4,1,4,-1,-1,-1,-1,,,,,
32712,5919895,-1,114,32,-1,-1,-1,-1,-1,-1,4,1,3,-1,-1,-1,-1,,,,,
32714,5920038,-1,350,32,-1,-1,-1,-1,-1,-1,23,1,134,-1,-1,-1,-1,,,,,
32715,5920212,-1,150,16,-1,-1,-1,-1,-1,-1,60,1,80,-1,-1,-1,-1,,,,,
32716,5920365,-1,156,32,-1,-1,-1,-1,-1,-1,4,1,3,-1,-1,-1,-1,,,,,
32717,5920393,-1,2187,4,-1,-1,-1,-1,-1,-1,55,1,11,-1,-1,-1,-1,,,,,
32719,5920462,-1,48,1,-1,-1,-1,-1,-1,-1,15,1,12,-1,-1,-1,-1,,,,,
32720,5920505,-1,117,16,-1,-1,-1,-1,-1,-1,60,1,80,-1,-1,-1,-1,,,,,
32721,5920525,-1,23,1,-1,-1,-1,-1,-1,-1,15,1,12,-1,-1,-1,-1,,,,,
32722,5920554,-1,257,4,-1,-1,-1,-1,-1,-1,15,1,19,-1,-1,-1,-1,,,,,
32723,5920577,-1,1741,4,-1,-1,-1,-1,-1,-1,55,1,11,-1,-1,-1,-1,,,,,
32724,5920581,-1,233,2,-1,-1,-1,-1,-1,-1,15,1,20,-1,-1,-1,-1,,,,,
32725,5920586,-1,256,16,-1,-1,-1,-1,-1,-1,40,2,80,-1,-1,-1,-1,,,,,
32726,5920601,-1,375,32,-1,-1,-1,-1,-1,-1,57,1,370,-1,-1,-1,-1,,,,,
32728,5920850,-1,299,1,-1,-1,-1,-1,-1,-1,58,1,324,-1,-1,-1,-1,,,,,
32729,5920861,-1,229,16,-1,-1,-1,-1,-1,-1,60,1,80,-1,-1,-1,-1,,,,,
32732,5921014,-1,279,16,-1,-1,-1,-1,-1,-1,40,2,80,-1,-1,-1,-1,,,,,
32734,5921109,-1,122,32,-1,-1,-1,-1,-1,-1,4,1,3,-1,-1,-1,-1,,,,,
32736,5921374,-1,249,16,-1,-1,-1,-1,-1,-1,40,2,80,-1,-1,-1,-1,,,,,
32737,5921388,-1,60,16,-1,-1,-1,-1,-1,-1,60,1,80,-1,-1,-1,-1,,,,,
32738,5921574,-1,30,16,-1,-1,-1,-1,-1,-1,60,1,80,-1,-1,-1,-1,,,,,
32740,5921678,-1,18,16,-1,-1,-1,-1,-1,-1,60,1,80,-1,-1,-1,-1,,,,,
32741,5921705,-1,69,16,-1,-1,-1,-1,-1,-1,60,1,80,-1,-1,-1,-1,,,,,
32742,5921744,-1,195,32,-1,-1,-1,-1,-1,-1,57,1,370,-1,-1,-1,-1,,,,,
32743,5921789,-1,119,16,-1,-1,-1,-1,-1,-1,60,1,80,-1,-1,-1,-1,,,,,
32744,5921803,-1,145,32,-1,-1,-1,-1,-1,-1,4,1,3,-1,-1,-1,-1,,,,,
32745,5921969,-1,35,1,-1,-1,-1,-1,-1,-1,57,1,370,-1,-1,-1,-1,,,,,
32747,5922212,-1,170,1,-1,-1,-1,-1,-1,-1,58,1,324,-1,-1,-1,-1,,,,,
32748,5922288,-1,127,32,-1,-1,-1,-1,-1,-1,4,1,3,-1,-1,-1,-1,,,,,
32749,5922321,-1,1409,4,-1,-1,-1,-1,-1,-1,55,1,11,-1,-1,-1,-1,,,,,
32750,5922338,-1,62,1,-1,-1,-1,-1,-1,-1,55,1,106,-1,-1,-1,-1,,,,,
32752,5922466,-1,9,1,-1,-1,-1,-1,-1,-1,4,1,4,-1,-1,-1,-1,,,,,
32753,5922513,-1,654,32,-1,-1,-1,-1,-1,-1,4,1,3,-1,-1,-1,-1,,,,,
32755,5922563,-1,5,1,-1,-1,-1,-1,-1,-1,57,1,370,-1,-1,-1,-1,,,,,
32757,5922639,-1,99,1,-1,-1,-1,-1,-1,-1,57,1,370,-1,-1,-1,-1,,,,,
32760,5922786,-1,112,2,-1,-1,-1,-1,-1,-1,57,1,370,-1,-1,-1,-1,,,,,
32764,5923474,-1,187,32,-1,-1,-1,-1,-1,-1,4,1,3,-1,-1,-1,-1,,,,,
32766,5923697,-1,237,1,-1,-1,-1,-1,-1,-1,57,1,370,-1,-1,-1,-1,,,,,
32767,5923732,-1,196,8,-1,-1,-1,-1,-1,-1,55,1,11,-1,-1,-1,-1,,,,,
32768,5923776,-1,159,32,-1,-1,-1,-1,-1,-1,23,1,134,-1,-1,-1,-1,,,,,
32769,5923882,-1,133,8,-1,-1,-1,-1,-1,-1,55,1,11,-1,-1,-1,-1,,,,,
32770,5923904,-1,24,1,-1,-1,-1,-1,-1,-1,23,1,145,-1,-1,-1,-1,,,,,
32771,5923962,-1,31,1,-1,-1,-1,-1,-1,-1,23,1,145,-1,-1,-1,-1,,,,,
32772,5923965,-1,422,1,-1,-1,-1,-1,-1,-1,57,1,370,-1,-1,-1,-1,,,,,
32773,5923971,-1,141,32,-1,-1,-1,-1,-1,-1,55,1,11,-1,-1,-1,-1,,,,,
32774,5923997,-1,8,1,-1,-1,-1,-1,-1,-1,23,1,145,-1,-1,-1,-1,,,,,
32775,5924024,-1,23,1,-1,-1,-1,-1,-1,-1,23,1,145,-1,-1,-1,-1,,,,,
32776,5924064,-1,822,4,-1,-1,-1,-1,-1,-1,55,1,11,-1,-1,-1,-1,,,,,
32778,5924072,-1,34,32,-1,-1,-1,-1,-1,-1,23,1,134,-1,-1,-1,-1,,,,,
32779,5924142,-1,1217,1,-1,-1,-1,-1,-1,-1,15,1,12,-1,-1,-1,-1,,,,,
32780,5924175,-1,44,1,-1,-1,-1,-1,-1,-1,55,1,353,-1,-1,-1,-1,,,,,
32781,5924237,-1,26,32,-1,-1,-1,-1,-1,-1,23,1,134,-1,-1,-1,-1,,,,,
32782,5924254,-1,159,4,-1,-1,-1,-1,-1,-1,55,1,11,-1,-1,-1,-1,,,,,
32783,5924287,-1,232,32,-1,-1,-1,-1,-1,-1,4,1,3,-1,-1,-1,-1,,,,,
32785,5924429,-1,178,1,-1,-1,-1,-1,-1,-1,57,1,370,-1,-1,-1,-1,,,,,
32786,5924524,-1,1,32,-1,-1,-1,-1,-1,-1,23,1,134,-1,-1,-1,-1,,,,,
32787,5924565,-1,23,32,-1,-1,-1,-1,-1,-1,23,1,134,-1,-1,-1,-1,,,,,
32788,5924670,-1,115,1,-1,-1,-1,-1,-1,-1,57,1,370,-1,-1,-1,-1,,,,,
32789,5924696,-1,34,32,-1,-1,-1,-1,-1,-1,23,1,134,-1,-1,-1,-1,,,,,
32791,5924794,-1,89,64,-1,-1,-1,-1,-1,-1,55,1,11,-1,-1,-1,-1,,,,,
32792,5924803,-1,22,32,-1,-1,-1,-1,-1,-1,23,1,134,-1,-1,-1,-1,,,,,
32793,5924871,-1,53,1,-1,-1,-1,-1,-1,-1,57,1,370,-1,-1,-1,-1,,,,,
32794,5924974,-1,53,1,-1,-1,-1,-1,-1,-1,57,1,370,-1,-1,-1,-1,,,,,
32795,5925030,-1,29,32,-1,-1,-1,-1,-1,-1,23,1,134,-1,-1,-1,-1,,,,,
32797,5925210,-1,22,32,-1,-1,-1,-1,-1,-1,23,1,134,-1,-1,-1,-1,,,,,
32798,5925268,-1,107,4,-1,-1,-1,-1,-1,-1,55,1,11,-1,-1,-1,-1,,,,,
32799,5925324,-1,535,4,-1,-1,-1,-1,-1,-1,55,1,11,-1,-1,-1,-1,,,,,
32800,5925326,-1,189,1,-1,-1,-1,-1,-1,-1,51,1,324,-1,-1,-1,-1,,,,,
32801,5925332,-1,65,1,-1,-1,-1,-1,-1,-1,58,1,324,-1,-1,-1,-1,,,,,
32803,5925470,-1,5191,32,-1,-1,-1,-1,-1,-1,24,1,101,-1,-1,-1,-1,,,,,
32804,5925512,-1,5149,8,-1,-1,-1,-1,-1,-1,24,1,101,-1,-1,-1,-1,,,,,
32805,5925515,-1,1098,1,-1,-1,-1,-1,-1,-1,15,1,12,-1,-1,-1,-1,,,,,
32806,5925596,-1,206,32,-1,-1,-1,-1,-1,-1,4,1,3,-1,-1,-1,-1,,,,,
32807,5925630,-1,40,1,-1,-1,-1,-1,-1,-1,57,1,11,-1,-1,-1,-1,,,,,
32808,5925691,-1,33,1,-1,-1,-1,-1,-1,-1,57,1,11,-1,-1,-1,-1,,,,,
32809,5925737,-1,121,1,-1,-1,-1,-1,-1,-1,55,1,353,-1,-1,-1,-1,,,,,
32810,5925776,-1,19,1,-1,-1,-1,-1,-1,-1,57,1,370,-1,-1,-1,-1,,,,,
32811,5925816,-1,104,1,-1,-1,-1,-1,-1,-1,57,1,370,-1,-1,-1,-1,,,,,
32812,5925824,-1,50,32,-1,-1,-1,-1,-1,-1,23,1,134,-1,-1,-1,-1,,,,,
32814,5925995,-1,19,1,-1,-1,-1,-1,-1,-1,55,1,353,-1,-1,-1,-1,,,,,
32815,5926024,-1,170,1,-1,-1,-1,-1,-1,-1,57,1,361,-1,-1,-1,-1,,,,,
32816,5926028,-1,70,4,-1,-1,-1,-1,-1,-1,55,1,347,-1,-1,-1,-1,,,,,
32817,5926203,-1,165,32,-1,-1,-1,-1,-1,-1,23,1,134,-1,-1,-1,-1,,,,,
32818,5926277,-1,235,32,-1,-1,-1,-1,-1,-1,12,2,-1,-1,-1,-1,-1,,,,,
32820,5926504,-1,687,1,-1,-1,-1,-1,-1,-1,58,1,324,-1,-1,-1,-1,,,,,
32821,5926639,-1,435,1,-1,-1,-1,-1,-1,-1,15,1,12,-1,-1,-1,-1,,,,,
32822,5926692,-1,39,1,-1,-1,-1,-1,-1,-1,15,1,12,-1,-1,-1,-1,,,,,
32823,5926772,-1,299,1,-1,-1,-1,-1,-1,-1,15,1,12,-1,-1,-1,-1,,,,,
32824,5926819,-1,253,32,-1,-1,-1,-1,-1,-1,4,1,3,-1,-1,-1,-1,,,,,
32826,5926917,-1,16,1,-1,-1,-1,-1,-1,-1,57,1,1,-1,-1,-1,-1,,,,,
32827,5927109,-1,569,1,-1,-1,-1,-1,-1,-1,15,1,1,-1,-1,-1,-1,,,,,
32830,5927220,-1,25,1,-1,-1,-1,-1,-1,-1,58,1,324,-1,-1,-1,-1,,,,,
32831,5927268,-1,606,16,-1,-1,-1,-1,-1,-1,60,1,80,-1,-1,-1,-1,,,,,
32833,5927341,-1,161,32,-1,-1,-1,-1,-1,-1,4,1,3,-1,-1,-1,-1,,,,,
32835,5927506,-1,184,1,-1,-1,-1,-1,-1,-1,58,1,324,-1,-1,-1,-1,,,,,
32836,5927531,-1,191,16,-1,-1,-1,-1,-1,-1,40,2,80,-1,-1,-1,-1,,,,,
32838,5927721,-1,482,1,-1,-1,-1,-1,-1,-1,15,1,12,-1,-1,-1,-1,,,,,
32839,5927728,-1,237,16,-1,-1,-1,-1,-1,-1,40,2,80,-1,-1,-1,-1,,,,,
32840,5927834,-1,1406,1,-1,-1,-1,-1,-1,-1,58,1,324,-1,-1,-1,-1,,,,,
32842,5927876,-1,167,32,-1,-1,-1,-1,-1,-1,41,1,28,-1,-1,-1,-1,,,,,
32844,5927973,-1,413,16,-1,-1,-1,-1,-1,-1,40,2,80,-1,-1,-1,-1,,,,,
32845,5927986,-1,147,1,-1,-1,-1,-1,-1,-1,57,1,361,-1,-1,-1,-1,,,,,
32846,5928053,-1,42,32,-1,-1,-1,-1,-1,-1,41,1,28,-1,-1,-1,-1,,,,,
32847,5928098,-1,501,16,-1,-1,-1,-1,-1,-1,60,1,80,-1,-1,-1,-1,,,,,
32848,5928236,-1,1038,1,-1,-1,-1,-1,-1,-1,15,1,12,-1,-1,-1,-1,,,,,
32849,5928280,-1,40,32,-1,-1,-1,-1,-1,-1,41,1,28,-1,-1,-1,-1,,,,,
32850,5928398,-1,126,16,-1,-1,-1,-1,-1,-1,40,2,80,-1,-1,-1,-1,,,,,
32851,5928440,-1,33,32,-1,-1,-1,-1,-1,-1,41,1,28,-1,-1,-1,-1,,,,,
32852,5928488,-1,173,32,-1,-1,-1,-1,-1,-1,41,1,28,-1,-1,-1,-1,,,,,
32853,5928543,-1,59,16,-1,-1,-1,-1,-1,-1,40,2,80,-1,-1,-1,-1,,,,,
32854,5928602,-1,102,1,-1,-1,-1,-1,-1,-1,57,1,361,-1,-1,-1,-1,,,,,
32855,5928608,-1,153,16,-1,-1,-1,-1,-1,-1,60,1,80,-1,-1,-1,-1,,,,,
32856,5928672,-1,265,32,-1,-1,-1,-1,-1,-1,4,1,3,-1,-1,-1,-1,,,,,
32857,5928769,-1,28,1,-1,-1,-1,-1,-1,-1,57,1,370,-1,-1,-1,-1,,,,,
32858,5928817,-1,63,16,-1,-1,-1,-1,-1,-1,60,1,80,-1,-1,-1,-1,,,,,
32859,5928955,-1,40,16,-1,-1,-1,-1,-1,-1,41,1,28,-1,-1,-1,-1,,,,,
32861,5929025,-1,202,16,-1,-1,-1,-1,-1,-1,60,1,80,-1,-1,-1,-1,,,,,
32862,5929039,-1,31,16,-1,-1,-1,-1,-1,-1,41,1,28,-1,-1,-1,-1,,,,,
32864,5929088,-1,27,1,-1,-1,-1,-1,-1,-1,57,1,370,-1,-1,-1,-1,,,,,
32865,5929119,-1,31,16,-1,-1,-1,-1,-1,-1,41,1,28,-1,-1,-1,-1,,,,,
32867,5929237,-1,1187,16,-1,-1,-1,-1,-1,-1,60,1,80,-1,-1,-1,-1,,,,,
32869,5929323,-1,138,1,-1,-1,-1,-1,-1,-1,15,1,12,-1,-1,-1,-1,,,,,
32870,5929329,-1,194,32,-1,-1,-1,-1,-1,-1,4,1,3,-1,-1,-1,-1,,,,,
32872,5929544,-1,65,1,-1,-1,-1,-1,-1,-1,15,1,12,-1,-1,-1,-1,,,,,
32874,5929683,-1,763,4,-1,-1,-1,-1,-1,-1,15,1,19,-1,-1,-1,-1,,,,,
32876,5929713,-1,691,2,-1,-1,-1,-1,-1,-1,15,1,20,-1,-1,-1,-1,,,,,
32877,5929714,-1,162,1,-1,-1,-1,-1,-1,-1,51,1,324,-1,-1,-1,-1,,,,,
32879,5929871,-1,107,1,-1,-1,-1,-1,-1,-1,57,1,370,-1,-1,-1,-1,,,,,
32883,5930201,-1,84,1,-1,-1,-1,-1,-1,-1,12,2,1,-1,-1,-1,-1,,,,,
32884,5930208,-1,3,1,-1,-1,-1,-1,-1,-1,12,2,1,-1,-1,-1,-1,,,,,
32885,5930303,-1,30,1,-1,-1,-1,-1,-1,-1,12,2,1,-1,-1,-1,-1,,,,,
32886,5930348,-1,30,1,-1,-1,-1,-1,-1,-1,12,2,1,-1,-1,-1,-1,,,,,
32887,5930413,-1,129,1,-1,-1,-1,-1,-1,-1,12,2,1,-1,-1,-1,-1,,,,,
32888,5930450,-1,35,1,-1,-1,-1,-1,-1,-1,57,1,370,-1,-1,-1,-1,,,,,
32889,5930507,-1,6,1,-1,-1,-1,-1,-1,-1,57,1,370,-1,-1,-1,-1,,,,,
32890,5930570,-1,60,1,-1,-1,-1,-1,-1,-1,12,2,1,-1,-1,-1,-1,,,,,
32891,5930642,-1,19,1,-1,-1,-1,-1,-1,-1,12,2,1,-1,-1,-1,-1,,,,,
32893,5931365,-1,297,32,-1,-1,-1,-1,-1,-1,4,1,3,-1,-1,-1,-1,,,,,
32894,5931396,-1,27,32,-1,-1,-1,-1,-1,-1,41,1,28,-1,-1,-1,-1,,,,,
32895,5931441,-1,38,64,-1,-1,-1,-1,-1,-1,41,1,28,-1,-1,-1,-1,,,,,
32897,5931576,-1,26,32,-1,-1,-1,-1,-1,-1,41,1,28,-1,-1,-1,-1,,,,,
32898,5931590,-1,40,1,-1,-1,-1,-1,-1,-1,57,1,370,-1,-1,-1,-1,,,,,
32899,5931611,-1,27,32,-1,-1,-1,-1,-1,-1,41,1,28,-1,-1,-1,-1,,,,,
32900,5931647,-1,34,64,-1,-1,-1,-1,-1,-1,41,1,28,-1,-1,-1,-1,,,,,
32901,5931666,-1,117,32,-1,-1,-1,-1,-1,-1,4,1,3,-1,-1,-1,-1,,,,,
32902,5931688,-1,50,64,-1,-1,-1,-1,-1,-1,41,1,28,-1,-1,-1,-1,,,,,
32903,5931746,-1,27,32,-1,-1,-1,-1,-1,-1,41,1,28,-1,-1,-1,-1,,,,,
32904,5931961,-1,15,1,-1,-1,-1,-1,-1,-1,12,2,1,-1,-1,-1,-1,,,,,
32905,5932005,-1,229,32,-1,-1,-1,-1,-1,-1,12,2,-1,-1,-1,-1,-1,,,,,
32907,5932305,-1,16,1,-1,-1,-1,-1,-1,-1,12,2,1,-1,-1,-1,-1,,,,,
32908,5932370,-1,26,1,-1,-1,-1,-1,-1,-1,12,2,1,-1,-1,-1,-1,,,,,
32911,5932462,-1,127,32,-1,-1,-1,-1,-1,-1,4,1,3,-1,-1,-1,-1,,,,,
32912,5932672,-1,114,32,-1,-1,-1,-1,-1,-1,4,1,3,-1,-1,-1,-1,,,,,
32916,5933098,-1,129,32,-1,-1,-1,-1,-1,-1,4,1,3,-1,-1,-1,-1,,,,,
32919,5933979,-1,277,16,-1,-1,-1,-1,-1,-1,60,1,80,-1,-1,-1,-1,,,,,
32923,5934271,-1,544,16,-1,-1,-1,-1,-1,-1,60,1,80,-1,-1,-1,-1,,,,,
32926,5934695,-1,20,1,-1,-1,-1,-1,-1,-1,51,1,324,-1,-1,-1,-1,,,,,
32927,5934803,-1,118,16,-1,-1,-1,-1,-1,-1,40,2,80,-1,-1,-1,-1,,,,,
32928,5934820,-1,127,16,-1,-1,-1,-1,-1,-1,60,1,80,-1,-1,-1,-1,,,,,
32930,5934838,-1,134,1,-1,-1,-1,-1,-1,-1,51,1,324,-1,-1,-1,-1,,,,,
32931,5934951,-1,18,16,-1,-1,-1,-1,-1,-1,60,1,80,-1,-1,-1,-1,,,,,
32932,5934965,-1,82,16,-1,-1,-1,-1,-1,-1,40,2,80,-1,-1,-1,-1,,,,,
32933,5934977,-1,87,16,-1,-1,-1,-1,-1,-1,60,1,80,-1,-1,-1,-1,,,,,
32934,5935270,-1,123,16,-1,-1,-1,-1,-1,-1,40,2,80,-1,-1,-1,-1,,,,,
32936,5935406,-1,22,32,-1,-1,-1,-1,-1,-1,40,2,80,-1,-1,-1,-1,,,,,
32937,5935512,-1,21,32,-1,-1,-1,-1,-1,-1,41,1,28,-1,-1,-1,-1,,,,,
32938,5935626,-1,33,32,-1,-1,-1,-1,-1,-1,41,1,28,-1,-1,-1,-1,,,,,
32939,5935683,-1,145,16,-1,-1,-1,-1,-1,-1,40,2,80,-1,-1,-1,-1,,,,,
32940,5935692,-1,1061,16,-1,-1,-1,-1,-1,-1,60,1,80,-1,-1,-1,-1,,,,,
32941,5935741,-1,0,32,-1,-1,-1,-1,-1,-1,41,1,28,-1,-1,-1,-1,,,,,
32942,5935851,-1,121,16,-1,-1,-1,-1,-1,-1,40,2,80,-1,-1,-1,-1,,,,,
32943,5935930,-1,102,16,-1,-1,-1,-1,-1,-1,40,2,80,-1,-1,-1,-1,,,,,
32944,5936022,-1,126,16,-1,-1,-1,-1,-1,-1,40,2,80,-1,-1,-1,-1,,,,,
32945,5936205,-1,95,16,-1,-1,-1,-1,-1,-1,60,1,80,-1,-1,-1,-1,,,,,
32946,5936219,-1,146,16,-1,-1,-1,-1,-1,-1,40,2,80,-1,-1,-1,-1,,,,,
32947,5936291,-1,215,32,-1,-1,-1,-1,-1,-1,4,1,3,-1,-1,-1,-1,,,,,
32948,5936418,-1,124,16,-1,-1,-1,-1,-1,-1,40,2,80,-1,-1,-1,-1,,,,,
32949,5936613,-1,120,32,-1,-1,-1,-1,-1,-1,4,1,3,-1,-1,-1,-1,,,,,
32950,5936714,-1,107,16,-1,-1,-1,-1,-1,-1,60,1,319,-1,-1,-1,-1,,,,,
32951,5936875,-1,140,16,-1,-1,-1,-1,-1,-1,60,1,319,-1,-1,-1,-1,,,,,
32952,5936965,-1,337,32,-1,-1,-1,-1,-1,-1,4,1,3,-1,-1,-1,-1,,,,,
32953,5937272,-1,26,1,-1,-1,-1,-1,-1,-1,57,1,370,-1,-1,-1,-1,,,,,
32954,5937399,-1,21,32,-1,-1,-1,-1,-1,-1,40,2,80,-1,-1,-1,-1,,,,,
32955,5937429,-1,53,32,-1,-1,-1,-1,-1,-1,40,2,80,-1,-1,-1,-1,,,,,
32956,5937524,-1,81,1,-1,-1,-1,-1,-1,-1,57,1,370,-1,-1,-1,-1,,,,,
32957,5937694,-1,88,2,-1,-1,-1,-1,-1,-1,57,1,370,-1,-1,-1,-1,,,,,
32958,5938088,-1,8425,32,-1,-1,-1,-1,-1,-1,42,1,349,-1,-1,-1,-1,,,,,
32959,5938126,-1,99,2,-1,-1,-1,-1,-1,-1,57,1,370,-1,-1,-1,-1,,,,,
32960,5938358,-1,200,32,-1,-1,-1,-1,-1,-1,57,1,370,-1,-1,-1,-1,,,,,
32961,5938409,-1,141,32,-1,-1,-1,-1,-1,-1,4,1,3,-1,-1,-1,-1,,,,,
32962,5938493,-1,31,32,-1,-1,-1,-1,-1,-1,24,1,101,-1,-1,-1,-1,,,,,
32963,5938817,-1,153,2,-1,-1,-1,-1,-1,-1,57,1,370,-1,-1,-1,-1,,,,,
32964,5938835,-1,5526,32,-1,-1,-1,-1,-1,-1,24,1,101,-1,-1,-1,-1,,,,,
32965,5938839,-1,12,32,-1,-1,-1,-1,-1,-1,40,2,80,-1,-1,-1,-1,,,,,
32966,5938853,-1,517,8,-1,-1,-1,-1,-1,-1,40,2,80,-1,-1,-1,-1,,,,,
32967,5938866,-1,5497,8,-1,-1,-1,-1,-1,-1,24,1,101,-1,-1,-1,-1,,,,,
32968,5938993,-1,87,1,-1,-1,-1,-1,-1,-1,57,1,370,-1,-1,-1,-1,,,,,
32969,5939376,-1,371,8,-1,-1,-1,-1,-1,-1,40,2,80,-1,-1,-1,-1,,,,,
32970,5939754,-1,6,32,-1,-1,-1,-1,-1,-1,40,2,80,-1,-1,-1,-1,,,,,
32971,5939762,-1,110,8,-1,-1,-1,-1,-1,-1,40,2,80,-1,-1,-1,-1,,,,,
32972,5939878,-1,204,8,-1,-1,-1,-1,-1,-1,40,2,80,-1,-1,-1,-1,,,,,
32973,5940098,-1,175,8,-1,-1,-1,-1,-1,-1,40,2,80,-1,-1,-1,-1,,,,,
32974,5940393,-1,193,8,-1,-1,-1,-1,-1,-1,40,2,80,-1,-1,-1,-1,,,,,
32975,5940693,-1,211,8,-1,-1,-1,-1,-1,-1,40,2,80,-1,-1,-1,-1,,,,,
32976,5940776,-1,154,32,-1,-1,-1,-1,-1,-1,4,1,3,-1,-1,-1,-1,,,,,
32977,5940789,-1,44,2,-1,-1,-1,-1,-1,-1,57,1,370,-1,-1,-1,-1,,,,,
32978,5940980,-1,136,8,-1,-1,-1,-1,-1,-1,40,2,80,-1,-1,-1,-1,,,,,
32979,5941213,-1,36,2,-1,-1,-1,-1,-1,-1,57,1,370,-1,-1,-1,-1,,,,,
32980,5941391,-1,185,8,-1,-1,-1,-1,-1,-1,40,2,80,-1,-1,-1,-1,,,,,
32981,5941397,-1,126,16,-1,-1,-1,-1,-1,-1,60,1,319,-1,-1,-1,-1,,,,,
32982,5941623,-1,6,32,-1,-1,-1,-1,-1,-1,40,2,80,-1,-1,-1,-1,,,,,
32983,5941630,-1,190,8,-1,-1,-1,-1,-1,-1,40,2,80,-1,-1,-1,-1,,,,,
32984,5941754,-1,51,2,-1,-1,-1,-1,-1,-1,57,1,370,-1,-1,-1,-1,,,,,
32985,5941845,-1,128,32,-1,-1,-1,-1,-1,-1,4,1,3,-1,-1,-1,-1,,,,,
32986,5941994,-1,200,2,-1,-1,-1,-1,-1,-1,57,1,370,-1,-1,-1,-1,,,,,
32987,5942742,-1,51,2,-1,-1,-1,-1,-1,-1,57,1,370,-1,-1,-1,-1,,,,,
32988,5943195,-1,52,1,-1,-1,-1,-1,-1,-1,15,1,12,-1,-1,-1,-1,,,,,
32989,5943233,-1,5,2,-1,-1,-1,-1,-1,-1,57,1,370,-1,-1,-1,-1,,,,,
32990,5943307,-1,53,2,-1,-1,-1,-1,-1,-1,57,1,370,-1,-1,-1,-1,,,,,
32991,5943330,-1,32,1,-1,-1,-1,-1,-1,-1,15,1,12,-1,-1,-1,-1,,,,,
32992,5943471,-1,83,1,-1,-1,-1,-1,-1,-1,15,1,12,-1,-1,-1,-1,,,,,
32993,5943566,-1,557,4,-1,-1,-1,-1,-1,-1,15,1,19,-1,-1,-1,-1,,,,,
32994,5943589,-1,538,2,-1,-1,-1,-1,-1,-1,15,1,20,-1,-1,-1,-1,,,,,
32995,5943675,-1,89,2,-1,-1,-1,-1,-1,-1,57,1,370,-1,-1,-1,-1,,,,,
32996,5943902,-1,19,1,-1,-1,-1,-1,-1,-1,9,2,9,-1,-1,-1,-1,,,,,
32997,5945178,-1,49,2,-1,-1,-1,-1,-1,-1,57,1,370,-1,-1,-1,-1,,,,,
32998,5945553,-1,87,2,-1,-1,-1,-1,-1,-1,57,1,370,-1,-1,-1,-1,,,,,
32999,5945839,-1,52,2,-1,-1,-1,-1,-1,-1,57,1,370,-1,-1,-1,-1,,,,,
33000,5945950,-1,160,64,-1,-1,-1,-1,-1,-1,12,2,14,-1,-1,-1,-1,,,,,
33001,5946171,-1,218,32,-1,-1,-1,-1,-1,-1,12,2,14,-1,-1,-1,-1,,,,,
33002,5946310,-1,51,2,-1,-1,-1,-1,-1,-1,57,1,370,-1,-1,-1,-1,,,,,
33003,5946476,-1,27,1,-1,-1,-1,-1,-1,-1,12,2,1,-1,-1,-1,-1,,,,,
33004,5946911,-1,43,2,-1,-1,-1,-1,-1,-1,57,1,370,-1,-1,-1,-1,,,,,
33005,5954022,-1,89,128,-1,-1,-1,-1,-1,-1,12,2,-1,-1,-1,-1,-1,,,,,
33006,5954121,-1,10926,128,-1,-1,-1,-1,-1,-1,2,1,-1,-1,-1,-1,-1,,,,,
33007,5965051,-1,10925,128,-1,-1,-1,-1,-1,-1,61,1,-1,-1,-1,-1,-1,,,,,
33015,5977395,-1,39,1,-1,-1,-1,-1,-1,-1,51,1,324,-1,-1,-1,-1,,,,,
33016,5977469,-1,63,1,-1,-1,-1,-1,-1,-1,51,1,324,-1,-1,-1,-1,,,,,
33018,5977553,-1,119,4,-1,-1,-1,-1,-1,-1,51,1,324,-1,-1,-1,-1,,,,,
33023,5978004,-1,21,4,-1,-1,-1,-1,-1,-1,51,1,324,-1,-1,-1,-1,,,,,
33024,5978204,-1,151,8,-1,-1,-1,-1,-1,-1,51,1,324,-1,-1,-1,-1,,,,,
33030,5978618,-1,297,8,-1,-1,-1,-1,-1,-1,51,1,324,-1,-1,-1,-1,,,,,
33032,5979110,-1,341,8,-1,-1,-1,-1,-1,-1,51,1,324,-1,-1,-1,-1,,,,,
33040,5980761,-1,14,1,-1,-1,-1,-1,-1,-1,23,1,145,-1,-1,-1,-1,,,,,
33041,5980785,-1,40,32,-1,-1,-1,-1,-1,-1,23,1,134,-1,-1,-1,-1,,,,,
33042,5980844,-1,38,32,-1,-1,-1,-1,-1,-1,23,1,134,-1,-1,-1,-1,,,,,
33044,5981033,-1,91,32,-1,-1,-1,-1,-1,-1,23,1,134,-1,-1,-1,-1,,,,,
33045,5981188,-1,129,32,-1,-1,-1,-1,-1,-1,23,1,134,-1,-1,-1,-1,,,,,
33048,5981330,-1,44,32,-1,-1,-1,-1,-1,-1,23,1,134,-1,-1,-1,-1,,,,,
33052,5981621,-1,27,32,-1,-1,-1,-1,-1,-1,23,1,134,-1,-1,-1,-1,,,,,
33053,5981761,-1,38,32,-1,-1,-1,-1,-1,-1,23,1,134,-1,-1,-1,-1,,,,,
33055,5982030,-1,62,32,-1,-1,-1,-1,-1,-1,23,1,134,-1,-1,-1,-1,,,,,
33056,5982142,-1,43,32,-1,-1,-1,-1,-1,-1,23,1,134,-1,-1,-1,-1,,,,,
33057,5982239,-1,95,32,-1,-1,-1,-1,-1,-1,23,1,134,-1,-1,-1,-1,,,,,
33058,5982371,-1,174,32,-1,-1,-1,-1,-1,-1,23,1,134,-1,-1,-1,-1,,,,,
33060,5982595,-1,51,32,-1,-1,-1,-1,-1,-1,23,1,134,-1,-1,-1,-1,,,,,
33062,5982744,-1,56,32,-1,-1,-1,-1,-1,-1,23,1,134,-1,-1,-1,-1,,,,,
33066,5982976,-1,68,32,-1,-1,-1,-1,-1,-1,23,1,134,-1,-1,-1,-1,,,,,
33068,5983086,-1,70,32,-1,-1,-1,-1,-1,-1,23,1,134,-1,-1,-1,-1,,,,,
33069,5983397,-1,29,4,-1,-1,-1,-1,-1,-1,23,1,134,-1,-1,-1,-1,,,,,
33077,5984602,-1,59,2,-1,-1,-1,-1,-1,-1,57,1,370,-1,-1,-1,-1,,,,,
33078,5984839,-1,29,2,-1,-1,-1,-1,-1,-1,57,1,370,-1,-1,-1,-1,,,,,
33081,5985387,-1,50,2,-1,-1,-1,-1,-1,-1,57,1,370,-1,-1,-1,-1,,,,,
33083,5985738,-1,38,2,-1,-1,-1,-1,-1,-1,57,1,370,-1,-1,-1,-1,,,,,
33087,5985884,-1,61,2,-1,-1,-1,-1,-1,-1,57,1,370,-1,-1,-1,-1,,,,,
33089,5986282,-1,161,2,-1,-1,-1,-1,-1,-1,57,1,370,-1,-1,-1,-1,,,,,
33091,5986528,-1,21,4,-1,-1,-1,-1,-1,-1,23,1,134,-1,-1,-1,-1,,,,,
33092,5986642,-1,51,4,-1,-1,-1,-1,-1,-1,23,1,134,-1,-1,-1,-1,,,,,
33093,5986675,-1,96,2,-1,-1,-1,-1,-1,-1,57,1,370,-1,-1,-1,-1,,,,,
33094,5986774,-1,38,4,-1,-1,-1,-1,-1,-1,23,1,134,-1,-1,-1,-1,,,,,
33097,5987206,-1,65,2,-1,-1,-1,-1,-1,-1,57,1,370,-1,-1,-1,-1,,,,,
33098,5987232,-1,46,4,-1,-1,-1,-1,-1,-1,23,1,134,-1,-1,-1,-1,,,,,
33103,5987498,-1,33,4,-1,-1,-1,-1,-1,-1,23,1,134,-1,-1,-1,-1,,,,,
33104,5987578,-1,144,2,-1,-1,-1,-1,-1,-1,57,1,370,-1,-1,-1,-1,,,,,
33105,5987634,-1,67,4,-1,-1,-1,-1,-1,-1,23,1,134,-1,-1,-1,-1,,,,,
33107,5987947,-1,109,2,-1,-1,-1,-1,-1,-1,57,1,370,-1,-1,-1,-1,,,,,
33108,5987953,-1,101,32,-1,-1,-1,-1,-1,-1,23,1,134,-1,-1,-1,-1,,,,,
33109,5988233,-1,55,2,-1,-1,-1,-1,-1,-1,57,1,370,-1,-1,-1,-1,,,,,
33111,5988405,-1,123,2,-1,-1,-1,-1,-1,-1,57,1,370,-1,-1,-1,-1,,,,,
33115,5988867,-1,127,32,-1,-1,-1,-1,-1,-1,23,1,134,-1,-1,-1,-1,,,,,
33117,5988913,-1,116,2,-1,-1,-1,-1,-1,-1,57,1,370,-1,-1,-1,-1,,,,,
33119,5989123,-1,192,2,-1,-1,-1,-1,-1,-1,57,1,370,-1,-1,-1,-1,,,,,
33121,5989518,-1,102,32,-1,-1,-1,-1,-1,-1,23,1,134,-1,-1,-1,-1,,,,,
33122,5989580,-1,45,2,-1,-1,-1,-1,-1,-1,57,1,370,-1,-1,-1,-1,,,,,
33123,5989664,-1,284,32,-1,-1,-1,-1,-1,-1,23,1,134,-1,-1,-1,-1,,,,,
33125,5989978,-1,18,1,-1,-1,-1,-1,-1,-1,23,1,12,-1,-1,-1,-1,,,,,
33126,5990120,-1,457,128,-1,-1,-1,-1,-1,-1,23,1,134,-1,-1,-1,-1,,,,,
33130,5991078,-1,53,2,-1,-1,-1,-1,-1,-1,57,1,370,-1,-1,-1,-1,,,,,
33131,5991197,-1,44,2,-1,-1,-1,-1,-1,-1,57,1,370,-1,-1,-1,-1,,,,,
33135,5991702,-1,30,2,-1,-1,-1,-1,-1,-1,57,1,370,-1,-1,-1,-1,,,,,
33136,5992308,-1,13274,4,-1,-1,-1,-1,-1,-1,55,1,11,-1,-1,-1,-1,,,,,
33137,5992435,-1,23,32,-1,-1,-1,-1,-1,-1,41,1,28,-1,-1,-1,-1,,,,,
33138,5992505,-1,1,32,-1,-1,-1,-1,-1,-1,41,1,28,-1,-1,-1,-1,,,,,
33139,5992528,-1,24,32,-1,-1,-1,-1,-1,-1,41,1,28,-1,-1,-1,-1,,,,,
33140,5992575,-1,2,32,-1,-1,-1,-1,-1,-1,41,1,28,-1,-1,-1,-1,,,,,
33141,5992592,-1,32,32,-1,-1,-1,-1,-1,-1,41,1,28,-1,-1,-1,-1,,,,,
33142,5992687,-1,22,32,-1,-1,-1,-1,-1,-1,41,1,28,-1,-1,-1,-1,,,,,
33143,5992729,-1,23,32,-1,-1,-1,-1,-1,-1,41,1,28,-1,-1,-1,-1,,,,,
33144,5992767,-1,57,32,-1,-1,-1,-1,-1,-1,41,1,28,-1,-1,-1,-1,,,,,
33145,5992848,-1,3,32,-1,-1,-1,-1,-1,-1,41,1,28,-1,-1,-1,-1,,,,,
33146,5992864,-1,181,32,-1,-1,-1,-1,-1,-1,41,1,28,-1,-1,-1,-1,,,,,
33147,5992978,-1,24,2,-1,-1,-1,-1,-1,-1,57,1,370,-1,-1,-1,-1,,,,,
33148,5993099,-1,177,32,-1,-1,-1,-1,-1,-1,41,1,28,-1,-1,-1,-1,,,,,
33149,5993227,-1,23,2,-1,-1,-1,-1,-1,-1,57,1,370,-1,-1,-1,-1,,,,,
33150,5993283,-1,109,64,-1,-1,-1,-1,-1,-1,41,1,28,-1,-1,-1,-1,,,,,
33151,5993406,-1,136,64,-1,-1,-1,-1,-1,-1,41,1,28,-1,-1,-1,-1,,,,,
33152,5993486,-1,67,2,-1,-1,-1,-1,-1,-1,57,1,370,-1,-1,-1,-1,,,,,
33153,5993495,-1,5540,32,-1,-1,-1,-1,-1,-1,24,1,101,-1,-1,-1,-1,,,,,
33154,5993538,-1,5503,8,-1,-1,-1,-1,-1,-1,24,1,101,-1,-1,-1,-1,,,,,
33155,5993693,-1,33,32,-1,-1,-1,-1,-1,-1,41,1,28,-1,-1,-1,-1,,,,,
33158,5994792,-1,35,2,-1,-1,-1,-1,-1,-1,57,1,370,-1,-1,-1,-1,,,,,
33162,5995370,-1,48,2,-1,-1,-1,-1,-1,-1,57,1,370,-1,-1,-1,-1,,,,,
33164,5995491,-1,5,8,-1,-1,-1,-1,-1,-1,40,2,80,-1,-1,-1,-1,,,,,
33165,5995525,-1,33,8,-1,-1,-1,-1,-1,-1,40,2,80,-1,-1,-1,-1,,,,,
33166,5995580,-1,137,8,-1,-1,-1,-1,-1,-1,40,2,80,-1,-1,-1,-1,,,,,
33172,5995810,-1,210,2,-1,-1,-1,-1,-1,-1,57,1,370,-1,-1,-1,-1,,,,,
33175,5995889,-1,20,8,-1,-1,-1,-1,-1,-1,40,2,80,-1,-1,-1,-1,,,,,
33177,5995924,-1,166,8,-1,-1,-1,-1,-1,-1,40,2,80,-1,-1,-1,-1,,,,,
33178,5995949,-1,236,32,-1,-1,-1,-1,-1,-1,12,2,-1,-1,-1,-1,-1,,,,,
33180,5996055,-1,77,2,-1,-1,-1,-1,-1,-1,57,1,370,-1,-1,-1,-1,,,,,
33182,5996226,-1,142,8,-1,-1,-1,-1,-1,-1,40,2,80,-1,-1,-1,-1,,,,,
33183,5996276,-1,225,8,-1,-1,-1,-1,-1,-1,55,1,347,-1,-1,-1,-1,,,,,
33184,5996283,-1,100,8,-1,-1,-1,-1,-1,-1,40,2,80,-1,-1,-1,-1,,,,,
33185,5996394,-1,137,8,-1,-1,-1,-1,-1,-1,40,2,80,-1,-1,-1,-1,,,,,
33187,5996437,-1,88,8,-1,-1,-1,-1,-1,-1,40,2,80,-1,-1,-1,-1,,,,,
33188,5996514,-1,181,32,-1,-1,-1,-1,-1,-1,4,1,3,-1,-1,-1,-1,,,,,
33190,5996697,-1,34,1,-1,-1,-1,-1,-1,-1,4,1,4,-1,-1,-1,-1,,,,,
33191,5996711,-1,36,2,-1,-1,-1,-1,-1,-1,57,1,370,-1,-1,-1,-1,,,,,
33193,5996881,-1,80,8,-1,-1,-1,-1,-1,-1,40,2,80,-1,-1,-1,-1,,,,,
33194,5996939,-1,155,8,-1,-1,-1,-1,-1,-1,40,2,80,-1,-1,-1,-1,,,,,
33195,5996955,-1,1311,32,-1,-1,-1,-1,-1,-1,42,1,433,-1,-1,-1,-1,,,,,
33197,5997160,-1,86,1,-1,-1,-1,-1,-1,-1,15,1,12,-1,-1,-1,-1,,,,,
33199,5997262,-1,39,1,-1,-1,-1,-1,-1,-1,15,1,12,-1,-1,-1,-1,,,,,
33201,5997282,-1,78,8,-1,-1,-1,-1,-1,-1,40,2,80,-1,-1,-1,-1,,,,,
33202,5997313,-1,441,4,-1,-1,-1,-1,-1,-1,15,1,19,-1,-1,-1,-1,,,,,
33203,5997320,-1,207,8,-1,-1,-1,-1,-1,-1,40,2,80,-1,-1,-1,-1,,,,,
33204,5997335,-1,425,2,-1,-1,-1,-1,-1,-1,15,1,20,-1,-1,-1,-1,,,,,
33210,5997596,-1,189,8,-1,-1,-1,-1,-1,-1,40,2,80,-1,-1,-1,-1,,,,,
33214,5998111,-1,30,1,-1,-1,-1,-1,-1,-1,4,1,4,-1,-1,-1,-1,,,,,
33215,5998175,-1,169,1,-1,-1,-1,-1,-1,-1,3,2,9,-1,-1,-1,-1,,,,,
33216,5998189,-1,108,1,-1,-1,-1,-1,-1,-1,15,1,12,-1,-1,-1,-1,,,,,
33220,5998315,-1,29,1,-1,-1,-1,-1,-1,-1,15,1,12,-1,-1,-1,-1,,,,,
33221,5998351,-1,279,4,-1,-1,-1,-1,-1,-1,15,1,19,-1,-1,-1,-1,,,,,
33222,5998373,-1,260,2,-1,-1,-1,-1,-1,-1,15,1,20,-1,-1,-1,-1,,,,,
33224,5998610,-1,24,1,-1,-1,-1,-1,-1,-1,55,1,353,-1,-1,-1,-1,,,,,
33226,5998638,-1,341,32,-1,-1,-1,-1,-1,-1,4,1,3,-1,-1,-1,-1,,,,,
33227,5998642,-1,69,4,-1,-1,-1,-1,-1,-1,55,1,347,-1,-1,-1,-1,,,,,
33234,5998891,-1,22,1,-1,-1,-1,-1,-1,-1,55,1,353,-1,-1,-1,-1,,,,,
33237,5998987,-1,1121,4,-1,-1,-1,-1,-1,-1,55,1,347,-1,-1,-1,-1,,,,,
33246,5999596,-1,58,1,-1,-1,-1,-1,-1,-1,15,1,12,-1,-1,-1,-1,,,,,
33249,5999670,-1,23,1,-1,-1,-1,-1,-1,-1,15,1,12,-1,-1,-1,-1,,,,,
33250,5999701,-1,221,4,-1,-1,-1,-1,-1,-1,15,1,19,-1,-1,-1,-1,,,,,
33251,5999727,-1,198,2,-1,-1,-1,-1,-1,-1,15,1,20,-1,-1,-1,-1,,,,,
33253,5999949,-1,155,8,-1,-1,-1,-1,-1,-1,40,2,80,-1,-1,-1,-1,,,,,
33256,6000113,-1,454,4,-1,-1,-1,-1,-1,-1,55,1,347,-1,-1,-1,-1,,,,,
33259,6000183,-1,69,1,-1,-1,-1,-1,-1,-1,34,1,177,-1,-1,-1,-1,,,,,
33264,6000307,-1,36,1,-1,-1,-1,-1,-1,-1,34,1,177,-1,-1,-1,-1,,,,,
33265,6000315,-1,1152,32,-1,-1,-1,-1,-1,-1,42,1,433,-1,-1,-1,-1,,,,,
33268,6000444,-1,199,1,-1,-1,-1,-1,-1,-1,34,1,177,-1,-1,-1,-1,,,,,
33270,6000700,-1,247,1,-1,-1,-1,-1,-1,-1,34,1,177,-1,-1,-1,-1,,,,,
33271,6000707,-1,5548,32,-1,-1,-1,-1,-1,-1,24,1,101,-1,-1,-1,-1,,,,,
33273,6000740,-1,5516,8,-1,-1,-1,-1,-1,-1,24,1,101,-1,-1,-1,-1,,,,,
33275,6000814,-1,3,1,-1,-1,-1,-1,-1,-1,55,1,353,-1,-1,-1,-1,,,,,
33276,6000823,-1,33,1,-1,-1,-1,-1,-1,-1,55,1,353,-1,-1,-1,-1,,,,,
33278,6000867,-1,24,4,-1,-1,-1,-1,-1,-1,55,1,347,-1,-1,-1,-1,,,,,
33280,6000903,-1,38,4,-1,-1,-1,-1,-1,-1,55,1,347,-1,-1,-1,-1,,,,,
33285,6001100,-1,381,4,-1,-1,-1,-1,-1,-1,55,1,347,-1,-1,-1,-1,,,,,
33287,6001204,-1,122,1,-1,-1,-1,-1,-1,-1,34,1,177,-1,-1,-1,-1,,,,,
33290,6001427,-1,74,1,-1,-1,-1,-1,-1,-1,34,1,177,-1,-1,-1,-1,,,,,
33292,6001490,-1,35,1,-1,-1,-1,-1,-1,-1,55,1,353,-1,-1,-1,-1,,,,,
33294,6001530,-1,75,4,-1,-1,-1,-1,-1,-1,55,1,347,-1,-1,-1,-1,,,,,
33302,6001973,-1,137,8,-1,-1,-1,-1,-1,-1,40,2,80,-1,-1,-1,-1,,,,,
33306,6002120,-1,413,8,-1,-1,-1,-1,-1,-1,51,1,324,-1,-1,-1,-1,,,,,
33307,6002178,-1,119,1,-1,-1,-1,-1,-1,-1,34,1,131,-1,-1,-1,-1,,,,,
33315,6002674,-1,25,8,-1,-1,-1,-1,-1,-1,51,1,324,-1,-1,-1,-1,,,,,
33317,6002749,-1,31,8,-1,-1,-1,-1,-1,-1,51,1,324,-1,-1,-1,-1,,,,,
33321,6003042,-1,4,1,-1,-1,-1,-1,-1,-1,12,2,1,-1,-1,-1,-1,,,,,
33322,6003125,-1,45,1,-1,-1,-1,-1,-1,-1,12,2,1,-1,-1,-1,-1,,,,,
33323,6003128,-1,198,16,-1,-1,-1,-1,-1,-1,12,2,-1,-1,-1,-1,-1,,,,,
33324,6003130,-1,1155,32,-1,-1,-1,-1,-1,-1,42,1,433,-1,-1,-1,-1,,,,,
33325,6003255,-1,21,8,-1,-1,-1,-1,-1,-1,51,1,324,-1,-1,-1,-1,,,,,
33327,6003317,-1,53,1,-1,-1,-1,-1,-1,-1,15,1,12,-1,-1,-1,-1,,,,,
33329,6003387,-1,24,1,-1,-1,-1,-1,-1,-1,15,1,12,-1,-1,-1,-1,,,,,
33331,6003416,-1,216,4,-1,-1,-1,-1,-1,-1,15,1,19,-1,-1,-1,-1,,,,,
33332,6003440,-1,195,2,-1,-1,-1,-1,-1,-1,15,1,20,-1,-1,-1,-1,,,,,
33333,6003445,-1,75,4,-1,-1,-1,-1,-1,-1,8,1,413,-1,-1,-1,-1,,,,,
33335,6003532,-1,361,8,-1,-1,-1,-1,-1,-1,51,1,324,-1,-1,-1,-1,,,,,
33337,6003629,-1,5,1,-1,-1,-1,-1,-1,-1,12,2,1,-1,-1,-1,-1,,,,,
33339,6003935,-1,50,1,-1,-1,-1,-1,-1,-1,15,1,12,-1,-1,-1,-1,,,,,
33340,6003948,-1,304,4,-1,-1,-1,-1,-1,-1,8,1,286,-1,-1,-1,-1,,,,,
33342,6004002,-1,29,1,-1,-1,-1,-1,-1,-1,15,1,12,-1,-1,-1,-1,,,,,
33343,6004043,-1,206,4,-1,-1,-1,-1,-1,-1,15,1,19,-1,-1,-1,-1,,,,,
33345,6004072,-1,182,2,-1,-1,-1,-1,-1,-1,15,1,20,-1,-1,-1,-1,,,,,
33347,6004401,-1,60,4,-1,-1,-1,-1,-1,-1,8,1,413,-1,-1,-1,-1,,,,,
33348,6004412,-1,45,2,-1,-1,-1,-1,-1,-1,42,1,433,-1,-1,-1,-1,,,,,
33354,6004860,-1,193,4,-1,-1,-1,-1,-1,-1,8,1,286,-1,-1,-1,-1,,,,,
33355,6005111,-1,20,4,-1,-1,-1,-1,-1,-1,8,1,286,-1,-1,-1,-1,,,,,
33361,6005575,-1,138,4,-1,-1,-1,-1,-1,-1,55,1,347,-1,-1,-1,-1,,,,,
33362,6005716,-1,453,4,-1,-1,-1,-1,-1,-1,55,1,347,-1,-1,-1,-1,,,,,
33368,6006172,-1,55,4,-1,-1,-1,-1,-1,-1,55,1,347,-1,-1,-1,-1,,,,,
33369,6006191,-1,27,2,-1,-1,-1,-1,-1,-1,57,1,370,-1,-1,-1,-1,,,,,
33370,6006283,-1,445,4,-1,-1,-1,-1,-1,-1,55,1,347,-1,-1,-1,-1,,,,,
33375,6006499,-1,35,2,-1,-1,-1,-1,-1,-1,57,1,370,-1,-1,-1,-1,,,,,
33377,6006730,-1,56,4,-1,-1,-1,-1,-1,-1,55,1,347,-1,-1,-1,-1,,,,,
33378,6006764,-1,33,2,-1,-1,-1,-1,-1,-1,57,1,370,-1,-1,-1,-1,,,,,
33379,6006872,-1,112,8,-1,-1,-1,-1,-1,-1,40,2,319,-1,-1,-1,-1,,,,,
33383,6007011,-1,19,1,-1,-1,-1,-1,-1,-1,55,1,353,-1,-1,-1,-1,,,,,
33384,6007039,-1,59,4,-1,-1,-1,-1,-1,-1,55,1,347,-1,-1,-1,-1,,,,,
33386,6007090,-1,61,8,-1,-1,-1,-1,-1,-1,40,2,319,-1,-1,-1,-1,,,,,
33387,6007106,-1,85,32,-1,-1,-1,-1,-1,-1,55,1,347,-1,-1,-1,-1,,,,,
33389,6007213,-1,44,2,-1,-1,-1,-1,-1,-1,57,1,370,-1,-1,-1,-1,,,,,
33391,6007528,-1,15,1,-1,-1,-1,-1,-1,-1,55,1,353,-1,-1,-1,-1,,,,,
33392,6007546,-1,160,4,-1,-1,-1,-1,-1,-1,55,1,347,-1,-1,-1,-1,,,,,
33393,6007576,-1,52,2,-1,-1,-1,-1,-1,-1,57,1,370,-1,-1,-1,-1,,,,,
33397,6007728,-1,19,1,-1,-1,-1,-1,-1,-1,55,1,353,-1,-1,-1,-1,,,,,
33399,6007834,-1,58,4,-1,-1,-1,-1,-1,-1,55,1,347,-1,-1,-1,-1,,,,,
33400,6007949,-1,34,2,-1,-1,-1,-1,-1,-1,57,1,370,-1,-1,-1,-1,,,,,
33403,6008200,-1,33,2,-1,-1,-1,-1,-1,-1,57,1,370,-1,-1,-1,-1,,,,,
33405,6008256,-1,277,4,-1,-1,-1,-1,-1,-1,15,1,19,-1,-1,-1,-1,,,,,
33407,6008278,-1,255,2,-1,-1,-1,-1,-1,-1,15,1,20,-1,-1,-1,-1,,,,,
33408,6008374,-1,70,1,-1,-1,-1,-1,-1,-1,34,1,131,-1,-1,-1,-1,,,,,
33409,6008484,-1,40,2,-1,-1,-1,-1,-1,-1,57,1,370,-1,-1,-1,-1,,,,,
33410,6008550,-1,419,4,-1,-1,-1,-1,-1,-1,15,1,19,-1,-1,-1,-1,,,,,
33411,6008571,-1,398,2,-1,-1,-1,-1,-1,-1,15,1,20,-1,-1,-1,-1,,,,,
33413,6008692,-1,85,2,-1,-1,-1,-1,-1,-1,57,1,370,-1,-1,-1,-1,,,,,
33414,6008742,-1,13,1,-1,-1,-1,-1,-1,-1,55,1,353,-1,-1,-1,-1,,,,,
33415,6008766,-1,105,4,-1,-1,-1,-1,-1,-1,55,1,347,-1,-1,-1,-1,,,,,
33418,6009055,-1,310,4,-1,-1,-1,-1,-1,-1,55,1,347,-1,-1,-1,-1,,,,,
33420,6009120,-1,6,4,-1,-1,-1,-1,-1,-1,15,1,19,-1,-1,-1,-1,,,,,
33422,6009194,-1,61,2,-1,-1,-1,-1,-1,-1,57,1,370,-1,-1,-1,-1,,,,,
33423,6009196,-1,290,4,-1,-1,-1,-1,-1,-1,15,1,19,-1,-1,-1,-1,,,,,
33424,6009221,-1,266,2,-1,-1,-1,-1,-1,-1,15,1,20,-1,-1,-1,-1,,,,,
33425,6009369,-1,110,4,-1,-1,-1,-1,-1,-1,55,1,347,-1,-1,-1,-1,,,,,
33426,6009408,-1,290,32,-1,-1,-1,-1,-1,-1,4,1,3,-1,-1,-1,-1,,,,,
33427,6009443,-1,88,2,-1,-1,-1,-1,-1,-1,57,1,370,-1,-1,-1,-1,,,,,
33429,6009609,-1,38,1,-1,-1,-1,-1,-1,-1,15,1,12,-1,-1,-1,-1,,,,,
33430,6009664,-1,18,1,-1,-1,-1,-1,-1,-1,15,1,12,-1,-1,-1,-1,,,,,
33431,6009687,-1,100,4,-1,-1,-1,-1,-1,-1,15,1,19,-1,-1,-1,-1,,,,,
33432,6009708,-1,81,2,-1,-1,-1,-1,-1,-1,15,1,20,-1,-1,-1,-1,,,,,
33438,6010197,-1,65,4,-1,-1,-1,-1,-1,-1,55,1,347,-1,-1,-1,-1,,,,,
33439,6010203,-1,85,16,-1,-1,-1,-1,-1,-1,60,1,80,-1,-1,-1,-1,,,,,
33440,6010359,-1,30,8,-1,-1,-1,-1,-1,-1,40,2,80,-1,-1,-1,-1,,,,,
33441,6010430,-1,33,8,-1,-1,-1,-1,-1,-1,40,2,80,-1,-1,-1,-1,,,,,
33443,6010469,-1,292,8,-1,-1,-1,-1,-1,-1,60,1,80,-1,-1,-1,-1,,,,,
33445,6010540,-1,36,8,-1,-1,-1,-1,-1,-1,40,2,80,-1,-1,-1,-1,,,,,
33447,6010588,-1,15,1,-1,-1,-1,-1,-1,-1,40,2,1,-1,-1,-1,-1,,,,,
33448,6010620,-1,41,8,-1,-1,-1,-1,-1,-1,40,2,80,-1,-1,-1,-1,,,,,
33450,6010666,-1,25,1,-1,-1,-1,-1,-1,-1,15,1,12,-1,-1,-1,-1,,,,,
33451,6010673,-1,77,8,-1,-1,-1,-1,-1,-1,40,2,80,-1,-1,-1,-1,,,,,
33453,6010795,-1,208,32,-1,-1,-1,-1,-1,-1,4,1,3,-1,-1,-1,-1,,,,,
33454,6010811,-1,128,4,-1,-1,-1,-1,-1,-1,60,1,80,-1,-1,-1,-1,,,,,
33455,6010819,-1,53,8,-1,-1,-1,-1,-1,-1,40,2,80,-1,-1,-1,-1,,,,,
33456,6010986,-1,2634,64,-1,-1,-1,-1,-1,-1,60,1,80,-1,-1,-1,-1,,,,,
33458,6011104,-1,41,1,-1,-1,-1,-1,-1,-1,15,1,12,-1,-1,-1,-1,,,,,
33459,6011112,-1,169,32,-1,-1,-1,-1,-1,-1,4,1,3,-1,-1,-1,-1,,,,,
33461,6011203,-1,52,1,-1,-1,-1,-1,-1,-1,15,1,12,-1,-1,-1,-1,,,,,
33463,6011263,-1,3215,4,-1,-1,-1,-1,-1,-1,15,1,19,-1,-1,-1,-1,,,,,
33464,6011285,-1,3195,2,-1,-1,-1,-1,-1,-1,15,1,20,-1,-1,-1,-1,,,,,
33466,6011348,-1,78,8,-1,-1,-1,-1,-1,-1,40,2,80,-1,-1,-1,-1,,,,,
33468,6011593,-1,122,8,-1,-1,-1,-1,-1,-1,40,2,80,-1,-1,-1,-1,,,,,
33469,6011732,-1,131,8,-1,-1,-1,-1,-1,-1,40,2,80,-1,-1,-1,-1,,,,,
33475,6012028,-1,15,8,-1,-1,-1,-1,-1,-1,40,2,80,-1,-1,-1,-1,,,,,
33476,6012044,-1,127,8,-1,-1,-1,-1,-1,-1,40,2,80,-1,-1,-1,-1,,,,,
33477,6012085,-1,42,2,-1,-1,-1,-1,-1,-1,57,1,370,-1,-1,-1,-1,,,,,
33478,6012258,-1,20,32,-1,-1,-1,-1,-1,-1,41,1,28,-1,-1,-1,-1,,,,,
33480,6012387,-1,40,2,-1,-1,-1,-1,-1,-1,57,1,370,-1,-1,-1,-1,,,,,
33483,6012721,-1,67,2,-1,-1,-1,-1,-1,-1,57,1,370,-1,-1,-1,-1,,,,,
33486,6013178,-1,375,8,-1,-1,-1,-1,-1,-1,40,2,319,-1,-1,-1,-1,,,,,
33490,6013392,-1,45,2,-1,-1,-1,-1,-1,-1,57,1,370,-1,-1,-1,-1,,,,,
33493,6013580,-1,196,8,-1,-1,-1,-1,-1,-1,40,2,319,-1,-1,-1,-1,,,,,
33494,6013608,-1,52,2,-1,-1,-1,-1,-1,-1,57,1,370,-1,-1,-1,-1,,,,,
33495,6013640,-1,28,16,-1,-1,-1,-1,-1,-1,60,1,80,-1,-1,-1,-1,,,,,
33496,6013793,-1,301,8,-1,-1,-1,-1,-1,-1,40,2,319,-1,-1,-1,-1,,,,,
33499,6013915,-1,83,2,-1,-1,-1,-1,-1,-1,57,1,370,-1,-1,-1,-1,,,,,
33500,6013925,-1,387,16,-1,-1,-1,-1,-1,-1,60,1,319,-1,-1,-1,-1,,,,,
33502,6013996,-1,138,32,-1,-1,-1,-1,-1,-1,4,1,3,-1,-1,-1,-1,,,,,
33505,6014171,-1,20,1,-1,-1,-1,-1,-1,-1,40,2,1,-1,-1,-1,-1,,,,,
33506,6014211,-1,82,2,-1,-1,-1,-1,-1,-1,57,1,370,-1,-1,-1,-1,,,,,
33507,6014215,-1,151,32,-1,-1,-1,-1,-1,-1,4,1,3,-1,-1,-1,-1,,,,,
33508,6014358,-1,43,8,-1,-1,-1,-1,-1,-1,40,2,319,-1,-1,-1,-1,,,,,
33509,6014435,-1,2223,8,-1,-1,-1,-1,-1,-1,40,2,319,-1,-1,-1,-1,,,,,
33510,6014441,-1,32,16,-1,-1,-1,-1,-1,-1,41,1,28,-1,-1,-1,-1,,,,,
33515,6014690,-1,21,2,-1,-1,-1,-1,-1,-1,57,1,370,-1,-1,-1,-1,,,,,
33517,6014768,-1,21,2,-1,-1,-1,-1,-1,-1,57,1,370,-1,-1,-1,-1,,,,,
33518,6014846,-1,11,16,-1,-1,-1,-1,-1,-1,41,1,28,-1,-1,-1,-1,,,,,
33519,6014915,-1,12,16,-1,-1,-1,-1,-1,-1,41,1,28,-1,-1,-1,-1,,,,,
33520,6014958,-1,21,2,-1,-1,-1,-1,-1,-1,57,1,370,-1,-1,-1,-1,,,,,
33521,6015008,-1,2,16,-1,-1,-1,-1,-1,-1,41,1,28,-1,-1,-1,-1,,,,,
33522,6015020,-1,20,16,-1,-1,-1,-1,-1,-1,41,1,28,-1,-1,-1,-1,,,,,
33523,6015021,-1,5526,32,-1,-1,-1,-1,-1,-1,24,1,101,-1,-1,-1,-1,,,,,
33524,6015062,-1,5488,8,-1,-1,-1,-1,-1,-1,24,1,101,-1,-1,-1,-1,,,,,
33526,6015166,-1,271,32,-1,-1,-1,-1,-1,-1,4,1,3,-1,-1,-1,-1,,,,,
33527,6015174,-1,29,2,-1,-1,-1,-1,-1,-1,57,1,370,-1,-1,-1,-1,,,,,
33530,6015278,-1,57,16,-1,-1,-1,-1,-1,-1,41,1,28,-1,-1,-1,-1,,,,,
33531,6015308,-1,38,2,-1,-1,-1,-1,-1,-1,57,1,370,-1,-1,-1,-1,,,,,
33534,6015499,-1,21,16,-1,-1,-1,-1,-1,-1,41,1,28,-1,-1,-1,-1,,,,,
33535,6015534,-1,24,16,-1,-1,-1,-1,-1,-1,41,1,28,-1,-1,-1,-1,,,,,
33536,6015567,-1,36,32,-1,-1,-1,-1,-1,-1,41,1,28,-1,-1,-1,-1,,,,,
33537,6015634,-1,38,32,-1,-1,-1,-1,-1,-1,41,1,28,-1,-1,-1,-1,,,,,
33538,6015706,-1,42,32,-1,-1,-1,-1,-1,-1,41,1,28,-1,-1,-1,-1,,,,,
33539,6015784,-1,50,32,-1,-1,-1,-1,-1,-1,41,1,28,-1,-1,-1,-1,,,,,
33540,6015802,-1,154,16,-1,-1,-1,-1,-1,-1,60,1,319,-1,-1,-1,-1,,,,,
33543,6015932,-1,8,32,-1,-1,-1,-1,-1,-1,41,1,28,-1,-1,-1,-1,,,,,
33544,6015970,-1,68,32,-1,-1,-1,-1,-1,-1,41,1,28,-1,-1,-1,-1,,,,,
33546,6016032,-1,93,1,-1,-1,-1,-1,-1,-1,15,1,12,-1,-1,-1,-1,,,,,
33548,6016122,-1,82,64,-1,-1,-1,-1,-1,-1,41,1,28,-1,-1,-1,-1,,,,,
33549,6016162,-1,31,1,-1,-1,-1,-1,-1,-1,15,1,12,-1,-1,-1,-1,,,,,
33550,6016203,-1,2077,4,-1,-1,-1,-1,-1,-1,15,1,19,-1,-1,-1,-1,,,,,
33551,6016233,-1,2047,2,-1,-1,-1,-1,-1,-1,15,1,20,-1,-1,-1,-1,,,,,
33552,6016248,-1,765,32,-1,-1,-1,-1,-1,-1,4,1,3,-1,-1,-1,-1,,,,,
33555,6016705,-1,62,8,-1,-1,-1,-1,-1,-1,40,2,319,-1,-1,-1,-1,,,,,
33557,6016834,-1,57,8,-1,-1,-1,-1,-1,-1,40,2,319,-1,-1,-1,-1,,,,,
33561,6017111,-1,21,2,-1,-1,-1,-1,-1,-1,57,1,370,-1,-1,-1,-1,,,,,
33562,6017172,-1,277,2,-1,-1,-1,-1,-1,-1,57,1,370,-1,-1,-1,-1,,,,,
33563,6017248,-1,1105,1,-1,-1,-1,-1,-1,-1,55,1,353,-1,-1,-1,-1,,,,,
33564,6017250,-1,161,16,-1,-1,-1,-1,-1,-1,60,1,319,-1,-1,-1,-1,,,,,
33567,6017600,-1,42,8,-1,-1,-1,-1,-1,-1,51,1,324,-1,-1,-1,-1,,,,,
33571,6017894,-1,32,64,-1,-1,-1,-1,-1,-1,41,1,28,-1,-1,-1,-1,,,,,
33572,6017935,-1,44,64,-1,-1,-1,-1,-1,-1,41,1,28,-1,-1,-1,-1,,,,,
33573,6017975,-1,109,2,-1,-1,-1,-1,-1,-1,57,1,370,-1,-1,-1,-1,,,,,
33575,6018198,-1,40,32,-1,-1,-1,-1,-1,-1,41,1,28,-1,-1,-1,-1,,,,,
33577,6018250,-1,4383,1,-1,-1,-1,-1,-1,-1,58,1,324,-1,-1,-1,-1,,,,,
33578,6018473,-1,55,2,-1,-1,-1,-1,-1,-1,57,1,370,-1,-1,-1,-1,,,,,
33579,6018613,-1,82,1,-1,-1,-1,-1,-1,-1,3,2,9,-1,-1,-1,-1,,,,,
33580,6018623,-1,116,16,-1,-1,-1,-1,-1,-1,60,1,319,-1,-1,-1,-1,,,,,
33582,6018761,-1,76,16,-1,-1,-1,-1,-1,-1,60,1,319,-1,-1,-1,-1,,,,,
33583,6018801,-1,618,8,-1,-1,-1,-1,-1,-1,40,2,319,-1,-1,-1,-1,,,,,
33584,6018848,-1,239,2,-1,-1,-1,-1,-1,-1,57,1,370,-1,-1,-1,-1,,,,,
33585,6018855,-1,123,16,-1,-1,-1,-1,-1,-1,60,1,319,-1,-1,-1,-1,,,,,
33588,6018990,-1,58,16,-1,-1,-1,-1,-1,-1,60,1,319,-1,-1,-1,-1,,,,,
33590,6019065,-1,125,16,-1,-1,-1,-1,-1,-1,60,1,319,-1,-1,-1,-1,,,,,
33593,6019192,-1,40,2,-1,-1,-1,-1,-1,-1,57,1,370,-1,-1,-1,-1,,,,,
33594,6019227,-1,39,1,-1,-1,-1,-1,-1,-1,15,1,12,-1,-1,-1,-1,,,,,
33595,6019278,-1,19,1,-1,-1,-1,-1,-1,-1,15,1,12,-1,-1,-1,-1,,,,,
33596,6019304,-1,1021,4,-1,-1,-1,-1,-1,-1,15,1,19,-1,-1,-1,-1,,,,,
33597,6019325,-1,1003,2,-1,-1,-1,-1,-1,-1,15,1,20,-1,-1,-1,-1,,,,,
33598,6019471,-1,220,2,-1,-1,-1,-1,-1,-1,57,1,370,-1,-1,-1,-1,,,,,
33599,6019531,-1,38,8,-1,-1,-1,-1,-1,-1,40,2,319,-1,-1,-1,-1,,,,,
33602,6019620,-1,9,8,-1,-1,-1,-1,-1,-1,40,2,319,-1,-1,-1,-1,,,,,
33604,6019692,-1,27,2,-1,-1,-1,-1,-1,-1,57,1,370,-1,-1,-1,-1,,,,,
33605,6019720,-1,116,8,-1,-1,-1,-1,-1,-1,40,2,319,-1,-1,-1,-1,,,,,
33607,6019758,-1,218,2,-1,-1,-1,-1,-1,-1,57,1,370,-1,-1,-1,-1,,,,,
33609,6019951,-1,357,8,-1,-1,-1,-1,-1,-1,40,2,319,-1,-1,-1,-1,,,,,
33610,6020030,-1,745,2,-1,-1,-1,-1,-1,-1,57,1,370,-1,-1,-1,-1,,,,,
33613,6020532,-1,139,8,-1,-1,-1,-1,-1,-1,40,2,319,-1,-1,-1,-1,,,,,
33614,6020683,-1,69,8,-1,-1,-1,-1,-1,-1,40,2,319,-1,-1,-1,-1,,,,,
33615,6020726,-1,17,1,-1,-1,-1,-1,-1,-1,15,1,12,-1,-1,-1,-1,,,,,
33616,6020783,-1,684,16,-1,-1,-1,-1,-1,-1,60,1,319,-1,-1,-1,-1,,,,,
33618,6020829,-1,29,2,-1,-1,-1,-1,-1,-1,57,1,370,-1,-1,-1,-1,,,,,
33619,6020851,-1,1412,1,-1,-1,-1,-1,-1,-1,15,1,12,-1,-1,-1,-1,,,,,
33620,6020890,-1,130,2,-1,-1,-1,-1,-1,-1,57,1,370,-1,-1,-1,-1,,,,,
33621,6020932,-1,29,8,-1,-1,-1,-1,-1,-1,40,2,319,-1,-1,-1,-1,,,,,
33622,6021015,-1,28,8,-1,-1,-1,-1,-1,-1,40,2,319,-1,-1,-1,-1,,,,,
33623,6021066,-1,28,2,-1,-1,-1,-1,-1,-1,57,1,370,-1,-1,-1,-1,,,,,
33624,6021080,-1,29,8,-1,-1,-1,-1,-1,-1,40,2,1,-1,-1,-1,-1,,,,,
33625,6021185,-1,77,2,-1,-1,-1,-1,-1,-1,57,1,370,-1,-1,-1,-1,,,,,
33626,6021483,-1,43,2,-1,-1,-1,-1,-1,-1,57,1,370,-1,-1,-1,-1,,,,,
33627,6021969,-1,258,2,-1,-1,-1,-1,-1,-1,57,1,370,-1,-1,-1,-1,,,,,
33628,6022271,-1,81,2,-1,-1,-1,-1,-1,-1,57,1,370,-1,-1,-1,-1,,,,,
33629,6022278,-1,73,1,-1,-1,-1,-1,-1,-1,15,1,12,-1,-1,-1,-1,,,,,
33630,6022353,-1,466,1,-1,-1,-1,-1,-1,-1,15,1,12,-1,-1,-1,-1,,,,,
33631,6022394,-1,52,2,-1,-1,-1,-1,-1,-1,57,1,370,-1,-1,-1,-1,,,,,
33632,6022398,-1,175,64,-1,-1,-1,-1,-1,-1,12,2,14,-1,-1,-1,-1,,,,,
33633,6022467,-1,16,2,-1,-1,-1,-1,-1,-1,57,1,370,-1,-1,-1,-1,,,,,
33634,6022512,-1,74,2,-1,-1,-1,-1,-1,-1,57,1,370,-1,-1,-1,-1,,,,,
33635,6022611,-1,45,2,-1,-1,-1,-1,-1,-1,57,1,370,-1,-1,-1,-1,,,,,
33636,6022676,-1,143,1,-1,-1,-1,-1,-1,-1,58,1,324,-1,-1,-1,-1,,,,,
33637,6022754,-1,43,2,-1,-1,-1,-1,-1,-1,57,1,370,-1,-1,-1,-1,,,,,
33638,6022819,-1,0,16,-1,-1,-1,-1,-1,-1,60,1,80,-1,-1,-1,-1,,,,,
33639,6023235,-1,1617,8,-1,-1,-1,-1,-1,-1,60,1,297,-1,-1,-1,-1,,,,,
33640,6023395,-1,819,8,-1,-1,-1,-1,-1,-1,40,2,319,-1,-1,-1,-1,,,,,
33641,6023597,-1,611,8,-1,-1,-1,-1,-1,-1,40,2,319,-1,-1,-1,-1,,,,,
33642,6023626,-1,1226,1,-1,-1,-1,-1,-1,-1,58,1,324,-1,-1,-1,-1,,,,,
33643,6023790,-1,485,16,-1,-1,-1,-1,-1,-1,16,2,274,-1,-1,-1,-1,,,,,
33644,6023843,-1,1009,16,-1,-1,-1,-1,-1,-1,60,1,80,-1,-1,-1,-1,,,,,
33645,6023915,-1,374,16,-1,-1,-1,-1,-1,-1,16,2,434,-1,-1,-1,-1,,,,,
33646,6024237,-1,615,8,-1,-1,-1,-1,-1,-1,40,2,319,-1,-1,-1,-1,,,,,
33647,6024312,-1,3,16,-1,-1,-1,-1,-1,-1,16,2,434,-1,-1,-1,-1,,,,,
33648,6024341,-1,3,16,-1,-1,-1,-1,-1,-1,16,2,434,-1,-1,-1,-1,,,,,
33649,6024372,-1,480,4,-1,-1,-1,-1,-1,-1,40,2,1,-1,-1,-1,-1,,,,,
33650,6024384,-1,3,16,-1,-1,-1,-1,-1,-1,16,2,274,-1,-1,-1,-1,,,,,
33651,6024595,-1,3,16,-1,-1,-1,-1,-1,-1,12,2,-1,-1,-1,-1,-1,,,,,
33652,6024725,-1,3,16,-1,-1,-1,-1,-1,-1,12,2,-1,-1,-1,-1,-1,,,,,
33653,6024851,-1,1,16,-1,-1,-1,-1,-1,-1,12,2,-1,-1,-1,-1,-1,,,,,
33654,6025888,-1,50,16,-1,-1,-1,-1,-1,-1,16,2,274,-1,-1,-1,-1,,,,,
33655,6025893,-1,181,16,-1,-1,-1,-1,-1,-1,12,2,-1,-1,-1,-1,-1,,,,,
33656,6025970,-1,62,16,-1,-1,-1,-1,-1,-1,16,2,274,-1,-1,-1,-1,,,,,
33657,6026275,-1,82,1,-1,-1,-1,-1,-1,-1,58,1,324,-1,-1,-1,-1,,,,,
33658,6026428,-1,80,1,-1,-1,-1,-1,-1,-1,58,1,324,-1,-1,-1,-1,,,,,
33659,6026835,-1,3,1,-1,-1,-1,-1,-1,-1,12,2,1,-1,-1,-1,-1,,,,,
33660,6026850,-1,161,64,-1,-1,-1,-1,-1,-1,12,2,14,-1,-1,-1,-1,,,,,
33661,6026924,-1,28,1,-1,-1,-1,-1,-1,-1,51,1,324,-1,-1,-1,-1,,,,,
33662,6027110,-1,160,64,-1,-1,-1,-1,-1,-1,12,2,14,-1,-1,-1,-1,,,,,
33663,6027175,-1,48,1,-1,-1,-1,-1,-1,-1,58,1,324,-1,-1,-1,-1,,,,,
33664,6027313,-1,44,1,-1,-1,-1,-1,-1,-1,58,1,324,-1,-1,-1,-1,,,,,
33665,6027381,-1,49,1,-1,-1,-1,-1,-1,-1,58,1,324,-1,-1,-1,-1,,,,,
33666,6027464,-1,79,1,-1,-1,-1,-1,-1,-1,58,1,324,-1,-1,-1,-1,,,,,
33667,6027579,-1,70,1,-1,-1,-1,-1,-1,-1,58,1,324,-1,-1,-1,-1,,,,,
33668,6028027,-1,47,2,-1,-1,-1,-1,-1,-1,57,1,370,-1,-1,-1,-1,,,,,
33669,6028122,-1,20,1,-1,-1,-1,-1,-1,-1,15,1,12,-1,-1,-1,-1,,,,,
33670,6028179,-1,74,1,-1,-1,-1,-1,-1,-1,58,1,324,-1,-1,-1,-1,,,,,
33671,6028229,-1,46,1,-1,-1,-1,-1,-1,-1,15,1,12,-1,-1,-1,-1,,,,,
33672,6028257,-1,1710,16,-1,-1,-1,-1,-1,-1,60,1,80,-1,-1,-1,-1,,,,,
33673,6028287,-1,1063,4,-1,-1,-1,-1,-1,-1,15,1,19,-1,-1,-1,-1,,,,,
33674,6028308,-1,1045,2,-1,-1,-1,-1,-1,-1,15,1,20,-1,-1,-1,-1,,,,,
33675,6028435,-1,8935,32,-1,-1,-1,-1,-1,-1,24,1,101,-1,-1,-1,-1,,,,,
33676,6028459,-1,8911,8,-1,-1,-1,-1,-1,-1,24,1,101,-1,-1,-1,-1,,,,,
33677,6029302,-1,85,1,-1,-1,-1,-1,-1,-1,51,1,324,-1,-1,-1,-1,,,,,
33678,6029487,-1,83,1,-1,-1,-1,-1,-1,-1,51,1,324,-1,-1,-1,-1,,,,,
33679,6029599,-1,53,2,-1,-1,-1,-1,-1,-1,57,1,370,-1,-1,-1,-1,,,,,
33680,6029671,-1,118,1,-1,-1,-1,-1,-1,-1,51,1,324,-1,-1,-1,-1,,,,,
33681,6029721,-1,58,2,-1,-1,-1,-1,-1,-1,57,1,370,-1,-1,-1,-1,,,,,
33682,6029812,-1,92,1,-1,-1,-1,-1,-1,-1,15,1,12,-1,-1,-1,-1,,,,,
33683,6029847,-1,71,2,-1,-1,-1,-1,-1,-1,57,1,370,-1,-1,-1,-1,,,,,
33684,6029930,-1,22,1,-1,-1,-1,-1,-1,-1,15,1,12,-1,-1,-1,-1,,,,,
33685,6029959,-1,2077,4,-1,-1,-1,-1,-1,-1,15,1,19,-1,-1,-1,-1,,,,,
33686,6029971,-1,127,16,-1,-1,-1,-1,-1,-1,60,1,80,-1,-1,-1,-1,,,,,
33687,6029981,-1,2059,2,-1,-1,-1,-1,-1,-1,15,1,20,-1,-1,-1,-1,,,,,
33688,6029982,-1,63,2,-1,-1,-1,-1,-1,-1,56,1,348,-1,-1,-1,-1,,,,,
33689,6030072,-1,13,1,-1,-1,-1,-1,-1,-1,56,1,348,-1,-1,-1,-1,,,,,
33690,6030111,-1,7263,16,-1,-1,-1,-1,-1,-1,60,1,80,-1,-1,-1,-1,,,,,
33691,6030149,-1,19,2,-1,-1,-1,-1,-1,-1,56,1,348,-1,-1,-1,-1,,,,,
33692,6030198,-1,6,4,-1,-1,-1,-1,-1,-1,56,1,348,-1,-1,-1,-1,,,,,
33693,6030234,-1,9,8,-1,-1,-1,-1,-1,-1,56,1,348,-1,-1,-1,-1,,,,,
33694,6030302,-1,22,1,-1,-1,-1,-1,-1,-1,9,2,9,-1,-1,-1,-1,,,,,
33695,6030306,-1,58,4,-1,-1,-1,-1,-1,-1,56,1,348,-1,-1,-1,-1,,,,,
33696,6032228,-1,38,1,-1,-1,-1,-1,-1,-1,51,1,324,-1,-1,-1,-1,,,,,
33697,6032289,-1,131,4,-1,-1,-1,-1,-1,-1,51,1,324,-1,-1,-1,-1,,,,,
33698,6032639,-1,246,4,-1,-1,-1,-1,-1,-1,51,1,324,-1,-1,-1,-1,,,,,
33699,6032680,-1,127,1,-1,-1,-1,-1,-1,-1,58,1,324,-1,-1,-1,-1,,,,,
33700,6032928,-1,433,8,-1,-1,-1,-1,-1,-1,51,1,324,-1,-1,-1,-1,,,,,
33701,6033556,-1,359,8,-1,-1,-1,-1,-1,-1,51,1,324,-1,-1,-1,-1,,,,,
33702,6037208,-1,157,64,-1,-1,-1,-1,-1,-1,12,2,-1,-1,-1,-1,-1,,,,,
33703,6037383,-1,97,128,-1,-1,-1,-1,-1,-1,12,2,-1,-1,-1,-1,-1,,,,,
33704,6037484,-1,0,128,-1,-1,-1,-1,-1,-1,56,1,-1,-1,-1,-1,-1,,,,,
33705,6048414,-1,0,128,-1,-1,-1,-1,-1,-1,12,2,-1,-1,-1,-1,-1,,,,,
33706,6049745,-1,0,128,-1,-1,-1,-1,-1,-1,56,1,-1,-1,-1,-1,-1,,,,,
33707,6050905,-1,0,1,-1,-1,-1,-1,-1,-1,58,1,324,-1,-1,-1,-1,,,,,
33708,6051604,-1,0,128,-1,-1,-1,-1,-1,-1,56,1,-1,-1,-1,-1,-1,,,,,
33709,6053399,-1,0,128,-1,-1,-1,-1,-1,-1,56,1,-1,-1,-1,-1,-1,,,,,
33716,6055239,-1,0,128,-1,-1,-1,-1,-1,-1,56,1,-1,-1,-1,-1,-1,,,,,
33722,6057031,-1,0,128,-1,-1,-1,-1,-1,-1,56,1,-1,-1,-1,-1,-1,,,,,
33732,6058982,-1,0,128,-1,-1,-1,-1,-1,-1,56,1,-1,-1,-1,-1,-1,,,,,
33735,6060620,-1,71,128,-1,-1,-1,-1,-1,-1,56,1,-1,-1,-1,-1,-1,,,,,
33741,6061720,-1,192,1,-1,-1,-1,-1,-1,-1,58,1,324,-1,-1,-1,-1,,,,,
33745,6061937,-1,82,1,-1,-1,-1,-1,-1,-1,58,1,324,-1,-1,-1,-1,,,,,
33754,6062548,-1,479,8,-1,-1,-1,-1,-1,-1,51,1,324,-1,-1,-1,-1,,,,,
33755,6062591,-1,135,1,-1,-1,-1,-1,-1,-1,58,1,324,-1,-1,-1,-1,,,,,
33757,6062846,-1,140,1,-1,-1,-1,-1,-1,-1,58,1,324,-1,-1,-1,-1,,,,,
33770,6063743,-1,83,1,-1,-1,-1,-1,-1,-1,58,1,324,-1,-1,-1,-1,,,,,
33797,6067323,-1,428,128,-1,-1,-1,-1,-1,-1,23,1,134,-1,-1,-1,-1,,,,,
33798,6067771,-1,439,128,-1,-1,-1,-1,-1,-1,23,1,134,-1,-1,-1,-1,,,,,
33799,6068225,-1,352,128,-1,-1,-1,-1,-1,-1,23,1,134,-1,-1,-1,-1,,,,,
33800,6068644,-1,552,128,-1,-1,-1,-1,-1,-1,23,1,134,-1,-1,-1,-1,,,,,
33802,6069227,-1,289,128,-1,-1,-1,-1,-1,-1,23,1,134,-1,-1,-1,-1,,,,,
33811,6070553,-1,116,128,-1,-1,-1,-1,-1,-1,23,1,134,-1,-1,-1,-1,,,,,
33813,6070755,-1,121,128,-1,-1,-1,-1,-1,-1,23,1,134,-1,-1,-1,-1,,,,,
33821,6071720,-1,73,2,-1,-1,-1,-1,-1,-1,57,1,370,-1,-1,-1,-1,,,,,
33835,6073192,-1,158,2,-1,-1,-1,-1,-1,-1,57,1,370,-1,-1,-1,-1,,,,,
33841,6073548,-1,34,2,-1,-1,-1,-1,-1,-1,57,1,370,-1,-1,-1,-1,,,,,
33844,6073786,-1,100,2,-1,-1,-1,-1,-1,-1,57,1,370,-1,-1,-1,-1,,,,,
33845,6073960,-1,33,2,-1,-1,-1,-1,-1,-1,57,1,370,-1,-1,-1,-1,,,,,
33846,6074058,-1,34,2,-1,-1,-1,-1,-1,-1,57,1,370,-1,-1,-1,-1,,,,,
33848,6074180,-1,100,2,-1,-1,-1,-1,-1,-1,57,1,370,-1,-1,-1,-1,,,,,
33850,6074467,-1,6,2,-1,-1,-1,-1,-1,-1,57,1,370,-1,-1,-1,-1,,,,,
33851,6074493,-1,60,2,-1,-1,-1,-1,-1,-1,57,1,370,-1,-1,-1,-1,,,,,
33855,6074647,-1,99,2,-1,-1,-1,-1,-1,-1,57,1,370,-1,-1,-1,-1,,,,,
33865,6075251,-1,103,2,-1,-1,-1,-1,-1,-1,57,1,370,-1,-1,-1,-1,,,,,
33866,6075393,-1,58,2,-1,-1,-1,-1,-1,-1,57,1,370,-1,-1,-1,-1,,,,,
33868,6075917,-1,33,2,-1,-1,-1,-1,-1,-1,57,1,370,-1,-1,-1,-1,,,,,
33870,6076092,-1,108,2,-1,-1,-1,-1,-1,-1,57,1,370,-1,-1,-1,-1,,,,,
33871,6076249,-1,3,8,-1,-1,-1,-1,-1,-1,55,1,347,-1,-1,-1,-1,,,,,
33872,6076345,-1,27,2,-1,-1,-1,-1,-1,-1,57,1,370,-1,-1,-1,-1,,,,,
33878,6076668,-1,126,2,-1,-1,-1,-1,-1,-1,57,1,370,-1,-1,-1,-1,,,,,
33879,6076841,-1,60,2,-1,-1,-1,-1,-1,-1,57,1,370,-1,-1,-1,-1,,,,,
33880,6076907,-1,5,8,-1,-1,-1,-1,-1,-1,55,1,347,-1,-1,-1,-1,,,,,
33882,6077447,-1,5,8,-1,-1,-1,-1,-1,-1,55,1,347,-1,-1,-1,-1,,,,,
33883,6077472,-1,666,128,-1,-1,-1,-1,-1,-1,56,1,435,-1,-1,-1,-1,,,,,
33884,6078151,-1,166,128,-1,-1,-1,-1,-1,-1,23,1,134,-1,-1,-1,-1,,,,,
33885,6078327,-1,227,128,-1,-1,-1,-1,-1,-1,23,1,134,-1,-1,-1,-1,,,,,
33886,6078571,-1,338,128,-1,-1,-1,-1,-1,-1,23,1,134,-1,-1,-1,-1,,,,,
33887,6078991,-1,97,2,-1,-1,-1,-1,-1,-1,57,1,370,-1,-1,-1,-1,,,,,
33888,6079097,-1,3052,32,-1,-1,-1,-1,-1,-1,24,1,101,-1,-1,-1,-1,,,,,
33889,6079120,-1,3030,8,-1,-1,-1,-1,-1,-1,24,1,101,-1,-1,-1,-1,,,,,
33890,6079155,-1,60,2,-1,-1,-1,-1,-1,-1,57,1,370,-1,-1,-1,-1,,,,,
33891,6079189,-1,49,8,-1,-1,-1,-1,-1,-1,55,1,347,-1,-1,-1,-1,,,,,
33892,6079281,-1,1711,16,-1,-1,-1,-1,-1,-1,55,1,347,-1,-1,-1,-1,,,,,
33893,6079348,-1,102,2,-1,-1,-1,-1,-1,-1,57,1,370,-1,-1,-1,-1,,,,,
33894,6079522,-1,3447,32,-1,-1,-1,-1,-1,-1,56,1,-1,-1,-1,-1,-1,,,,,
33895,6079530,-1,113,2,-1,-1,-1,-1,-1,-1,57,1,370,-1,-1,-1,-1,,,,,
33896,6080126,-1,86,2,-1,-1,-1,-1,-1,-1,57,1,370,-1,-1,-1,-1,,,,,
33897,6080491,-1,9,1,-1,-1,-1,-1,-1,-1,2,1,9,-1,-1,-1,-1,,,,,
33898,6080635,-1,89,2,-1,-1,-1,-1,-1,-1,57,1,370,-1,-1,-1,-1,,,,,
33899,6080732,-1,15,1,-1,-1,-1,-1,-1,-1,23,1,436,-1,-1,-1,-1,,,,,
33900,6080781,-1,132,32,-1,-1,-1,-1,-1,-1,23,1,436,-1,-1,-1,-1,,,,,
33901,6080977,-1,18,2,-1,-1,-1,-1,-1,-1,23,1,436,-1,-1,-1,-1,,,,,
33902,6081002,-1,1233,32,-1,-1,-1,-1,-1,-1,55,1,347,-1,-1,-1,-1,,,,,
33903,6081105,-1,102,2,-1,-1,-1,-1,-1,-1,57,1,370,-1,-1,-1,-1,,,,,
33904,6081268,-1,74,2,-1,-1,-1,-1,-1,-1,57,1,370,-1,-1,-1,-1,,,,,
33905,6081404,-1,67,2,-1,-1,-1,-1,-1,-1,57,1,370,-1,-1,-1,-1,,,,,
33907,6081630,-1,25,4,-1,-1,-1,-1,-1,-1,23,1,436,-1,-1,-1,-1,,,,,
33908,6081665,-1,23,4,-1,-1,-1,-1,-1,-1,23,1,437,-1,-1,-1,-1,,,,,
33909,6081713,-1,196,2,-1,-1,-1,-1,-1,-1,57,1,370,-1,-1,-1,-1,,,,,
33910,6081824,-1,54,8,-1,-1,-1,-1,-1,-1,23,1,436,-1,-1,-1,-1,,,,,
33911,6081896,-1,44,8,-1,-1,-1,-1,-1,-1,23,1,437,-1,-1,-1,-1,,,,,
33912,6081921,-1,25,1,-1,-1,-1,-1,-1,-1,4,1,4,-1,-1,-1,-1,,,,,
33914,6082014,-1,40,4,-1,-1,-1,-1,-1,-1,40,2,1,-1,-1,-1,-1,,,,,
33915,6082020,-1,71,16,-1,-1,-1,-1,-1,-1,23,1,436,-1,-1,-1,-1,,,,,
33916,6082098,-1,84,16,-1,-1,-1,-1,-1,-1,23,1,437,-1,-1,-1,-1,,,,,
33917,6082129,-1,174,2,-1,-1,-1,-1,-1,-1,57,1,370,-1,-1,-1,-1,,,,,
33918,6082224,-1,292,32,-1,-1,-1,-1,-1,-1,4,1,3,-1,-1,-1,-1,,,,,
33919,6082293,-1,374,32,-1,-1,-1,-1,-1,-1,55,1,347,-1,-1,-1,-1,,,,,
33920,6082360,-1,146,32,-1,-1,-1,-1,-1,-1,23,1,436,-1,-1,-1,-1,,,,,
33921,6082575,-1,155,32,-1,-1,-1,-1,-1,-1,23,1,437,-1,-1,-1,-1,,,,,
33922,6082584,-1,192,8,-1,-1,-1,-1,-1,-1,40,2,319,-1,-1,-1,-1,,,,,
33924,6082670,-1,5734,32,-1,-1,-1,-1,-1,-1,55,1,347,-1,-1,-1,-1,,,,,
33925,6082739,-1,146,2,-1,-1,-1,-1,-1,-1,57,1,370,-1,-1,-1,-1,,,,,
33926,6082924,-1,63,8,-1,-1,-1,-1,-1,-1,40,2,319,-1,-1,-1,-1,,,,,
33927,6082971,-1,44,32,-1,-1,-1,-1,-1,-1,56,1,-1,-1,-1,-1,-1,,,,,
33929,6083017,-1,35,32,-1,-1,-1,-1,-1,-1,56,1,-1,-1,-1,-1,-1,,,,,
33934,6083377,-1,162,2,-1,-1,-1,-1,-1,-1,57,1,370,-1,-1,-1,-1,,,,,
33935,6083568,-1,140,8,-1,-1,-1,-1,-1,-1,40,2,319,-1,-1,-1,-1,,,,,
33936,6083651,-1,67,2,-1,-1,-1,-1,-1,-1,57,1,370,-1,-1,-1,-1,,,,,
33937,6083698,-1,28,1,-1,-1,-1,-1,-1,-1,15,1,12,-1,-1,-1,-1,,,,,
33939,6083752,-1,141,8,-1,-1,-1,-1,-1,-1,40,2,319,-1,-1,-1,-1,,,,,
33940,6083758,-1,54,1,-1,-1,-1,-1,-1,-1,15,1,12,-1,-1,-1,-1,,,,,
33941,6083826,-1,15,1,-1,-1,-1,-1,-1,-1,15,1,12,-1,-1,-1,-1,,,,,
33942,6083847,-1,1660,4,-1,-1,-1,-1,-1,-1,15,1,19,-1,-1,-1,-1,,,,,
33943,6083873,-1,1636,2,-1,-1,-1,-1,-1,-1,15,1,20,-1,-1,-1,-1,,,,,
33944,6083976,-1,195,8,-1,-1,-1,-1,-1,-1,40,2,319,-1,-1,-1,-1,,,,,
33945,6084099,-1,4,2,-1,-1,-1,-1,-1,-1,57,1,370,-1,-1,-1,-1,,,,,
33947,6084303,-1,16,1,-1,-1,-1,-1,-1,-1,9,2,9,-1,-1,-1,-1,,,,,
33948,6084427,-1,97,2,-1,-1,-1,-1,-1,-1,57,1,370,-1,-1,-1,-1,,,,,
33949,6084503,-1,231,32,-1,-1,-1,-1,-1,-1,12,2,-1,-1,-1,-1,-1,,,,,
33951,6084547,-1,33,1,-1,-1,-1,-1,-1,-1,12,2,1,-1,-1,-1,-1,,,,,
33952,6084557,-1,404,8,-1,-1,-1,-1,-1,-1,40,2,319,-1,-1,-1,-1,,,,,
33955,6084677,-1,8835,32,-1,-1,-1,-1,-1,-1,24,1,101,-1,-1,-1,-1,,,,,
33956,6084705,-1,8808,8,-1,-1,-1,-1,-1,-1,24,1,101,-1,-1,-1,-1,,,,,
33959,6084997,-1,1243,16,-1,-1,-1,-1,-1,-1,60,1,80,-1,-1,-1,-1,,,,,
33960,6085036,-1,128,8,-1,-1,-1,-1,-1,-1,40,2,319,-1,-1,-1,-1,,,,,
33961,6085154,-1,43,1,-1,-1,-1,-1,-1,-1,15,1,12,-1,-1,-1,-1,,,,,
33964,6086248,-1,39,32,-1,-1,-1,-1,-1,-1,41,1,28,-1,-1,-1,-1,,,,,
33965,6086295,-1,75,32,-1,-1,-1,-1,-1,-1,41,1,28,-1,-1,-1,-1,,,,,
33966,6086314,-1,49,1,-1,-1,-1,-1,-1,-1,15,1,12,-1,-1,-1,-1,,,,,
33967,6086383,-1,27,1,-1,-1,-1,-1,-1,-1,15,1,12,-1,-1,-1,-1,,,,,
33968,6086417,-1,1770,4,-1,-1,-1,-1,-1,-1,15,1,19,-1,-1,-1,-1,,,,,
33969,6086427,-1,90,32,-1,-1,-1,-1,-1,-1,56,1,435,-1,-1,-1,-1,,,,,
33970,6086440,-1,1748,2,-1,-1,-1,-1,-1,-1,15,1,20,-1,-1,-1,-1,,,,,
33972,6086643,-1,117,8,-1,-1,-1,-1,-1,-1,40,2,319,-1,-1,-1,-1,,,,,
33973,6086649,-1,3431,32,-1,-1,-1,-1,-1,-1,56,1,-1,-1,-1,-1,-1,,,,,
33974,6086905,-1,265,8,-1,-1,-1,-1,-1,-1,40,2,319,-1,-1,-1,-1,,,,,
33976,6087213,-1,97,16,-1,-1,-1,-1,-1,-1,40,2,80,-1,-1,-1,-1,,,,,
33978,6087704,-1,113,16,-1,-1,-1,-1,-1,-1,40,2,80,-1,-1,-1,-1,,,,,
33983,6088009,-1,92,1,-1,-1,-1,-1,-1,-1,58,1,324,-1,-1,-1,-1,,,,,
33985,6088406,-1,603,32,-1,-1,-1,-1,-1,-1,55,1,347,-1,-1,-1,-1,,,,,
33987,6088627,-1,104,1,-1,-1,-1,-1,-1,-1,58,1,324,-1,-1,-1,-1,,,,,
33988,6088822,-1,168,4,-1,-1,-1,-1,-1,-1,55,1,347,-1,-1,-1,-1,,,,,
33990,6089059,-1,59,4,-1,-1,-1,-1,-1,-1,55,1,347,-1,-1,-1,-1,,,,,
33991,6089114,-1,152,4,-1,-1,-1,-1,-1,-1,55,1,347,-1,-1,-1,-1,,,,,
33992,6089150,-1,317,8,-1,-1,-1,-1,-1,-1,40,2,319,-1,-1,-1,-1,,,,,
33996,6089535,-1,125,8,-1,-1,-1,-1,-1,-1,40,2,319,-1,-1,-1,-1,,,,,
33997,6089586,-1,61,4,-1,-1,-1,-1,-1,-1,55,1,347,-1,-1,-1,-1,,,,,
34000,6089762,-1,185,8,-1,-1,-1,-1,-1,-1,40,2,319,-1,-1,-1,-1,,,,,
34001,6089777,-1,109,4,-1,-1,-1,-1,-1,-1,55,1,347,-1,-1,-1,-1,,,,,
34002,6089837,-1,88,1,-1,-1,-1,-1,-1,-1,58,1,324,-1,-1,-1,-1,,,,,
34003,6089941,-1,78,4,-1,-1,-1,-1,-1,-1,55,1,347,-1,-1,-1,-1,,,,,
34004,6090082,-1,3428,32,-1,-1,-1,-1,-1,-1,56,1,-1,-1,-1,-1,-1,,,,,
34005,6090091,-1,167,4,-1,-1,-1,-1,-1,-1,55,1,347,-1,-1,-1,-1,,,,,
34006,6090138,-1,538,8,-1,-1,-1,-1,-1,-1,40,2,319,-1,-1,-1,-1,,,,,
34008,6090264,-1,274,4,-1,-1,-1,-1,-1,-1,55,1,347,-1,-1,-1,-1,,,,,
34009,6090466,-1,159,1,-1,-1,-1,-1,-1,-1,58,1,324,-1,-1,-1,-1,,,,,
34010,6090546,-1,75,4,-1,-1,-1,-1,-1,-1,55,1,347,-1,-1,-1,-1,,,,,
34011,6090612,-1,56,1,-1,-1,-1,-1,-1,-1,15,1,12,-1,-1,-1,-1,,,,,
34013,6090687,-1,23,1,-1,-1,-1,-1,-1,-1,15,1,12,-1,-1,-1,-1,,,,,
34014,6090691,-1,325,4,-1,-1,-1,-1,-1,-1,55,1,347,-1,-1,-1,-1,,,,,
34015,6090715,-1,115,4,-1,-1,-1,-1,-1,-1,15,1,19,-1,-1,-1,-1,,,,,
34017,6090740,-1,90,2,-1,-1,-1,-1,-1,-1,15,1,20,-1,-1,-1,-1,,,,,
34018,6090920,-1,123,1,-1,-1,-1,-1,-1,-1,58,1,324,-1,-1,-1,-1,,,,,
34019,6090978,-1,55,16,-1,-1,-1,-1,-1,-1,60,1,319,-1,-1,-1,-1,,,,,
34020,6091020,-1,421,4,-1,-1,-1,-1,-1,-1,55,1,347,-1,-1,-1,-1,,,,,
34024,6091241,-1,1067,4,-1,-1,-1,-1,-1,-1,15,1,19,-1,-1,-1,-1,,,,,
34025,6091265,-1,1046,2,-1,-1,-1,-1,-1,-1,15,1,20,-1,-1,-1,-1,,,,,
34027,6091374,-1,33,8,-1,-1,-1,-1,-1,-1,40,2,319,-1,-1,-1,-1,,,,,
34028,6091404,-1,27,4,-1,-1,-1,-1,-1,-1,65,2,11,-1,-1,-1,-1,,,,,
34029,6091447,-1,172,4,-1,-1,-1,-1,-1,-1,55,1,347,-1,-1,-1,-1,,,,,
34031,6091514,-1,23,4,-1,-1,-1,-1,-1,-1,65,2,5,-1,-1,-1,-1,,,,,
34032,6091583,-1,270,32,-1,-1,-1,-1,-1,-1,4,1,3,-1,-1,-1,-1,,,,,
34033,6091640,-1,80,4,-1,-1,-1,-1,-1,-1,55,1,347,-1,-1,-1,-1,,,,,
34034,6091785,-1,88,1,-1,-1,-1,-1,-1,-1,58,1,324,-1,-1,-1,-1,,,,,
34035,6091877,-1,447,32,-1,-1,-1,-1,-1,-1,4,1,3,-1,-1,-1,-1,,,,,
34036,6091878,-1,132,4,-1,-1,-1,-1,-1,-1,65,2,11,-1,-1,-1,-1,,,,,
34039,6092134,-1,111,1,-1,-1,-1,-1,-1,-1,58,1,324,-1,-1,-1,-1,,,,,
34040,6092175,-1,24,4,-1,-1,-1,-1,-1,-1,65,2,11,-1,-1,-1,-1,,,,,
34041,6092206,-1,9,1,-1,-1,-1,-1,-1,-1,5,2,12,-1,-1,-1,-1,,,,,
34042,6092333,-1,116,1,-1,-1,-1,-1,-1,-1,58,1,324,-1,-1,-1,-1,,,,,
34043,6092368,-1,1121,16,-1,-1,-1,-1,-1,-1,55,1,347,-1,-1,-1,-1,,,,,
34044,6092372,-1,755,32,-1,-1,-1,-1,-1,-1,4,1,3,-1,-1,-1,-1,,,,,
34045,6092454,-1,153,8,-1,-1,-1,-1,-1,-1,40,2,319,-1,-1,-1,-1,,,,,
34047,6092749,-1,145,8,-1,-1,-1,-1,-1,-1,40,2,319,-1,-1,-1,-1,,,,,
34048,6093178,-1,200,4,-1,-1,-1,-1,-1,-1,15,1,19,-1,-1,-1,-1,,,,,
34049,6093185,-1,68,1,-1,-1,-1,-1,-1,-1,58,1,324,-1,-1,-1,-1,,,,,
34050,6093194,-1,190,16,-1,-1,-1,-1,-1,-1,40,2,80,-1,-1,-1,-1,,,,,
34051,6093204,-1,34,1,-1,-1,-1,-1,-1,-1,4,1,4,-1,-1,-1,-1,,,,,
34052,6093221,-1,338,2,-1,-1,-1,-1,-1,-1,15,1,20,-1,-1,-1,-1,,,,,
34056,6093413,-1,340,32,-1,-1,-1,-1,-1,-1,4,1,3,-1,-1,-1,-1,,,,,
34058,6093529,-1,3453,32,-1,-1,-1,-1,-1,-1,56,1,-1,-1,-1,-1,-1,,,,,
34060,6093673,-1,38,4,-1,-1,-1,-1,-1,-1,15,1,19,-1,-1,-1,-1,,,,,
34061,6093695,-1,28,2,-1,-1,-1,-1,-1,-1,15,1,20,-1,-1,-1,-1,,,,,
34062,6093784,-1,1028,4,-1,-1,-1,-1,-1,-1,15,1,19,-1,-1,-1,-1,,,,,
34063,6093802,-1,392,32,-1,-1,-1,-1,-1,-1,4,1,3,-1,-1,-1,-1,,,,,
34064,6093805,-1,1011,2,-1,-1,-1,-1,-1,-1,15,1,20,-1,-1,-1,-1,,,,,
34065,6093908,-1,154,1,-1,-1,-1,-1,-1,-1,58,1,324,-1,-1,-1,-1,,,,,
34070,6094227,-1,77,1,-1,-1,-1,-1,-1,-1,58,1,324,-1,-1,-1,-1,,,,,
34072,6094678,-1,2307,32,-1,-1,-1,-1,-1,-1,24,1,101,-1,-1,-1,-1,,,,,
34073,6094724,-1,2267,8,-1,-1,-1,-1,-1,-1,24,1,101,-1,-1,-1,-1,,,,,
34074,6094767,-1,279,32,-1,-1,-1,-1,-1,-1,4,1,3,-1,-1,-1,-1,,,,,
34075,6094831,-1,19,1,-1,-1,-1,-1,-1,-1,3,2,9,-1,-1,-1,-1,,,,,
34078,6095117,-1,708,32,-1,-1,-1,-1,-1,-1,4,1,3,-1,-1,-1,-1,,,,,
34079,6095130,-1,8,16,-1,-1,-1,-1,-1,-1,55,1,347,-1,-1,-1,-1,,,,,
34080,6095145,-1,1126,16,-1,-1,-1,-1,-1,-1,55,1,347,-1,-1,-1,-1,,,,,
34086,6095846,-1,86,16,-1,-1,-1,-1,-1,-1,37,1,80,-1,-1,-1,-1,,,,,
34088,6096028,-1,25,2,-1,-1,-1,-1,-1,-1,23,1,438,-1,-1,-1,-1,,,,,
34089,6096039,-1,876,32,-1,-1,-1,-1,-1,-1,4,1,3,-1,-1,-1,-1,,,,,
34092,6096175,-1,41,4,-1,-1,-1,-1,-1,-1,23,1,438,-1,-1,-1,-1,,,,,
34101,6096922,-1,226,32,-1,-1,-1,-1,-1,-1,4,1,3,-1,-1,-1,-1,,,,,
34103,6096992,-1,3537,32,-1,-1,-1,-1,-1,-1,56,1,-1,-1,-1,-1,-1,,,,,
34104,6097053,-1,78,8,-1,-1,-1,-1,-1,-1,40,2,319,-1,-1,-1,-1,,,,,
34105,6097152,-1,76,8,-1,-1,-1,-1,-1,-1,40,2,319,-1,-1,-1,-1,,,,,
34106,6097328,-1,69,8,-1,-1,-1,-1,-1,-1,40,2,319,-1,-1,-1,-1,,,,,
34109,6097465,-1,42,8,-1,-1,-1,-1,-1,-1,40,2,319,-1,-1,-1,-1,,,,,
34111,6097609,-1,87,8,-1,-1,-1,-1,-1,-1,40,2,319,-1,-1,-1,-1,,,,,
34112,6097693,-1,226,32,-1,-1,-1,-1,-1,-1,4,1,3,-1,-1,-1,-1,,,,,
34115,6098071,-1,45,4,-1,-1,-1,-1,-1,-1,32,1,11,-1,-1,-1,-1,,,,,
34121,6098553,-1,116,32,-1,-1,-1,-1,-1,-1,4,1,3,-1,-1,-1,-1,,,,,
34123,6098806,-1,86,8,-1,-1,-1,-1,-1,-1,40,2,319,-1,-1,-1,-1,,,,,
34124,6098813,-1,282,32,-1,-1,-1,-1,-1,-1,4,1,3,-1,-1,-1,-1,,,,,
34125,6098885,-1,92,8,-1,-1,-1,-1,-1,-1,40,2,319,-1,-1,-1,-1,,,,,
34127,6098945,-1,129,8,-1,-1,-1,-1,-1,-1,40,2,319,-1,-1,-1,-1,,,,,
34128,6099003,-1,11007,32,-1,-1,-1,-1,-1,-1,24,1,101,-1,-1,-1,-1,,,,,
34130,6099039,-1,73,8,-1,-1,-1,-1,-1,-1,40,2,319,-1,-1,-1,-1,,,,,
34131,6099046,-1,10967,8,-1,-1,-1,-1,-1,-1,24,1,101,-1,-1,-1,-1,,,,,
34132,6099102,-1,97,8,-1,-1,-1,-1,-1,-1,40,2,319,-1,-1,-1,-1,,,,,
34133,6099145,-1,59,8,-1,-1,-1,-1,-1,-1,40,2,319,-1,-1,-1,-1,,,,,
34135,6099263,-1,90,8,-1,-1,-1,-1,-1,-1,40,2,319,-1,-1,-1,-1,,,,,
34136,6099266,-1,16,8,-1,-1,-1,-1,-1,-1,40,2,319,-1,-1,-1,-1,,,,,
34137,6099329,-1,52,8,-1,-1,-1,-1,-1,-1,40,2,319,-1,-1,-1,-1,,,,,
34138,6099434,-1,108,8,-1,-1,-1,-1,-1,-1,40,2,319,-1,-1,-1,-1,,,,,
34139,6099436,-1,61,8,-1,-1,-1,-1,-1,-1,40,2,319,-1,-1,-1,-1,,,,,
34141,6099576,-1,99,8,-1,-1,-1,-1,-1,-1,40,2,319,-1,-1,-1,-1,,,,,
34144,6099700,-1,55,1,-1,-1,-1,-1,-1,-1,15,1,12,-1,-1,-1,-1,,,,,
34146,6099770,-1,25,1,-1,-1,-1,-1,-1,-1,15,1,12,-1,-1,-1,-1,,,,,
34148,6099801,-1,122,4,-1,-1,-1,-1,-1,-1,15,1,19,-1,-1,-1,-1,,,,,
34149,6099823,-1,102,2,-1,-1,-1,-1,-1,-1,15,1,20,-1,-1,-1,-1,,,,,
34151,6099888,-1,3,1,-1,-1,-1,-1,-1,-1,12,2,1,-1,-1,-1,-1,,,,,
34154,6100344,-1,83,8,-1,-1,-1,-1,-1,-1,40,2,319,-1,-1,-1,-1,,,,,
34158,6100650,-1,39,4,-1,-1,-1,-1,-1,-1,15,1,19,-1,-1,-1,-1,,,,,
34159,6100673,-1,16,2,-1,-1,-1,-1,-1,-1,15,1,20,-1,-1,-1,-1,,,,,
34160,6100709,-1,97,4,-1,-1,-1,-1,-1,-1,15,1,19,-1,-1,-1,-1,,,,,
34161,6100730,-1,76,2,-1,-1,-1,-1,-1,-1,15,1,20,-1,-1,-1,-1,,,,,
34163,6100881,-1,20,2,-1,-1,-1,-1,-1,-1,23,1,438,-1,-1,-1,-1,,,,,
34164,6100925,-1,38,4,-1,-1,-1,-1,-1,-1,23,1,438,-1,-1,-1,-1,,,,,
34166,6100976,-1,46,4,-1,-1,-1,-1,-1,-1,15,1,19,-1,-1,-1,-1,,,,,
34168,6100999,-1,23,2,-1,-1,-1,-1,-1,-1,15,1,20,-1,-1,-1,-1,,,,,
34169,6101015,-1,45,8,-1,-1,-1,-1,-1,-1,40,2,319,-1,-1,-1,-1,,,,,
34172,6101074,-1,69,2,-1,-1,-1,-1,-1,-1,23,1,439,-1,-1,-1,-1,,,,,
34173,6101086,-1,373,4,-1,-1,-1,-1,-1,-1,15,1,19,-1,-1,-1,-1,,,,,
34174,6101111,-1,355,2,-1,-1,-1,-1,-1,-1,15,1,20,-1,-1,-1,-1,,,,,
34175,6101118,-1,87,8,-1,-1,-1,-1,-1,-1,40,2,319,-1,-1,-1,-1,,,,,
34177,6101259,-1,40,8,-1,-1,-1,-1,-1,-1,40,2,319,-1,-1,-1,-1,,,,,
34178,6101329,-1,79,8,-1,-1,-1,-1,-1,-1,40,2,319,-1,-1,-1,-1,,,,,
34179,6101419,-1,4,1,-1,-1,-1,-1,-1,-1,12,2,1,-1,-1,-1,-1,,,,,
34180,6101443,-1,103,8,-1,-1,-1,-1,-1,-1,40,2,319,-1,-1,-1,-1,,,,,
34181,6101447,-1,250,16,-1,-1,-1,-1,-1,-1,37,1,80,-1,-1,-1,-1,,,,,
34182,6101450,-1,42,1,-1,-1,-1,-1,-1,-1,12,2,1,-1,-1,-1,-1,,,,,
34183,6101472,-1,42,4,-1,-1,-1,-1,-1,-1,15,1,19,-1,-1,-1,-1,,,,,
34185,6101510,-1,29,2,-1,-1,-1,-1,-1,-1,15,1,20,-1,-1,-1,-1,,,,,
34188,6101628,-1,137,4,-1,-1,-1,-1,-1,-1,15,1,19,-1,-1,-1,-1,,,,,
34189,6101636,-1,17,1,-1,-1,-1,-1,-1,-1,12,2,1,-1,-1,-1,-1,,,,,
34190,6101658,-1,117,2,-1,-1,-1,-1,-1,-1,15,1,20,-1,-1,-1,-1,,,,,
34192,6101770,-1,5,8,-1,-1,-1,-1,-1,-1,40,2,319,-1,-1,-1,-1,,,,,
34193,6101777,-1,96,16,-1,-1,-1,-1,-1,-1,37,1,80,-1,-1,-1,-1,,,,,
34195,6102024,-1,81,8,-1,-1,-1,-1,-1,-1,40,2,319,-1,-1,-1,-1,,,,,
34196,6102053,-1,41,1,-1,-1,-1,-1,-1,-1,15,1,12,-1,-1,-1,-1,,,,,
34197,6102109,-1,24,1,-1,-1,-1,-1,-1,-1,15,1,12,-1,-1,-1,-1,,,,,
34198,6102143,-1,103,4,-1,-1,-1,-1,-1,-1,15,1,19,-1,-1,-1,-1,,,,,
34200,6102168,-1,77,2,-1,-1,-1,-1,-1,-1,15,1,20,-1,-1,-1,-1,,,,,
34202,6102247,-1,93,8,-1,-1,-1,-1,-1,-1,40,2,319,-1,-1,-1,-1,,,,,
34205,6102387,-1,84,8,-1,-1,-1,-1,-1,-1,40,2,319,-1,-1,-1,-1,,,,,
34207,6102704,-1,125,4,-1,-1,-1,-1,-1,-1,15,1,19,-1,-1,-1,-1,,,,,
34208,6102725,-1,104,2,-1,-1,-1,-1,-1,-1,15,1,20,-1,-1,-1,-1,,,,,
34211,6102906,-1,982,4,-1,-1,-1,-1,-1,-1,15,1,19,-1,-1,-1,-1,,,,,
34213,6102928,-1,960,2,-1,-1,-1,-1,-1,-1,15,1,20,-1,-1,-1,-1,,,,,
34215,6103014,-1,419,8,-1,-1,-1,-1,-1,-1,58,1,324,-1,-1,-1,-1,,,,,
34217,6103205,-1,49,4,-1,-1,-1,-1,-1,-1,23,1,439,-1,-1,-1,-1,,,,,
34218,6103319,-1,17,2,-1,-1,-1,-1,-1,-1,23,1,439,-1,-1,-1,-1,,,,,
34219,6103357,-1,37,4,-1,-1,-1,-1,-1,-1,23,1,439,-1,-1,-1,-1,,,,,
34220,6103414,-1,43,8,-1,-1,-1,-1,-1,-1,23,1,439,-1,-1,-1,-1,,,,,
34222,6103476,-1,62,16,-1,-1,-1,-1,-1,-1,23,1,439,-1,-1,-1,-1,,,,,
34224,6103570,-1,150,32,-1,-1,-1,-1,-1,-1,23,1,439,-1,-1,-1,-1,,,,,
34226,6103617,-1,123,32,-1,-1,-1,-1,-1,-1,32,1,11,-1,-1,-1,-1,,,,,
34228,6103761,-1,55,4,-1,-1,-1,-1,-1,-1,23,1,439,-1,-1,-1,-1,,,,,
34230,6103988,-1,563,4,-1,-1,-1,-1,-1,-1,15,1,19,-1,-1,-1,-1,,,,,
34231,6104013,-1,539,2,-1,-1,-1,-1,-1,-1,15,1,20,-1,-1,-1,-1,,,,,
34232,6104086,-1,50,32,-1,-1,-1,-1,-1,-1,32,1,440,-1,-1,-1,-1,,,,,
34234,6104155,-1,58,64,-1,-1,-1,-1,-1,-1,32,1,440,-1,-1,-1,-1,,,,,
34239,6104432,-1,3,1,-1,-1,-1,-1,-1,-1,12,2,1,-1,-1,-1,-1,,,,,
34243,6104786,-1,57,1,-1,-1,-1,-1,-1,-1,15,1,12,-1,-1,-1,-1,,,,,
34245,6104861,-1,18,1,-1,-1,-1,-1,-1,-1,15,1,12,-1,-1,-1,-1,,,,,
34246,6104887,-1,963,4,-1,-1,-1,-1,-1,-1,15,1,19,-1,-1,-1,-1,,,,,
34248,6104910,-1,943,2,-1,-1,-1,-1,-1,-1,15,1,20,-1,-1,-1,-1,,,,,
34250,6105426,-1,384,8,-1,-1,-1,-1,-1,-1,51,1,324,-1,-1,-1,-1,,,,,
34256,6105825,-1,1213,16,-1,-1,-1,-1,-1,-1,51,1,324,-1,-1,-1,-1,,,,,
34257,6106007,-1,178,2,-1,-1,-1,-1,-1,-1,57,1,370,-1,-1,-1,-1,,,,,
34261,6106270,-1,99,2,-1,-1,-1,-1,-1,-1,57,1,370,-1,-1,-1,-1,,,,,
34266,6106517,-1,5,2,-1,-1,-1,-1,-1,-1,57,1,370,-1,-1,-1,-1,,,,,
34267,6106565,-1,60,2,-1,-1,-1,-1,-1,-1,57,1,370,-1,-1,-1,-1,,,,,
34273,6107113,-1,946,16,-1,-1,-1,-1,-1,-1,51,1,324,-1,-1,-1,-1,,,,,
34274,6107151,-1,61,2,-1,-1,-1,-1,-1,-1,57,1,370,-1,-1,-1,-1,,,,,
34275,6107159,-1,25,64,-1,-1,-1,-1,-1,-1,41,1,28,-1,-1,-1,-1,,,,,
34276,6107234,-1,17,64,-1,-1,-1,-1,-1,-1,41,1,28,-1,-1,-1,-1,,,,,
34277,6107323,-1,61,2,-1,-1,-1,-1,-1,-1,57,1,370,-1,-1,-1,-1,,,,,
34278,6107378,-1,12,64,-1,-1,-1,-1,-1,-1,41,1,28,-1,-1,-1,-1,,,,,
34279,6107406,-1,7,32,-1,-1,-1,-1,-1,-1,41,1,28,-1,-1,-1,-1,,,,,
34280,6107450,-1,10,32,-1,-1,-1,-1,-1,-1,41,1,28,-1,-1,-1,-1,,,,,
34282,6107474,-1,11,16,-1,-1,-1,-1,-1,-1,41,1,28,-1,-1,-1,-1,,,,,
34287,6107772,-1,61,2,-1,-1,-1,-1,-1,-1,57,1,370,-1,-1,-1,-1,,,,,
34288,6107798,-1,13,16,-1,-1,-1,-1,-1,-1,41,1,28,-1,-1,-1,-1,,,,,
34289,6107826,-1,19,64,-1,-1,-1,-1,-1,-1,41,1,28,-1,-1,-1,-1,,,,,
34290,6107840,-1,18,1,-1,-1,-1,-1,-1,-1,12,2,1,-1,-1,-1,-1,,,,,
34296,6108504,-1,252,32,-1,-1,-1,-1,-1,-1,4,1,3,-1,-1,-1,-1,,,,,
34297,6108562,-1,85,2,-1,-1,-1,-1,-1,-1,57,1,370,-1,-1,-1,-1,,,,,
34298,6108676,-1,30,1,-1,-1,-1,-1,-1,-1,12,2,1,-1,-1,-1,-1,,,,,
34302,6108839,-1,243,32,-1,-1,-1,-1,-1,-1,12,2,-1,-1,-1,-1,-1,,,,,
34303,6108863,-1,175,2,-1,-1,-1,-1,-1,-1,57,1,370,-1,-1,-1,-1,,,,,
34305,6108948,-1,54,16,-1,-1,-1,-1,-1,-1,51,1,324,-1,-1,-1,-1,,,,,
34306,6108961,-1,157,16,-1,-1,-1,-1,-1,-1,40,2,28,-1,-1,-1,-1,,,,,
34308,6109134,-1,3463,32,-1,-1,-1,-1,-1,-1,56,1,-1,-1,-1,-1,-1,,,,,
34309,6109154,-1,273,16,-1,-1,-1,-1,-1,-1,40,2,28,-1,-1,-1,-1,,,,,
34311,6109416,-1,928,16,-1,-1,-1,-1,-1,-1,51,1,324,-1,-1,-1,-1,,,,,
34313,6109453,-1,198,2,-1,-1,-1,-1,-1,-1,57,1,370,-1,-1,-1,-1,,,,,
34317,6109712,-1,59,2,-1,-1,-1,-1,-1,-1,57,1,370,-1,-1,-1,-1,,,,,
34318,6109850,-1,300,16,-1,-1,-1,-1,-1,-1,40,2,28,-1,-1,-1,-1,,,,,
34319,6109993,-1,187,16,-1,-1,-1,-1,-1,-1,40,2,28,-1,-1,-1,-1,,,,,
34324,6110272,-1,194,32,-1,-1,-1,-1,-1,-1,4,1,3,-1,-1,-1,-1,,,,,
34326,6110420,-1,172,16,-1,-1,-1,-1,-1,-1,40,2,28,-1,-1,-1,-1,,,,,
34327,6110425,-1,800,16,-1,-1,-1,-1,-1,-1,51,1,324,-1,-1,-1,-1,,,,,
34328,6110559,-1,255,32,-1,-1,-1,-1,-1,-1,4,1,3,-1,-1,-1,-1,,,,,
34329,6110614,-1,368,16,-1,-1,-1,-1,-1,-1,40,2,28,-1,-1,-1,-1,,,,,
34330,6110620,-1,81,8,-1,-1,-1,-1,-1,-1,10,1,441,-1,-1,-1,-1,,,,,
34331,6110724,-1,20,16,-1,-1,-1,-1,-1,-1,40,2,28,-1,-1,-1,-1,,,,,
34332,6110750,-1,197,16,-1,-1,-1,-1,-1,-1,40,2,28,-1,-1,-1,-1,,,,,
34334,6110822,-1,36,1,-1,-1,-1,-1,-1,-1,4,1,4,-1,-1,-1,-1,,,,,
34335,6110828,-1,14,1,-1,-1,-1,-1,-1,-1,4,1,2,-1,-1,-1,-1,,,,,
34340,6111119,-1,8,1,-1,-1,-1,-1,-1,-1,12,2,1,-1,-1,-1,-1,,,,,
34341,6111130,-1,1756,32,-1,-1,-1,-1,-1,-1,24,1,101,-1,-1,-1,-1,,,,,
34342,6111171,-1,1715,8,-1,-1,-1,-1,-1,-1,24,1,101,-1,-1,-1,-1,,,,,
34343,6111297,-1,19,1,-1,-1,-1,-1,-1,-1,15,1,12,-1,-1,-1,-1,,,,,
34345,6111408,-1,218,16,-1,-1,-1,-1,-1,-1,40,2,28,-1,-1,-1,-1,,,,,
34346,6111456,-1,323,16,-1,-1,-1,-1,-1,-1,40,2,28,-1,-1,-1,-1,,,,,
34348,6111535,-1,86,1,-1,-1,-1,-1,-1,-1,15,1,12,-1,-1,-1,-1,,,,,
34349,6111562,-1,77,1,-1,-1,-1,-1,-1,-1,15,1,12,-1,-1,-1,-1,,,,,
34352,6111644,-1,1242,4,-1,-1,-1,-1,-1,-1,15,1,19,-1,-1,-1,-1,,,,,
34353,6111666,-1,1220,2,-1,-1,-1,-1,-1,-1,15,1,20,-1,-1,-1,-1,,,,,
34354,6111680,-1,209,16,-1,-1,-1,-1,-1,-1,40,2,28,-1,-1,-1,-1,,,,,
34356,6111773,-1,23,2,-1,-1,-1,-1,-1,-1,23,1,439,-1,-1,-1,-1,,,,,
34357,6111839,-1,44,8,-1,-1,-1,-1,-1,-1,23,1,439,-1,-1,-1,-1,,,,,
34358,6111874,-1,21,1,-1,-1,-1,-1,-1,-1,4,1,4,-1,-1,-1,-1,,,,,
34359,6111986,-1,43,8,-1,-1,-1,-1,-1,-1,23,1,439,-1,-1,-1,-1,,,,,
34360,6112006,-1,207,32,-1,-1,-1,-1,-1,-1,4,1,3,-1,-1,-1,-1,,,,,
34361,6112052,-1,66,16,-1,-1,-1,-1,-1,-1,23,1,439,-1,-1,-1,-1,,,,,
34365,6112264,-1,66,16,-1,-1,-1,-1,-1,-1,23,1,439,-1,-1,-1,-1,,,,,
34367,6112345,-1,306,32,-1,-1,-1,-1,-1,-1,23,1,439,-1,-1,-1,-1,,,,,
34368,6112359,-1,79,2,-1,-1,-1,-1,-1,-1,57,1,370,-1,-1,-1,-1,,,,,
34370,6112434,-1,21,16,-1,-1,-1,-1,-1,-1,60,1,80,-1,-1,-1,-1,,,,,
34371,6112761,-1,125,8,-1,-1,-1,-1,-1,-1,58,1,442,-1,-1,-1,-1,,,,,
34372,6112773,-1,50,4,-1,-1,-1,-1,-1,-1,23,1,439,-1,-1,-1,-1,,,,,
34374,6113966,-1,48,1,-1,-1,-1,-1,-1,-1,15,1,12,-1,-1,-1,-1,,,,,
34375,6113979,-1,223,32,-1,-1,-1,-1,-1,-1,4,1,3,-1,-1,-1,-1,,,,,
34376,6114029,-1,60,1,-1,-1,-1,-1,-1,-1,15,1,12,-1,-1,-1,-1,,,,,
34377,6114094,-1,132,4,-1,-1,-1,-1,-1,-1,15,1,19,-1,-1,-1,-1,,,,,
34378,6114116,-1,119,2,-1,-1,-1,-1,-1,-1,15,1,20,-1,-1,-1,-1,,,,,
34379,6114205,-1,69,1,-1,-1,-1,-1,-1,-1,10,1,441,-1,-1,-1,-1,,,,,
34380,6114252,-1,175,32,-1,-1,-1,-1,-1,-1,4,1,3,-1,-1,-1,-1,,,,,
34381,6114291,-1,82,2,-1,-1,-1,-1,-1,-1,10,1,441,-1,-1,-1,-1,,,,,
34382,6114381,-1,6,1,-1,-1,-1,-1,-1,-1,15,1,102,-1,-1,-1,-1,,,,,
34383,6114393,-1,78,8,-1,-1,-1,-1,-1,-1,10,1,441,-1,-1,-1,-1,,,,,
34384,6114432,-1,14,1,-1,-1,-1,-1,-1,-1,4,1,2,-1,-1,-1,-1,,,,,
34385,6114435,-1,30,1,-1,-1,-1,-1,-1,-1,4,1,4,-1,-1,-1,-1,,,,,
34387,6114504,-1,63,1,-1,-1,-1,-1,-1,-1,10,1,441,-1,-1,-1,-1,,,,,
34388,6114581,-1,796,8,-1,-1,-1,-1,-1,-1,60,1,80,-1,-1,-1,-1,,,,,
34389,6114602,-1,97,2,-1,-1,-1,-1,-1,-1,10,1,441,-1,-1,-1,-1,,,,,
34390,6114641,-1,72,1,-1,-1,-1,-1,-1,-1,15,1,12,-1,-1,-1,-1,,,,,
34391,6114718,-1,151,32,-1,-1,-1,-1,-1,-1,4,1,3,-1,-1,-1,-1,,,,,
34392,6114735,-1,24,1,-1,-1,-1,-1,-1,-1,15,1,12,-1,-1,-1,-1,,,,,
34393,6114764,-1,3077,4,-1,-1,-1,-1,-1,-1,15,1,19,-1,-1,-1,-1,,,,,
34394,6114786,-1,3059,2,-1,-1,-1,-1,-1,-1,15,1,20,-1,-1,-1,-1,,,,,
34396,6114945,-1,71,32,-1,-1,-1,-1,-1,-1,23,1,134,-1,-1,-1,-1,,,,,
34397,6115072,-1,319,32,-1,-1,-1,-1,-1,-1,23,1,134,-1,-1,-1,-1,,,,,
34398,6115173,-1,61,1,-1,-1,-1,-1,-1,-1,58,1,379,-1,-1,-1,-1,,,,,
34400,6115307,-1,88,1,-1,-1,-1,-1,-1,-1,58,1,379,-1,-1,-1,-1,,,,,
34402,6115399,-1,336,8,-1,-1,-1,-1,-1,-1,60,1,80,-1,-1,-1,-1,,,,,
34404,6115451,-1,120,1,-1,-1,-1,-1,-1,-1,58,1,379,-1,-1,-1,-1,,,,,
34407,6115743,-1,81,8,-1,-1,-1,-1,-1,-1,60,1,80,-1,-1,-1,-1,,,,,
34408,6115967,-1,28,64,-1,-1,-1,-1,-1,-1,60,1,80,-1,-1,-1,-1,,,,,
34410,6116072,-1,195,64,-1,-1,-1,-1,-1,-1,60,1,80,-1,-1,-1,-1,,,,,
34411,6116413,-1,212,32,-1,-1,-1,-1,-1,-1,60,1,80,-1,-1,-1,-1,,,,,
34413,6116700,-1,13,1,-1,-1,-1,-1,-1,-1,9,2,9,-1,-1,-1,-1,,,,,
34415,6116832,-1,41,32,-1,-1,-1,-1,-1,-1,23,1,134,-1,-1,-1,-1,,,,,
34419,6116973,-1,40,32,-1,-1,-1,-1,-1,-1,23,1,134,-1,-1,-1,-1,,,,,
34421,6117128,-1,96,32,-1,-1,-1,-1,-1,-1,23,1,134,-1,-1,-1,-1,,,,,
34422,6117302,-1,278,32,-1,-1,-1,-1,-1,-1,23,1,134,-1,-1,-1,-1,,,,,
34424,6117686,-1,18,1,-1,-1,-1,-1,-1,-1,23,1,12,-1,-1,-1,-1,,,,,
34426,6117970,-1,446,128,-1,-1,-1,-1,-1,-1,23,1,134,-1,-1,-1,-1,,,,,
34428,6118980,-1,23,2,-1,-1,-1,-1,-1,-1,23,1,443,-1,-1,-1,-1,,,,,
34430,6119252,-1,19,2,-1,-1,-1,-1,-1,-1,23,1,444,-1,-1,-1,-1,,,,,
34431,6119325,-1,19,2,-1,-1,-1,-1,-1,-1,23,1,444,-1,-1,-1,-1,,,,,
34432,6119405,-1,21,2,-1,-1,-1,-1,-1,-1,23,1,444,-1,-1,-1,-1,,,,,
34433,6119433,-1,23,4,-1,-1,-1,-1,-1,-1,23,1,444,-1,-1,-1,-1,,,,,
34434,6119477,-1,104,32,-1,-1,-1,-1,-1,-1,23,1,444,-1,-1,-1,-1,,,,,
34436,6119628,-1,460,128,-1,-1,-1,-1,-1,-1,23,1,134,-1,-1,-1,-1,,,,,
34438,6120234,-1,469,128,-1,-1,-1,-1,-1,-1,23,1,134,-1,-1,-1,-1,,,,,
34446,6122446,-1,219,32,-1,-1,-1,-1,-1,-1,4,1,3,-1,-1,-1,-1,,,,,
34454,6123605,-1,10926,128,-1,-1,-1,-1,-1,-1,61,1,-1,-1,-1,-1,-1,,,,,
34455,6134536,-1,85,128,-1,-1,-1,-1,-1,-1,12,2,-1,-1,-1,-1,-1,,,,,
34463,6136002,-1,24,1,-1,-1,-1,-1,-1,-1,58,1,379,-1,-1,-1,-1,,,,,
34473,6139868,-1,83,1,-1,-1,-1,-1,-1,-1,58,1,379,-1,-1,-1,-1,,,,,
34474,6139962,-1,356,128,-1,-1,-1,-1,-1,-1,32,1,440,-1,-1,-1,-1,,,,,
34475,6140319,-1,48,1,-1,-1,-1,-1,-1,-1,58,1,379,-1,-1,-1,-1,,,,,
34476,6140537,-1,117,1,-1,-1,-1,-1,-1,-1,58,1,379,-1,-1,-1,-1,,,,,
34478,6140662,-1,90,128,-1,-1,-1,-1,-1,-1,32,1,440,-1,-1,-1,-1,,,,,
34480,6140801,-1,17,4,-1,-1,-1,-1,-1,-1,32,1,440,-1,-1,-1,-1,,,,,
34489,6143058,-1,171,1,-1,-1,-1,-1,-1,-1,58,1,379,-1,-1,-1,-1,,,,,
34496,6144181,-1,286,1,-1,-1,-1,-1,-1,-1,58,1,379,-1,-1,-1,-1,,,,,
34499,6144917,-1,121,1,-1,-1,-1,-1,-1,-1,58,1,379,-1,-1,-1,-1,,,,,
34505,6145254,-1,140,1,-1,-1,-1,-1,-1,-1,58,1,379,-1,-1,-1,-1,,,,,
34508,6146431,-1,284,1,-1,-1,-1,-1,-1,-1,58,1,379,-1,-1,-1,-1,,,,,
34514,6146805,-1,252,1,-1,-1,-1,-1,-1,-1,58,1,379,-1,-1,-1,-1,,,,,
34517,6147830,-1,1917,1,-1,-1,-1,-1,-1,-1,58,1,379,-1,-1,-1,-1,,,,,
34530,6149773,-1,943,1,-1,-1,-1,-1,-1,-1,58,1,379,-1,-1,-1,-1,,,,,
34533,6150725,-1,728,1,-1,-1,-1,-1,-1,-1,58,1,379,-1,-1,-1,-1,,,,,
34539,6151509,-1,127,1,-1,-1,-1,-1,-1,-1,58,1,379,-1,-1,-1,-1,,,,,
34542,6152123,-1,410,1,-1,-1,-1,-1,-1,-1,58,1,379,-1,-1,-1,-1,,,,,
34546,6152541,-1,103,1,-1,-1,-1,-1,-1,-1,58,1,379,-1,-1,-1,-1,,,,,
34548,6152656,-1,114,1,-1,-1,-1,-1,-1,-1,58,1,379,-1,-1,-1,-1,,,,,
34550,6153006,-1,123,1,-1,-1,-1,-1,-1,-1,58,1,379,-1,-1,-1,-1,,,,,
34552,6153254,-1,88,1,-1,-1,-1,-1,-1,-1,58,1,379,-1,-1,-1,-1,,,,,
34553,6153470,-1,126,1,-1,-1,-1,-1,-1,-1,58,1,379,-1,-1,-1,-1,,,,,
34560,6154367,-1,116,1,-1,-1,-1,-1,-1,-1,58,1,379,-1,-1,-1,-1,,,,,
34562,6154643,-1,112,1,-1,-1,-1,-1,-1,-1,58,1,379,-1,-1,-1,-1,,,,,
34569,6155832,-1,216,1,-1,-1,-1,-1,-1,-1,58,1,379,-1,-1,-1,-1,,,,,
34571,6156123,-1,123,1,-1,-1,-1,-1,-1,-1,58,1,379,-1,-1,-1,-1,,,,,
34572,6156281,-1,107,1,-1,-1,-1,-1,-1,-1,58,1,379,-1,-1,-1,-1,,,,,
34573,6156437,-1,120,1,-1,-1,-1,-1,-1,-1,58,1,379,-1,-1,-1,-1,,,,,
34602,6161886,-1,21,2,-1,-1,-1,-1,-1,-1,57,1,370,-1,-1,-1,-1,,,,,
34603,6162019,-1,20,2,-1,-1,-1,-1,-1,-1,57,1,370,-1,-1,-1,-1,,,,,
34604,6162218,-1,40,2,-1,-1,-1,-1,-1,-1,57,1,370,-1,-1,-1,-1,,,,,
34605,6162308,-1,54,2,-1,-1,-1,-1,-1,-1,57,1,370,-1,-1,-1,-1,,,,,
34608,6162709,-1,62,2,-1,-1,-1,-1,-1,-1,57,1,370,-1,-1,-1,-1,,,,,
34613,6162977,-1,146,2,-1,-1,-1,-1,-1,-1,57,1,370,-1,-1,-1,-1,,,,,
34614,6163322,-1,65,2,-1,-1,-1,-1,-1,-1,57,1,370,-1,-1,-1,-1,,,,,
34616,6163724,-1,70,2,-1,-1,-1,-1,-1,-1,23,1,445,-1,-1,-1,-1,,,,,
34617,6163819,-1,17,1,-1,-1,-1,-1,-1,-1,23,1,145,-1,-1,-1,-1,,,,,
34618,6163842,-1,83,2,-1,-1,-1,-1,-1,-1,57,1,370,-1,-1,-1,-1,,,,,
34619,6163850,-1,45,2,-1,-1,-1,-1,-1,-1,23,1,445,-1,-1,-1,-1,,,,,
34621,6163911,-1,20,1,-1,-1,-1,-1,-1,-1,23,1,145,-1,-1,-1,-1,,,,,
34622,6163940,-1,16,2,-1,-1,-1,-1,-1,-1,23,1,445,-1,-1,-1,-1,,,,,
34623,6163984,-1,23,2,-1,-1,-1,-1,-1,-1,23,1,445,-1,-1,-1,-1,,,,,
34624,6164021,-1,38,8,-1,-1,-1,-1,-1,-1,23,1,445,-1,-1,-1,-1,,,,,
34625,6164079,-1,97,32,-1,-1,-1,-1,-1,-1,23,1,445,-1,-1,-1,-1,,,,,
34627,6164247,-1,166,2,-1,-1,-1,-1,-1,-1,57,1,370,-1,-1,-1,-1,,,,,
34629,6164315,-1,117,32,-1,-1,-1,-1,-1,-1,23,1,445,-1,-1,-1,-1,,,,,
34633,6164730,-1,35,4,-1,-1,-1,-1,-1,-1,23,1,445,-1,-1,-1,-1,,,,,
34634,6164827,-1,85,2,-1,-1,-1,-1,-1,-1,57,1,370,-1,-1,-1,-1,,,,,
34636,6165007,-1,41,4,-1,-1,-1,-1,-1,-1,23,1,445,-1,-1,-1,-1,,,,,
34637,6165112,-1,41,4,-1,-1,-1,-1,-1,-1,23,1,445,-1,-1,-1,-1,,,,,
34638,6165186,-1,69,4,-1,-1,-1,-1,-1,-1,23,1,445,-1,-1,-1,-1,,,,,
34639,6165206,-1,120,2,-1,-1,-1,-1,-1,-1,57,1,370,-1,-1,-1,-1,,,,,
34641,6165584,-1,103,32,-1,-1,-1,-1,-1,-1,23,1,445,-1,-1,-1,-1,,,,,
34643,6165736,-1,137,32,-1,-1,-1,-1,-1,-1,23,1,443,-1,-1,-1,-1,,,,,
34645,6165799,-1,101,2,-1,-1,-1,-1,-1,-1,57,1,370,-1,-1,-1,-1,,,,,
34648,6165909,-1,92,32,-1,-1,-1,-1,-1,-1,23,1,443,-1,-1,-1,-1,,,,,
34649,6166117,-1,83,2,-1,-1,-1,-1,-1,-1,57,1,370,-1,-1,-1,-1,,,,,
34650,6166568,-1,140,2,-1,-1,-1,-1,-1,-1,57,1,370,-1,-1,-1,-1,,,,,
34651,6166807,-1,77,2,-1,-1,-1,-1,-1,-1,57,1,370,-1,-1,-1,-1,,,,,
34652,6167132,-1,78,2,-1,-1,-1,-1,-1,-1,57,1,370,-1,-1,-1,-1,,,,,
34653,6167418,-1,143,2,-1,-1,-1,-1,-1,-1,57,1,370,-1,-1,-1,-1,,,,,
34654,6168132,-1,133,2,-1,-1,-1,-1,-1,-1,57,1,370,-1,-1,-1,-1,,,,,
34655,6168201,-1,17,1,-1,-1,-1,-1,-1,-1,12,2,1,-1,-1,-1,-1,,,,,
34656,6168322,-1,97,128,-1,-1,-1,-1,-1,-1,12,2,14,-1,-1,-1,-1,,,,,
34657,6168424,-1,221,32,-1,-1,-1,-1,-1,-1,12,2,-1,-1,-1,-1,-1,,,,,
34658,6168437,-1,80,2,-1,-1,-1,-1,-1,-1,57,1,370,-1,-1,-1,-1,,,,,
34659,6168649,-1,94,128,-1,-1,-1,-1,-1,-1,12,2,-1,-1,-1,-1,-1,,,,,
34660,6168770,-1,69,2,-1,-1,-1,-1,-1,-1,57,1,370,-1,-1,-1,-1,,,,,
34661,6169025,-1,141,2,-1,-1,-1,-1,-1,-1,57,1,370,-1,-1,-1,-1,,,,,
34663,6170436,-1,109,2,-1,-1,-1,-1,-1,-1,57,1,370,-1,-1,-1,-1,,,,,
34665,6170702,-1,13,1,-1,-1,-1,-1,-1,-1,9,2,9,-1,-1,-1,-1,,,,,
34666,6170827,-1,94,2,-1,-1,-1,-1,-1,-1,57,1,370,-1,-1,-1,-1,,,,,
34668,6171157,-1,177,2,-1,-1,-1,-1,-1,-1,57,1,370,-1,-1,-1,-1,,,,,
34669,6171354,-1,150,2,-1,-1,-1,-1,-1,-1,57,1,370,-1,-1,-1,-1,,,,,
34675,6171905,-1,478,2,-1,-1,-1,-1,-1,-1,57,1,370,-1,-1,-1,-1,,,,,
34677,6172409,-1,158,2,-1,-1,-1,-1,-1,-1,57,1,370,-1,-1,-1,-1,,,,,
34679,6172705,-1,143,2,-1,-1,-1,-1,-1,-1,57,1,370,-1,-1,-1,-1,,,,,
34686,6173714,-1,35,1,-1,-1,-1,-1,-1,-1,15,1,12,-1,-1,-1,-1,,,,,
34687,6173762,-1,18,1,-1,-1,-1,-1,-1,-1,15,1,12,-1,-1,-1,-1,,,,,
34688,6173785,-1,2017,4,-1,-1,-1,-1,-1,-1,15,1,19,-1,-1,-1,-1,,,,,
34689,6173807,-1,1998,2,-1,-1,-1,-1,-1,-1,15,1,20,-1,-1,-1,-1,,,,,
34724,6180877,-1,94,2,-1,-1,-1,-1,-1,-1,57,1,370,-1,-1,-1,-1,,,,,
34726,6181001,-1,83,32,-1,-1,-1,-1,-1,-1,57,1,370,-1,-1,-1,-1,,,,,
34727,6181336,-1,930,32,-1,-1,-1,-1,-1,-1,4,1,3,-1,-1,-1,-1,,,,,
34729,6181644,-1,206,32,-1,-1,-1,-1,-1,-1,57,1,370,-1,-1,-1,-1,,,,,
34735,6182422,-1,158,32,-1,-1,-1,-1,-1,-1,4,1,3,-1,-1,-1,-1,,,,,
34737,6182658,-1,67,32,-1,-1,-1,-1,-1,-1,57,1,370,-1,-1,-1,-1,,,,,
34739,6182989,-1,40,2,-1,-1,-1,-1,-1,-1,57,1,370,-1,-1,-1,-1,,,,,
34740,6183271,-1,164,32,-1,-1,-1,-1,-1,-1,4,1,3,-1,-1,-1,-1,,,,,
34745,6183560,-1,181,32,-1,-1,-1,-1,-1,-1,4,1,3,-1,-1,-1,-1,,,,,
34747,6183591,-1,65,2,-1,-1,-1,-1,-1,-1,57,1,370,-1,-1,-1,-1,,,,,
34749,6184105,-1,77,2,-1,-1,-1,-1,-1,-1,57,1,370,-1,-1,-1,-1,,,,,
34750,6184271,-1,203,32,-1,-1,-1,-1,-1,-1,4,1,3,-1,-1,-1,-1,,,,,
34751,6184324,-1,124,2,-1,-1,-1,-1,-1,-1,57,1,370,-1,-1,-1,-1,,,,,
34753,6184654,-1,103,2,-1,-1,-1,-1,-1,-1,57,1,370,-1,-1,-1,-1,,,,,
34758,6185109,-1,41,2,-1,-1,-1,-1,-1,-1,57,1,370,-1,-1,-1,-1,,,,,
34760,6185241,-1,40,2,-1,-1,-1,-1,-1,-1,57,1,370,-1,-1,-1,-1,,,,,
34761,6185324,-1,41,2,-1,-1,-1,-1,-1,-1,23,1,446,-1,-1,-1,-1,,,,,
34762,6185369,-1,586,32,-1,-1,-1,-1,-1,-1,4,1,3,-1,-1,-1,-1,,,,,
34763,6185508,-1,49,2,-1,-1,-1,-1,-1,-1,57,1,370,-1,-1,-1,-1,,,,,
34764,6185565,-1,31,2,-1,-1,-1,-1,-1,-1,23,1,446,-1,-1,-1,-1,,,,,
34767,6185646,-1,25,2,-1,-1,-1,-1,-1,-1,23,1,447,-1,-1,-1,-1,,,,,
34769,6185686,-1,34,2,-1,-1,-1,-1,-1,-1,23,1,447,-1,-1,-1,-1,,,,,
34771,6185726,-1,29,2,-1,-1,-1,-1,-1,-1,23,1,446,-1,-1,-1,-1,,,,,
34772,6185839,-1,36,2,-1,-1,-1,-1,-1,-1,23,1,447,-1,-1,-1,-1,,,,,
34773,6185927,-1,58,2,-1,-1,-1,-1,-1,-1,57,1,370,-1,-1,-1,-1,,,,,
34776,6186093,-1,84,2,-1,-1,-1,-1,-1,-1,23,1,447,-1,-1,-1,-1,,,,,
34777,6186166,-1,2,1,-1,-1,-1,-1,-1,-1,14,2,1,-1,-1,-1,-1,,,,,
34778,6186193,-1,20,2,-1,-1,-1,-1,-1,-1,23,1,447,-1,-1,-1,-1,,,,,
34779,6186221,-1,35,2,-1,-1,-1,-1,-1,-1,23,1,447,-1,-1,-1,-1,,,,,
34781,6186948,-1,4,1,-1,-1,-1,-1,-1,-1,14,2,1,-1,-1,-1,-1,,,,,
34782,6186957,-1,10,16,-1,-1,-1,-1,-1,-1,14,2,1,-1,-1,-1,-1,,,,,
34784,6187020,-1,162,32,-1,-1,-1,-1,-1,-1,4,1,3,-1,-1,-1,-1,,,,,
34787,6187213,-1,31,2,-1,-1,-1,-1,-1,-1,23,1,447,-1,-1,-1,-1,,,,,
34788,6187305,-1,30,2,-1,-1,-1,-1,-1,-1,23,1,447,-1,-1,-1,-1,,,,,
34789,6187340,-1,32,2,-1,-1,-1,-1,-1,-1,23,1,446,-1,-1,-1,-1,,,,,
34790,6187387,-1,346,2,-1,-1,-1,-1,-1,-1,57,1,370,-1,-1,-1,-1,,,,,
34791,6187448,-1,25,2,-1,-1,-1,-1,-1,-1,23,1,446,-1,-1,-1,-1,,,,,
34792,6187479,-1,32,2,-1,-1,-1,-1,-1,-1,23,1,447,-1,-1,-1,-1,,,,,
34794,6187814,-1,15,2,-1,-1,-1,-1,-1,-1,57,1,370,-1,-1,-1,-1,,,,,
34795,6187873,-1,21,2,-1,-1,-1,-1,-1,-1,57,1,370,-1,-1,-1,-1,,,,,
34796,6187979,-1,6,1,-1,-1,-1,-1,-1,-1,23,1,145,-1,-1,-1,-1,,,,,
34797,6187994,-1,5,128,-1,-1,-1,-1,-1,-1,23,1,134,-1,-1,-1,-1,,,,,
34799,6188065,-1,14,1,-1,-1,-1,-1,-1,-1,23,1,145,-1,-1,-1,-1,,,,,
34800,6188120,-1,3,4,-1,-1,-1,-1,-1,-1,23,1,145,-1,-1,-1,-1,,,,,
34801,6188180,-1,3,4,-1,-1,-1,-1,-1,-1,23,1,145,-1,-1,-1,-1,,,,,
34802,6188211,-1,3,2,-1,-1,-1,-1,-1,-1,23,1,145,-1,-1,-1,-1,,,,,
34803,6188329,-1,3,2,-1,-1,-1,-1,-1,-1,23,1,145,-1,-1,-1,-1,,,,,
34807,6188426,-1,3,16,-1,-1,-1,-1,-1,-1,3,2,1,-1,-1,-1,-1,,,,,
34810,6188488,-1,3,2,-1,-1,-1,-1,-1,-1,57,1,370,-1,-1,-1,-1,,,,,
34812,6188683,-1,3,1,-1,-1,-1,-1,-1,-1,23,1,145,-1,-1,-1,-1,,,,,
34814,6188743,-1,3,1,-1,-1,-1,-1,-1,-1,14,2,1,-1,-1,-1,-1,,,,,
34816,6189411,-1,4,1,-1,-1,-1,-1,-1,-1,14,2,1,-1,-1,-1,-1,,,,,
34818,6189504,-1,324,128,-1,-1,-1,-1,-1,-1,23,1,134,-1,-1,-1,-1,,,,,
34819,6189856,-1,5,1,-1,-1,-1,-1,-1,-1,23,1,145,-1,-1,-1,-1,,,,,
34820,6189890,-1,194,128,-1,-1,-1,-1,-1,-1,23,1,134,-1,-1,-1,-1,,,,,
34821,6190117,-1,265,32,-1,-1,-1,-1,-1,-1,4,1,3,-1,-1,-1,-1,,,,,
34823,6190394,-1,129,32,-1,-1,-1,-1,-1,-1,4,1,3,-1,-1,-1,-1,,,,,
34824,6190627,-1,238,128,-1,-1,-1,-1,-1,-1,23,1,134,-1,-1,-1,-1,,,,,
34825,6190870,-1,311,32,-1,-1,-1,-1,-1,-1,4,1,3,-1,-1,-1,-1,,,,,
34826,6191202,-1,23,1,-1,-1,-1,-1,-1,-1,4,1,4,-1,-1,-1,-1,,,,,
34827,6191223,-1,369,32,-1,-1,-1,-1,-1,-1,4,1,3,-1,-1,-1,-1,,,,,
34829,6191342,-1,7,16,-1,-1,-1,-1,-1,-1,3,2,1,-1,-1,-1,-1,,,,,
34830,6191595,-1,24,1,-1,-1,-1,-1,-1,-1,4,1,4,-1,-1,-1,-1,,,,,
34831,6191622,-1,357,32,-1,-1,-1,-1,-1,-1,4,1,3,-1,-1,-1,-1,,,,,
34834,6191980,-1,14,1,-1,-1,-1,-1,-1,-1,4,1,4,-1,-1,-1,-1,,,,,
34835,6192109,-1,167,128,-1,-1,-1,-1,-1,-1,23,1,-1,-1,-1,-1,-1,,,,,
34836,6192339,-1,546,32,-1,-1,-1,-1,-1,-1,4,1,3,-1,-1,-1,-1,,,,,
34838,6192938,-1,583,32,-1,-1,-1,-1,-1,-1,4,1,3,-1,-1,-1,-1,,,,,
34844,6193522,-1,17,1,-1,-1,-1,-1,-1,-1,4,1,4,-1,-1,-1,-1,,,,,
34845,6193568,-1,495,32,-1,-1,-1,-1,-1,-1,4,1,3,-1,-1,-1,-1,,,,,
34848,6193925,-1,281,32,-1,-1,-1,-1,-1,-1,23,1,134,-1,-1,-1,-1,,,,,
34849,6194067,-1,24,1,-1,-1,-1,-1,-1,-1,4,1,4,-1,-1,-1,-1,,,,,
34850,6194070,-1,9,1,-1,-1,-1,-1,-1,-1,4,1,2,-1,-1,-1,-1,,,,,
34853,6194556,-1,80,1,-1,-1,-1,-1,-1,-1,58,1,379,-1,-1,-1,-1,,,,,
34855,6194836,-1,250,1,-1,-1,-1,-1,-1,-1,58,1,379,-1,-1,-1,-1,,,,,
34857,6195107,-1,86,1,-1,-1,-1,-1,-1,-1,58,1,379,-1,-1,-1,-1,,,,,
34861,6195306,-1,126,1,-1,-1,-1,-1,-1,-1,58,1,379,-1,-1,-1,-1,,,,,
34864,6195834,-1,673,1,-1,-1,-1,-1,-1,-1,58,1,379,-1,-1,-1,-1,,,,,
34865,6195911,-1,178,32,-1,-1,-1,-1,-1,-1,4,1,3,-1,-1,-1,-1,,,,,
34866,6196128,-1,436,32,-1,-1,-1,-1,-1,-1,4,1,3,-1,-1,-1,-1,,,,,
34868,6196566,-1,19,1,-1,-1,-1,-1,-1,-1,4,1,4,-1,-1,-1,-1,,,,,
34869,6196570,-1,7,1,-1,-1,-1,-1,-1,-1,4,1,2,-1,-1,-1,-1,,,,,
34871,6196672,-1,967,32,-1,-1,-1,-1,-1,-1,4,1,3,-1,-1,-1,-1,,,,,
34876,6196940,-1,387,1,-1,-1,-1,-1,-1,-1,58,1,379,-1,-1,-1,-1,,,,,
34878,6197556,-1,173,1,-1,-1,-1,-1,-1,-1,58,1,379,-1,-1,-1,-1,,,,,
34879,6197690,-1,171,32,-1,-1,-1,-1,-1,-1,4,1,3,-1,-1,-1,-1,,,,,
34881,6197932,-1,143,1,-1,-1,-1,-1,-1,-1,58,1,379,-1,-1,-1,-1,,,,,
34883,6198188,-1,672,32,-1,-1,-1,-1,-1,-1,4,1,3,-1,-1,-1,-1,,,,,
34887,6198377,-1,145,1,-1,-1,-1,-1,-1,-1,58,1,379,-1,-1,-1,-1,,,,,
34889,6198698,-1,195,1,-1,-1,-1,-1,-1,-1,58,1,379,-1,-1,-1,-1,,,,,
34891,6198865,-1,22,1,-1,-1,-1,-1,-1,-1,4,1,4,-1,-1,-1,-1,,,,,
34892,6198891,-1,5,1,-1,-1,-1,-1,-1,-1,4,1,2,-1,-1,-1,-1,,,,,
34893,6198902,-1,7,1,-1,-1,-1,-1,-1,-1,4,1,2,-1,-1,-1,-1,,,,,
34895,6199381,-1,198,32,-1,-1,-1,-1,-1,-1,4,1,3,-1,-1,-1,-1,,,,,
34901,6199857,-1,239,1,-1,-1,-1,-1,-1,-1,58,1,379,-1,-1,-1,-1,,,,,
34902,6199939,-1,517,32,-1,-1,-1,-1,-1,-1,4,1,3,-1,-1,-1,-1,,,,,
34904,6200458,-1,22,1,-1,-1,-1,-1,-1,-1,4,1,4,-1,-1,-1,-1,,,,,
34905,6200466,-1,6,1,-1,-1,-1,-1,-1,-1,4,1,2,-1,-1,-1,-1,,,,,
34906,6200475,-1,9,1,-1,-1,-1,-1,-1,-1,4,1,2,-1,-1,-1,-1,,,,,
34907,6200506,-1,261,1,-1,-1,-1,-1,-1,-1,58,1,379,-1,-1,-1,-1,,,,,
34908,6200594,-1,455,64,-1,-1,-1,-1,-1,-1,4,1,3,-1,-1,-1,-1,,,,,
34909,6200748,-1,232,32,-1,-1,-1,-1,-1,-1,12,2,-1,-1,-1,-1,-1,,,,,
34913,6201215,-1,283,64,-1,-1,-1,-1,-1,-1,4,1,3,-1,-1,-1,-1,,,,,
34917,6201444,-1,102,1,-1,-1,-1,-1,-1,-1,58,1,379,-1,-1,-1,-1,,,,,
34918,6201693,-1,460,64,-1,-1,-1,-1,-1,-1,4,1,3,-1,-1,-1,-1,,,,,
34921,6202603,-1,418,64,-1,-1,-1,-1,-1,-1,4,1,3,-1,-1,-1,-1,,,,,
34927,6203102,-1,18,1,-1,-1,-1,-1,-1,-1,9,2,9,-1,-1,-1,-1,,,,,
34928,6203113,-1,201,64,-1,-1,-1,-1,-1,-1,4,1,3,-1,-1,-1,-1,,,,,
34930,6203428,-1,137,1,-1,-1,-1,-1,-1,-1,58,1,379,-1,-1,-1,-1,,,,,
34936,6204296,-1,60,1,-1,-1,-1,-1,-1,-1,58,1,379,-1,-1,-1,-1,,,,,
34938,6204644,-1,93,2,-1,-1,-1,-1,-1,-1,57,1,370,-1,-1,-1,-1,,,,,
34940,6204914,-1,217,32,-1,-1,-1,-1,-1,-1,57,1,370,-1,-1,-1,-1,,,,,
34942,6205325,-1,408,32,-1,-1,-1,-1,-1,-1,57,1,370,-1,-1,-1,-1,,,,,
34954,6207208,-1,56,128,-1,-1,-1,-1,-1,-1,57,1,370,-1,-1,-1,-1,,,,,
34955,6207332,-1,767,128,-1,-1,-1,-1,-1,-1,57,1,370,-1,-1,-1,-1,,,,,
34957,6208433,-1,272,64,-1,-1,-1,-1,-1,-1,4,1,3,-1,-1,-1,-1,,,,,
34959,6208754,-1,391,64,-1,-1,-1,-1,-1,-1,4,1,3,-1,-1,-1,-1,,,,,
34961,6209147,-1,8,1,-1,-1,-1,-1,-1,-1,4,1,4,-1,-1,-1,-1,,,,,
34962,6209352,-1,89,32,-1,-1,-1,-1,-1,-1,57,1,370,-1,-1,-1,-1,,,,,
34966,6209541,-1,19,1,-1,-1,-1,-1,-1,-1,4,1,2,-1,-1,-1,-1,,,,,
34969,6209828,-1,4,32,-1,-1,-1,-1,-1,-1,57,1,370,-1,-1,-1,-1,,,,,
34970,6209944,-1,16,1,-1,-1,-1,-1,-1,-1,57,1,145,-1,-1,-1,-1,,,,,
34971,6210005,-1,514,32,-1,-1,-1,-1,-1,-1,57,1,370,-1,-1,-1,-1,,,,,
34972,6210008,-1,9196,64,-1,-1,-1,-1,-1,-1,4,1,-1,-1,-1,-1,-1,,,,,
34979,6211029,-1,393,32,-1,-1,-1,-1,-1,-1,57,1,370,-1,-1,-1,-1,,,,,
35017,6218853,-1,50,1,-1,-1,-1,-1,-1,-1,51,1,324,-1,-1,-1,-1,,,,,
35018,6218936,-1,274,8,-1,-1,-1,-1,-1,-1,51,1,324,-1,-1,-1,-1,,,,,
35019,6219217,-1,10930,128,-1,-1,-1,-1,-1,-1,61,1,-1,-1,-1,-1,-1,,,,,
35020,6230151,-1,10924,64,-1,-1,-1,-1,-1,-1,4,1,-1,-1,-1,-1,-1,,,,,
35068,6242731,-1,186,16,-1,-1,-1,-1,-1,-1,57,1,370,-1,-1,-1,-1,,,,,
35069,6243379,-1,67,16,-1,-1,-1,-1,-1,-1,57,1,370,-1,-1,-1,-1,,,,,
35070,6244659,-1,197,16,-1,-1,-1,-1,-1,-1,57,1,370,-1,-1,-1,-1,,,,,
35071,6244983,-1,222,16,-1,-1,-1,-1,-1,-1,57,1,370,-1,-1,-1,-1,,,,,
35072,6245303,-1,125,16,-1,-1,-1,-1,-1,-1,57,1,370,-1,-1,-1,-1,,,,,
35073,6246043,-1,206,16,-1,-1,-1,-1,-1,-1,57,1,370,-1,-1,-1,-1,,,,,
35074,6246486,-1,173,16,-1,-1,-1,-1,-1,-1,57,1,370,-1,-1,-1,-1,,,,,
35075,6246925,-1,396,32,-1,-1,-1,-1,-1,-1,57,1,370,-1,-1,-1,-1,,,,,
35076,6249709,-1,420,32,-1,-1,-1,-1,-1,-1,57,1,370,-1,-1,-1,-1,,,,,
35077,6250828,-1,4978,64,-1,-1,-1,-1,-1,-1,4,1,3,-1,-1,-1,-1,,,,,
35088,6253356,-1,97,32,-1,-1,-1,-1,-1,-1,57,1,370,-1,-1,-1,-1,,,,,
35089,6253728,-1,77,16,-1,-1,-1,-1,-1,-1,57,1,370,-1,-1,-1,-1,,,,,
35091,6253889,-1,471,16,-1,-1,-1,-1,-1,-1,57,1,370,-1,-1,-1,-1,,,,,
35092,6253967,-1,18,1,-1,-1,-1,-1,-1,-1,4,1,4,-1,-1,-1,-1,,,,,
35098,6254543,-1,453,16,-1,-1,-1,-1,-1,-1,57,1,370,-1,-1,-1,-1,,,,,
35099,6254651,-1,219,32,-1,-1,-1,-1,-1,-1,12,2,-1,-1,-1,-1,-1,,,,,
35101,6255143,-1,238,16,-1,-1,-1,-1,-1,-1,57,1,370,-1,-1,-1,-1,,,,,
35103,6255326,-1,21,1,-1,-1,-1,-1,-1,-1,4,1,4,-1,-1,-1,-1,,,,,
35104,6255526,-1,354,32,-1,-1,-1,-1,-1,-1,57,1,370,-1,-1,-1,-1,,,,,
35110,6255809,-1,13,1,-1,-1,-1,-1,-1,-1,4,1,4,-1,-1,-1,-1,,,,,
35111,6255858,-1,8,1,-1,-1,-1,-1,-1,-1,4,1,2,-1,-1,-1,-1,,,,,
35112,6256047,-1,393,32,-1,-1,-1,-1,-1,-1,57,1,370,-1,-1,-1,-1,,,,,
35114,6256338,-1,286,64,-1,-1,-1,-1,-1,-1,4,1,3,-1,-1,-1,-1,,,,,
35115,6256621,-1,15,1,-1,-1,-1,-1,-1,-1,4,1,2,-1,-1,-1,-1,,,,,
35116,6256628,-1,23,1,-1,-1,-1,-1,-1,-1,4,1,4,-1,-1,-1,-1,,,,,
35118,6256781,-1,275,64,-1,-1,-1,-1,-1,-1,4,1,3,-1,-1,-1,-1,,,,,
35121,6257058,-1,20,1,-1,-1,-1,-1,-1,-1,4,1,4,-1,-1,-1,-1,,,,,
35122,6257086,-1,12,1,-1,-1,-1,-1,-1,-1,4,1,2,-1,-1,-1,-1,,,,,
35123,6257104,-1,17,1,-1,-1,-1,-1,-1,-1,9,2,9,-1,-1,-1,-1,,,,,
35125,6257163,-1,207,64,-1,-1,-1,-1,-1,-1,4,1,3,-1,-1,-1,-1,,,,,
35137,6259723,-1,209,64,-1,-1,-1,-1,-1,-1,4,1,3,-1,-1,-1,-1,,,,,
35140,6259955,-1,298,64,-1,-1,-1,-1,-1,-1,4,1,3,-1,-1,-1,-1,,,,,
35144,6260250,-1,12,1,-1,-1,-1,-1,-1,-1,4,1,2,-1,-1,-1,-1,,,,,
35145,6260255,-1,15,1,-1,-1,-1,-1,-1,-1,4,1,4,-1,-1,-1,-1,,,,,
35146,6260310,-1,287,64,-1,-1,-1,-1,-1,-1,4,1,3,-1,-1,-1,-1,,,,,
35148,6260734,-1,545,64,-1,-1,-1,-1,-1,-1,4,1,3,-1,-1,-1,-1,,,,,
35153,6261414,-1,408,64,-1,-1,-1,-1,-1,-1,4,1,3,-1,-1,-1,-1,,,,,
35156,6261762,-1,234,32,-1,-1,-1,-1,-1,-1,57,1,370,-1,-1,-1,-1,,,,,
35157,6261819,-1,11,1,-1,-1,-1,-1,-1,-1,4,1,2,-1,-1,-1,-1,,,,,
35158,6261823,-1,22,1,-1,-1,-1,-1,-1,-1,4,1,4,-1,-1,-1,-1,,,,,
35159,6261905,-1,158,64,-1,-1,-1,-1,-1,-1,4,1,3,-1,-1,-1,-1,,,,,
35161,6262085,-1,475,32,-1,-1,-1,-1,-1,-1,57,1,370,-1,-1,-1,-1,,,,,
35162,6262233,-1,323,64,-1,-1,-1,-1,-1,-1,4,1,3,-1,-1,-1,-1,,,,,
35164,6262811,-1,460,64,-1,-1,-1,-1,-1,-1,4,1,3,-1,-1,-1,-1,,,,,
35166,6262856,-1,405,32,-1,-1,-1,-1,-1,-1,57,1,370,-1,-1,-1,-1,,,,,
35171,6263470,-1,258,64,-1,-1,-1,-1,-1,-1,4,1,3,-1,-1,-1,-1,,,,,
35173,6263730,-1,23,1,-1,-1,-1,-1,-1,-1,4,1,4,-1,-1,-1,-1,,,,,
35174,6263740,-1,123,32,-1,-1,-1,-1,-1,-1,57,1,370,-1,-1,-1,-1,,,,,
35177,6270973,-1,215,32,-1,-1,-1,-1,-1,-1,12,2,-1,-1,-1,-1,-1,,,,,
35178,6271298,-1,310,64,-1,-1,-1,-1,-1,-1,4,1,3,-1,-1,-1,-1,,,,,
35179,6271672,-1,294,64,-1,-1,-1,-1,-1,-1,4,1,3,-1,-1,-1,-1,,,,,
35184,6272193,-1,380,64,-1,-1,-1,-1,-1,-1,4,1,3,-1,-1,-1,-1,,,,,
35185,6272575,-1,23,1,-1,-1,-1,-1,-1,-1,4,1,4,-1,-1,-1,-1,,,,,
35186,6272587,-1,12,1,-1,-1,-1,-1,-1,-1,4,1,2,-1,-1,-1,-1,,,,,
35187,6272644,-1,279,64,-1,-1,-1,-1,-1,-1,4,1,3,-1,-1,-1,-1,,,,,
35192,6273865,-1,381,64,-1,-1,-1,-1,-1,-1,4,1,3,-1,-1,-1,-1,,,,,
35193,6274247,-1,15,1,-1,-1,-1,-1,-1,-1,4,1,4,-1,-1,-1,-1,,,,,
35194,6274395,-1,100,1,-1,-1,-1,-1,-1,-1,58,1,379,-1,-1,-1,-1,,,,,
35195,6274451,-1,294,64,-1,-1,-1,-1,-1,-1,4,1,3,-1,-1,-1,-1,,,,,
35197,6274610,-1,144,1,-1,-1,-1,-1,-1,-1,58,1,379,-1,-1,-1,-1,,,,,
35200,6274747,-1,24,1,-1,-1,-1,-1,-1,-1,4,1,4,-1,-1,-1,-1,,,,,
35202,6275013,-1,8,1,-1,-1,-1,-1,-1,-1,4,1,2,-1,-1,-1,-1,,,,,
35203,6275090,-1,14983,64,-1,-1,-1,-1,-1,-1,4,1,3,-1,-1,-1,-1,,,,,
35205,6275912,-1,86,32,-1,-1,-1,-1,-1,-1,57,1,370,-1,-1,-1,-1,,,,,
35208,6276029,-1,947,32,-1,-1,-1,-1,-1,-1,57,1,370,-1,-1,-1,-1,,,,,
35218,6278945,-1,124,1,-1,-1,-1,-1,-1,-1,58,1,379,-1,-1,-1,-1,,,,,
35219,6279226,-1,99,1,-1,-1,-1,-1,-1,-1,58,1,379,-1,-1,-1,-1,,,,,
35224,6286443,-1,421,32,-1,-1,-1,-1,-1,-1,57,1,370,-1,-1,-1,-1,,,,,
35225,6286900,-1,476,64,-1,-1,-1,-1,-1,-1,57,1,370,-1,-1,-1,-1,,,,,
35226,6287431,-1,450,16,-1,-1,-1,-1,-1,-1,57,1,370,-1,-1,-1,-1,,,,,
35227,6288079,-1,453,64,-1,-1,-1,-1,-1,-1,57,1,370,-1,-1,-1,-1,,,,,
35228,6288580,-1,372,32,-1,-1,-1,-1,-1,-1,57,1,370,-1,-1,-1,-1,,,,,
35229,6288996,-1,587,16,-1,-1,-1,-1,-1,-1,57,1,370,-1,-1,-1,-1,,,,,
35230,6289501,-1,16,1,-1,-1,-1,-1,-1,-1,9,2,9,-1,-1,-1,-1,,,,,
35231,6296405,-1,10925,128,-1,-1,-1,-1,-1,-1,61,1,-1,-1,-1,-1,-1,,,,,
35232,6307336,-1,87,128,-1,-1,-1,-1,-1,-1,12,2,-1,-1,-1,-1,-1,,,,,
35255,6310354,-1,395,64,-1,-1,-1,-1,-1,-1,4,1,3,-1,-1,-1,-1,,,,,
35258,6310751,-1,26,1,-1,-1,-1,-1,-1,-1,4,1,4,-1,-1,-1,-1,,,,,
35261,6310826,-1,10927,64,-1,-1,-1,-1,-1,-1,4,1,-1,-1,-1,-1,-1,,,,,
35262,6310828,-1,16,1,-1,-1,-1,-1,-1,-1,4,1,2,-1,-1,-1,-1,,,,,
35284,6313043,-1,96,1,-1,-1,-1,-1,-1,-1,58,1,379,-1,-1,-1,-1,,,,,
35285,6313190,-1,146,1,-1,-1,-1,-1,-1,-1,58,1,379,-1,-1,-1,-1,,,,,
35288,6313423,-1,127,1,-1,-1,-1,-1,-1,-1,58,1,379,-1,-1,-1,-1,,,,,
35312,6316700,-1,122,1,-1,-1,-1,-1,-1,-1,58,1,379,-1,-1,-1,-1,,,,,
35313,6316852,-1,105,1,-1,-1,-1,-1,-1,-1,58,1,379,-1,-1,-1,-1,,,,,
35366,6322648,-1,127,1,-1,-1,-1,-1,-1,-1,58,1,379,-1,-1,-1,-1,,,,,
35368,6322846,-1,118,1,-1,-1,-1,-1,-1,-1,58,1,379,-1,-1,-1,-1,,,,,
35374,6323217,-1,98,1,-1,-1,-1,-1,-1,-1,58,1,379,-1,-1,-1,-1,,,,,
35375,6323350,-1,111,1,-1,-1,-1,-1,-1,-1,58,1,379,-1,-1,-1,-1,,,,,
35421,6328761,-1,159,1,-1,-1,-1,-1,-1,-1,58,1,379,-1,-1,-1,-1,,,,,
35428,6329006,-1,96,1,-1,-1,-1,-1,-1,-1,58,1,379,-1,-1,-1,-1,,,,,
35429,6329281,-1,117,1,-1,-1,-1,-1,-1,-1,58,1,379,-1,-1,-1,-1,,,,,
35434,6329918,-1,110,1,-1,-1,-1,-1,-1,-1,58,1,379,-1,-1,-1,-1,,,,,
35493,6336518,-1,5162,64,-1,-1,-1,-1,-1,-1,4,1,3,-1,-1,-1,-1,,,,,
35509,6338234,-1,111,64,-1,-1,-1,-1,-1,-1,41,1,28,-1,-1,-1,-1,,,,,
35511,6338440,-1,0,64,-1,-1,-1,-1,-1,-1,41,1,28,-1,-1,-1,-1,,,,,
35512,6338451,-1,106,64,-1,-1,-1,-1,-1,-1,41,1,28,-1,-1,-1,-1,,,,,
35513,6338642,-1,0,64,-1,-1,-1,-1,-1,-1,41,1,28,-1,-1,-1,-1,,,,,
35514,6338651,-1,106,64,-1,-1,-1,-1,-1,-1,41,1,28,-1,-1,-1,-1,,,,,
35516,6338830,-1,0,64,-1,-1,-1,-1,-1,-1,41,1,28,-1,-1,-1,-1,,,,,
35517,6338841,-1,107,64,-1,-1,-1,-1,-1,-1,41,1,28,-1,-1,-1,-1,,,,,
35518,6339025,-1,111,64,-1,-1,-1,-1,-1,-1,41,1,28,-1,-1,-1,-1,,,,,
35521,6339229,-1,1,64,-1,-1,-1,-1,-1,-1,41,1,28,-1,-1,-1,-1,,,,,
35522,6339241,-1,107,64,-1,-1,-1,-1,-1,-1,41,1,28,-1,-1,-1,-1,,,,,
35523,6339366,-1,56,4,-1,-1,-1,-1,-1,-1,55,1,347,-1,-1,-1,-1,,,,,
35524,6339438,-1,0,64,-1,-1,-1,-1,-1,-1,41,1,28,-1,-1,-1,-1,,,,,
35525,6339456,-1,105,64,-1,-1,-1,-1,-1,-1,41,1,28,-1,-1,-1,-1,,,,,
35526,6339625,-1,56,4,-1,-1,-1,-1,-1,-1,55,1,347,-1,-1,-1,-1,,,,,
35527,6339722,-1,123,64,-1,-1,-1,-1,-1,-1,41,1,28,-1,-1,-1,-1,,,,,
35528,6339915,-1,0,64,-1,-1,-1,-1,-1,-1,41,1,28,-1,-1,-1,-1,,,,,
35529,6339923,-1,107,64,-1,-1,-1,-1,-1,-1,41,1,28,-1,-1,-1,-1,,,,,
35530,6340123,-1,0,64,-1,-1,-1,-1,-1,-1,41,1,28,-1,-1,-1,-1,,,,,
35531,6340146,-1,107,64,-1,-1,-1,-1,-1,-1,41,1,28,-1,-1,-1,-1,,,,,
35532,6340323,-1,56,4,-1,-1,-1,-1,-1,-1,55,1,347,-1,-1,-1,-1,,,,,
35533,6340408,-1,106,64,-1,-1,-1,-1,-1,-1,41,1,28,-1,-1,-1,-1,,,,,
35534,6340559,-1,108,64,-1,-1,-1,-1,-1,-1,41,1,28,-1,-1,-1,-1,,,,,
35535,6340702,-1,223,32,-1,-1,-1,-1,-1,-1,12,2,-1,-1,-1,-1,-1,,,,,
35536,6340842,-1,21,8,-1,-1,-1,-1,-1,-1,21,1,262,-1,-1,-1,-1,,,,,
35537,6340896,-1,665,8,-1,-1,-1,-1,-1,-1,21,1,262,-1,-1,-1,-1,,,,,
35538,6341072,-1,56,4,-1,-1,-1,-1,-1,-1,55,1,347,-1,-1,-1,-1,,,,,
35540,6341602,-1,118,64,-1,-1,-1,-1,-1,-1,41,1,28,-1,-1,-1,-1,,,,,
35542,6341766,-1,121,64,-1,-1,-1,-1,-1,-1,41,1,28,-1,-1,-1,-1,,,,,
35543,6341870,-1,193,64,-1,-1,-1,-1,-1,-1,4,1,3,-1,-1,-1,-1,,,,,
35544,6341952,-1,122,64,-1,-1,-1,-1,-1,-1,41,1,28,-1,-1,-1,-1,,,,,
35545,6342115,-1,0,64,-1,-1,-1,-1,-1,-1,41,1,28,-1,-1,-1,-1,,,,,
35546,6342125,-1,121,64,-1,-1,-1,-1,-1,-1,41,1,28,-1,-1,-1,-1,,,,,
35547,6342133,-1,274,16,-1,-1,-1,-1,-1,-1,40,2,28,-1,-1,-1,-1,,,,,
35548,6342222,-1,151,4,-1,-1,-1,-1,-1,-1,55,1,347,-1,-1,-1,-1,,,,,
35550,6342291,-1,130,64,-1,-1,-1,-1,-1,-1,41,1,28,-1,-1,-1,-1,,,,,
35551,6342406,-1,23,1,-1,-1,-1,-1,-1,-1,4,1,4,-1,-1,-1,-1,,,,,
35552,6342431,-1,177,32,-1,-1,-1,-1,-1,-1,4,1,3,-1,-1,-1,-1,,,,,
35553,6342459,-1,127,64,-1,-1,-1,-1,-1,-1,41,1,28,-1,-1,-1,-1,,,,,
35554,6342546,-1,462,8,-1,-1,-1,-1,-1,-1,21,1,262,-1,-1,-1,-1,,,,,
35555,6342552,-1,326,16,-1,-1,-1,-1,-1,-1,40,2,28,-1,-1,-1,-1,,,,,
35556,6342638,-1,122,64,-1,-1,-1,-1,-1,-1,41,1,28,-1,-1,-1,-1,,,,,
35558,6342664,-1,756,32,-1,-1,-1,-1,-1,-1,4,1,3,-1,-1,-1,-1,,,,,
35560,6342763,-1,172,4,-1,-1,-1,-1,-1,-1,55,1,347,-1,-1,-1,-1,,,,,
35562,6342822,-1,75,64,-1,-1,-1,-1,-1,-1,41,1,28,-1,-1,-1,-1,,,,,
35564,6342938,-1,273,4,-1,-1,-1,-1,-1,-1,55,1,347,-1,-1,-1,-1,,,,,
35565,6342943,-1,40,64,-1,-1,-1,-1,-1,-1,41,1,28,-1,-1,-1,-1,,,,,
35567,6343019,-1,39,64,-1,-1,-1,-1,-1,-1,41,1,28,-1,-1,-1,-1,,,,,
35568,6343051,-1,266,16,-1,-1,-1,-1,-1,-1,40,2,28,-1,-1,-1,-1,,,,,
35569,6343103,-1,31,64,-1,-1,-1,-1,-1,-1,41,1,28,-1,-1,-1,-1,,,,,
35570,6343165,-1,32,64,-1,-1,-1,-1,-1,-1,41,1,28,-1,-1,-1,-1,,,,,
35571,6343231,-1,36,64,-1,-1,-1,-1,-1,-1,41,1,28,-1,-1,-1,-1,,,,,
35572,6343298,-1,37,64,-1,-1,-1,-1,-1,-1,41,1,28,-1,-1,-1,-1,,,,,
35573,6343349,-1,279,16,-1,-1,-1,-1,-1,-1,40,2,28,-1,-1,-1,-1,,,,,
35574,6343389,-1,41,64,-1,-1,-1,-1,-1,-1,41,1,28,-1,-1,-1,-1,,,,,
35576,6343476,-1,23,64,-1,-1,-1,-1,-1,-1,41,1,28,-1,-1,-1,-1,,,,,
35577,6343502,-1,27,1,-1,-1,-1,-1,-1,-1,9,2,9,-1,-1,-1,-1,,,,,
35578,6343539,-1,83,4,-1,-1,-1,-1,-1,-1,55,1,347,-1,-1,-1,-1,,,,,
35579,6343604,-1,434,32,-1,-1,-1,-1,-1,-1,4,1,3,-1,-1,-1,-1,,,,,
35580,6343687,-1,37,64,-1,-1,-1,-1,-1,-1,41,1,28,-1,-1,-1,-1,,,,,
35581,6343688,-1,273,16,-1,-1,-1,-1,-1,-1,40,2,28,-1,-1,-1,-1,,,,,
35582,6343790,-1,49,64,-1,-1,-1,-1,-1,-1,41,1,28,-1,-1,-1,-1,,,,,
35583,6343858,-1,41,64,-1,-1,-1,-1,-1,-1,41,1,28,-1,-1,-1,-1,,,,,
35584,6343948,-1,39,64,-1,-1,-1,-1,-1,-1,41,1,28,-1,-1,-1,-1,,,,,
35585,6343966,-1,125,4,-1,-1,-1,-1,-1,-1,55,1,347,-1,-1,-1,-1,,,,,
35587,6344010,-1,274,16,-1,-1,-1,-1,-1,-1,40,2,28,-1,-1,-1,-1,,,,,
35588,6344049,-1,60,64,-1,-1,-1,-1,-1,-1,41,1,28,-1,-1,-1,-1,,,,,
35589,6344051,-1,28,1,-1,-1,-1,-1,-1,-1,4,1,4,-1,-1,-1,-1,,,,,
35590,6344094,-1,76,4,-1,-1,-1,-1,-1,-1,55,1,347,-1,-1,-1,-1,,,,,
35591,6344151,-1,36,64,-1,-1,-1,-1,-1,-1,41,1,28,-1,-1,-1,-1,,,,,
35592,6344228,-1,37,64,-1,-1,-1,-1,-1,-1,41,1,28,-1,-1,-1,-1,,,,,
35593,6344288,-1,1,64,-1,-1,-1,-1,-1,-1,41,1,28,-1,-1,-1,-1,,,,,
35594,6344296,-1,31,64,-1,-1,-1,-1,-1,-1,41,1,28,-1,-1,-1,-1,,,,,
35596,6344354,-1,276,16,-1,-1,-1,-1,-1,-1,40,2,28,-1,-1,-1,-1,,,,,
35597,6344367,-1,46,64,-1,-1,-1,-1,-1,-1,41,1,28,-1,-1,-1,-1,,,,,
35599,6344443,-1,34,64,-1,-1,-1,-1,-1,-1,41,1,28,-1,-1,-1,-1,,,,,
35601,6344485,-1,10,1,-1,-1,-1,-1,-1,-1,4,1,2,-1,-1,-1,-1,,,,,
35602,6344503,-1,0,64,-1,-1,-1,-1,-1,-1,41,1,28,-1,-1,-1,-1,,,,,
35603,6344511,-1,41,64,-1,-1,-1,-1,-1,-1,41,1,28,-1,-1,-1,-1,,,,,
35605,6344598,-1,53,64,-1,-1,-1,-1,-1,-1,41,1,28,-1,-1,-1,-1,,,,,
35606,6344599,-1,204,32,-1,-1,-1,-1,-1,-1,4,1,3,-1,-1,-1,-1,,,,,
35608,6344684,-1,285,16,-1,-1,-1,-1,-1,-1,40,2,28,-1,-1,-1,-1,,,,,
35609,6344736,-1,61,64,-1,-1,-1,-1,-1,-1,41,1,28,-1,-1,-1,-1,,,,,
35610,6344775,-1,72,4,-1,-1,-1,-1,-1,-1,55,1,347,-1,-1,-1,-1,,,,,
35611,6344931,-1,411,32,-1,-1,-1,-1,-1,-1,4,1,3,-1,-1,-1,-1,,,,,
35613,6345343,-1,14,1,-1,-1,-1,-1,-1,-1,4,1,4,-1,-1,-1,-1,,,,,
35614,6345445,-1,189,4,-1,-1,-1,-1,-1,-1,60,1,80,-1,-1,-1,-1,,,,,
35615,6345511,-1,8,1,-1,-1,-1,-1,-1,-1,4,1,2,-1,-1,-1,-1,,,,,
35617,6345572,-1,256,32,-1,-1,-1,-1,-1,-1,4,1,3,-1,-1,-1,-1,,,,,
35618,6345643,-1,88,16,-1,-1,-1,-1,-1,-1,60,1,80,-1,-1,-1,-1,,,,,
35620,6345954,-1,456,32,-1,-1,-1,-1,-1,-1,4,1,3,-1,-1,-1,-1,,,,,
35624,6346157,-1,116,64,-1,-1,-1,-1,-1,-1,41,1,28,-1,-1,-1,-1,,,,,
35626,6346242,-1,86,4,-1,-1,-1,-1,-1,-1,5,2,11,-1,-1,-1,-1,,,,,
35627,6346345,-1,21,1,-1,-1,-1,-1,-1,-1,5,2,5,-1,-1,-1,-1,,,,,
35628,6346391,-1,28,4,-1,-1,-1,-1,-1,-1,5,2,5,-1,-1,-1,-1,,,,,
35629,6346412,-1,18,1,-1,-1,-1,-1,-1,-1,4,1,4,-1,-1,-1,-1,,,,,
35630,6346432,-1,35,8,-1,-1,-1,-1,-1,-1,32,1,440,-1,-1,-1,-1,,,,,
35631,6346589,-1,23,4,-1,-1,-1,-1,-1,-1,32,1,440,-1,-1,-1,-1,,,,,
35633,6346784,-1,231,4,-1,-1,-1,-1,-1,-1,5,2,11,-1,-1,-1,-1,,,,,
35634,6346938,-1,8,1,-1,-1,-1,-1,-1,-1,5,2,9,-1,-1,-1,-1,,,,,
35635,6347014,-1,7,1,-1,-1,-1,-1,-1,-1,5,2,12,-1,-1,-1,-1,,,,,
35637,6347269,-1,2,8,-1,-1,-1,-1,-1,-1,60,1,80,-1,-1,-1,-1,,,,,
35638,6347297,-1,28,8,-1,-1,-1,-1,-1,-1,60,1,80,-1,-1,-1,-1,,,,,
35639,6347325,-1,70,8,-1,-1,-1,-1,-1,-1,60,1,80,-1,-1,-1,-1,,,,,
35644,6347602,-1,29,32,-1,-1,-1,-1,-1,-1,60,1,80,-1,-1,-1,-1,,,,,
35646,6347651,-1,25,32,-1,-1,-1,-1,-1,-1,60,1,80,-1,-1,-1,-1,,,,,
35647,6347684,-1,26,32,-1,-1,-1,-1,-1,-1,60,1,80,-1,-1,-1,-1,,,,,
35648,6347762,-1,26,32,-1,-1,-1,-1,-1,-1,60,1,80,-1,-1,-1,-1,,,,,
35649,6347818,-1,27,4,-1,-1,-1,-1,-1,-1,60,1,80,-1,-1,-1,-1,,,,,
35651,6348250,-1,26,32,-1,-1,-1,-1,-1,-1,60,1,80,-1,-1,-1,-1,,,,,
35652,6348454,-1,10972,32,-1,-1,-1,-1,-1,-1,24,1,101,-1,-1,-1,-1,,,,,
35653,6348492,-1,10936,8,-1,-1,-1,-1,-1,-1,24,1,101,-1,-1,-1,-1,,,,,
35654,6348495,-1,28,32,-1,-1,-1,-1,-1,-1,60,1,80,-1,-1,-1,-1,,,,,
35655,6348555,-1,26,32,-1,-1,-1,-1,-1,-1,60,1,80,-1,-1,-1,-1,,,,,
35657,6348622,-1,25,16,-1,-1,-1,-1,-1,-1,60,1,80,-1,-1,-1,-1,,,,,
35658,6348796,-1,26,32,-1,-1,-1,-1,-1,-1,60,1,80,-1,-1,-1,-1,,,,,
35661,6348993,-1,31,32,-1,-1,-1,-1,-1,-1,60,1,80,-1,-1,-1,-1,,,,,
35664,6349093,-1,26,16,-1,-1,-1,-1,-1,-1,60,1,80,-1,-1,-1,-1,,,,,
35668,6349310,-1,27,16,-1,-1,-1,-1,-1,-1,60,1,80,-1,-1,-1,-1,,,,,
35669,6349446,-1,26,16,-1,-1,-1,-1,-1,-1,60,1,80,-1,-1,-1,-1,,,,,
35670,6349526,-1,59,8,-1,-1,-1,-1,-1,-1,14,2,80,-1,-1,-1,-1,,,,,
35671,6349542,-1,149,4,-1,-1,-1,-1,-1,-1,55,1,347,-1,-1,-1,-1,,,,,
35672,6349582,-1,26,8,-1,-1,-1,-1,-1,-1,60,1,80,-1,-1,-1,-1,,,,,
35673,6349676,-1,178,64,-1,-1,-1,-1,-1,-1,41,1,28,-1,-1,-1,-1,,,,,
35674,6349696,-1,30,8,-1,-1,-1,-1,-1,-1,60,1,80,-1,-1,-1,-1,,,,,
35676,6349891,-1,43,8,-1,-1,-1,-1,-1,-1,60,1,80,-1,-1,-1,-1,,,,,
35677,6349944,-1,127,32,-1,-1,-1,-1,-1,-1,60,1,80,-1,-1,-1,-1,,,,,
35678,6349947,-1,31,8,-1,-1,-1,-1,-1,-1,60,1,80,-1,-1,-1,-1,,,,,
35679,6350107,-1,54,8,-1,-1,-1,-1,-1,-1,60,1,80,-1,-1,-1,-1,,,,,
35680,6350156,-1,27,8,-1,-1,-1,-1,-1,-1,60,1,80,-1,-1,-1,-1,,,,,
35681,6350208,-1,324,8,-1,-1,-1,-1,-1,-1,60,1,80,-1,-1,-1,-1,,,,,
35683,6350256,-1,29,64,-1,-1,-1,-1,-1,-1,41,1,28,-1,-1,-1,-1,,,,,
35684,6350261,-1,85,4,-1,-1,-1,-1,-1,-1,55,1,347,-1,-1,-1,-1,,,,,
35685,6350301,-1,239,32,-1,-1,-1,-1,-1,-1,12,2,-1,-1,-1,-1,-1,,,,,
35686,6350308,-1,21,16,-1,-1,-1,-1,-1,-1,41,1,28,-1,-1,-1,-1,,,,,
35687,6350335,-1,41,32,-1,-1,-1,-1,-1,-1,41,1,28,-1,-1,-1,-1,,,,,
35688,6350418,-1,17,16,-1,-1,-1,-1,-1,-1,55,1,-1,-1,-1,-1,-1,,,,,
35690,6350588,-1,12,64,-1,-1,-1,-1,-1,-1,41,1,28,-1,-1,-1,-1,,,,,
35691,6350611,-1,10,32,-1,-1,-1,-1,-1,-1,41,1,28,-1,-1,-1,-1,,,,,
35692,6350620,-1,22,32,-1,-1,-1,-1,-1,-1,55,1,-1,-1,-1,-1,-1,,,,,
35693,6350628,-1,14,16,-1,-1,-1,-1,-1,-1,41,1,28,-1,-1,-1,-1,,,,,
35695,6350683,-1,1046,32,-1,-1,-1,-1,-1,-1,55,1,347,-1,-1,-1,-1,,,,,
35697,6350802,-1,32,16,-1,-1,-1,-1,-1,-1,41,1,28,-1,-1,-1,-1,,,,,
35699,6350852,-1,45,32,-1,-1,-1,-1,-1,-1,41,1,28,-1,-1,-1,-1,,,,,
35701,6351187,-1,87,8,-1,-1,-1,-1,-1,-1,60,1,80,-1,-1,-1,-1,,,,,
35703,6351733,-1,1099,32,-1,-1,-1,-1,-1,-1,55,1,347,-1,-1,-1,-1,,,,,
35704,6351881,-1,118,32,-1,-1,-1,-1,-1,-1,60,1,80,-1,-1,-1,-1,,,,,
35705,6351973,-1,24,1,-1,-1,-1,-1,-1,-1,4,1,2,-1,-1,-1,-1,,,,,
35707,6352067,-1,469,32,-1,-1,-1,-1,-1,-1,4,1,3,-1,-1,-1,-1,,,,,
35708,6352150,-1,87,16,-1,-1,-1,-1,-1,-1,60,1,80,-1,-1,-1,-1,,,,,
35709,6352352,-1,89,8,-1,-1,-1,-1,-1,-1,60,1,80,-1,-1,-1,-1,,,,,
35711,6352538,-1,15,1,-1,-1,-1,-1,-1,-1,4,1,4,-1,-1,-1,-1,,,,,
35712,6352616,-1,22,1,-1,-1,-1,-1,-1,-1,15,1,12,-1,-1,-1,-1,,,,,
35713,6352641,-1,9,1,-1,-1,-1,-1,-1,-1,4,1,2,-1,-1,-1,-1,,,,,
35714,6352687,-1,131,32,-1,-1,-1,-1,-1,-1,60,1,80,-1,-1,-1,-1,,,,,
35715,6352794,-1,21,1,-1,-1,-1,-1,-1,-1,15,1,12,-1,-1,-1,-1,,,,,
35716,6352845,-1,668,32,-1,-1,-1,-1,-1,-1,55,1,347,-1,-1,-1,-1,,,,,
35717,6352921,-1,29,1,-1,-1,-1,-1,-1,-1,15,1,9,-1,-1,-1,-1,,,,,
35719,6352988,-1,32,1,-1,-1,-1,-1,-1,-1,15,1,9,-1,-1,-1,-1,,,,,
35720,6353051,-1,1894,32,-1,-1,-1,-1,-1,-1,4,1,3,-1,-1,-1,-1,,,,,
35721,6353066,-1,384,1,-1,-1,-1,-1,-1,-1,15,1,9,-1,-1,-1,-1,,,,,
35722,6353194,-1,75,1,-1,-1,-1,-1,-1,-1,15,1,12,-1,-1,-1,-1,,,,,
35723,6353293,-1,28,1,-1,-1,-1,-1,-1,-1,15,1,12,-1,-1,-1,-1,,,,,
35724,6353329,-1,137,4,-1,-1,-1,-1,-1,-1,15,1,19,-1,-1,-1,-1,,,,,
35726,6353351,-1,1182,2,-1,-1,-1,-1,-1,-1,15,1,20,-1,-1,-1,-1,,,,,
35730,6353599,-1,374,4,-1,-1,-1,-1,-1,-1,55,1,347,-1,-1,-1,-1,,,,,
35731,6353613,-1,22,8,-1,-1,-1,-1,-1,-1,40,2,319,-1,-1,-1,-1,,,,,
35733,6354003,-1,68,4,-1,-1,-1,-1,-1,-1,55,1,347,-1,-1,-1,-1,,,,,
35734,6354085,-1,672,32,-1,-1,-1,-1,-1,-1,55,1,347,-1,-1,-1,-1,,,,,
35737,6354635,-1,150,4,-1,-1,-1,-1,-1,-1,15,1,19,-1,-1,-1,-1,,,,,
35738,6354656,-1,132,2,-1,-1,-1,-1,-1,-1,15,1,20,-1,-1,-1,-1,,,,,
35739,6354760,-1,2821,32,-1,-1,-1,-1,-1,-1,55,1,347,-1,-1,-1,-1,,,,,
35745,6355645,-1,175,4,-1,-1,-1,-1,-1,-1,15,1,19,-1,-1,-1,-1,,,,,
35747,6355666,-1,428,2,-1,-1,-1,-1,-1,-1,15,1,20,-1,-1,-1,-1,,,,,
35748,6355742,-1,44,4,-1,-1,-1,-1,-1,-1,5,2,11,-1,-1,-1,-1,,,,,
35749,6355901,-1,198,4,-1,-1,-1,-1,-1,-1,5,2,11,-1,-1,-1,-1,,,,,
35750,6355946,-1,30,1,-1,-1,-1,-1,-1,-1,58,1,379,-1,-1,-1,-1,,,,,
35751,6355984,-1,44,1,-1,-1,-1,-1,-1,-1,15,1,12,-1,-1,-1,-1,,,,,
35752,6356011,-1,31,1,-1,-1,-1,-1,-1,-1,58,1,379,-1,-1,-1,-1,,,,,
35753,6356056,-1,36,1,-1,-1,-1,-1,-1,-1,15,1,12,-1,-1,-1,-1,,,,,
35754,6356086,-1,1898,32,-1,-1,-1,-1,-1,-1,4,1,3,-1,-1,-1,-1,,,,,
35755,6356096,-1,170,4,-1,-1,-1,-1,-1,-1,15,1,19,-1,-1,-1,-1,,,,,
35756,6356126,-1,139,2,-1,-1,-1,-1,-1,-1,15,1,20,-1,-1,-1,-1,,,,,
35757,6356145,-1,67,4,-1,-1,-1,-1,-1,-1,5,2,5,-1,-1,-1,-1,,,,,
35758,6356200,-1,27,1,-1,-1,-1,-1,-1,-1,58,1,379,-1,-1,-1,-1,,,,,
35760,6356482,-1,116,4,-1,-1,-1,-1,-1,-1,15,1,19,-1,-1,-1,-1,,,,,
35761,6356503,-1,98,2,-1,-1,-1,-1,-1,-1,15,1,20,-1,-1,-1,-1,,,,,
35764,6356679,-1,22,8,-1,-1,-1,-1,-1,-1,40,2,319,-1,-1,-1,-1,,,,,
35767,6356834,-1,22,1,-1,-1,-1,-1,-1,-1,40,2,1,-1,-1,-1,-1,,,,,
35768,6356861,-1,8,1,-1,-1,-1,-1,-1,-1,40,2,1,-1,-1,-1,-1,,,,,
35770,6356909,-1,20,4,-1,-1,-1,-1,-1,-1,5,2,5,-1,-1,-1,-1,,,,,
35771,6356984,-1,21,4,-1,-1,-1,-1,-1,-1,5,2,5,-1,-1,-1,-1,,,,,
35772,6357043,-1,20,4,-1,-1,-1,-1,-1,-1,5,2,5,-1,-1,-1,-1,,,,,
35773,6357089,-1,17,1,-1,-1,-1,-1,-1,-1,40,2,1,-1,-1,-1,-1,,,,,
35774,6357108,-1,22,1,-1,-1,-1,-1,-1,-1,40,2,1,-1,-1,-1,-1,,,,,
35775,6357162,-1,85,8,-1,-1,-1,-1,-1,-1,40,2,319,-1,-1,-1,-1,,,,,
35776,6357233,-1,7,1,-1,-1,-1,-1,-1,-1,12,2,1,-1,-1,-1,-1,,,,,
35778,6357710,-1,2960,32,-1,-1,-1,-1,-1,-1,55,1,347,-1,-1,-1,-1,,,,,
35780,6358006,-1,88,8,-1,-1,-1,-1,-1,-1,40,2,319,-1,-1,-1,-1,,,,,
35781,6358155,-1,105,8,-1,-1,-1,-1,-1,-1,40,2,319,-1,-1,-1,-1,,,,,
35785,6358336,-1,12,1,-1,-1,-1,-1,-1,-1,12,2,1,-1,-1,-1,-1,,,,,
35786,6358337,-1,1567,32,-1,-1,-1,-1,-1,-1,4,1,3,-1,-1,-1,-1,,,,,
35788,6358392,-1,28,1,-1,-1,-1,-1,-1,-1,12,2,1,-1,-1,-1,-1,,,,,
35789,6358407,-1,62,1,-1,-1,-1,-1,-1,-1,12,2,1,-1,-1,-1,-1,,,,,
35791,6358526,-1,21,1,-1,-1,-1,-1,-1,-1,12,2,1,-1,-1,-1,-1,,,,,
35792,6358571,-1,15,1,-1,-1,-1,-1,-1,-1,12,2,1,-1,-1,-1,-1,,,,,
35793,6358604,-1,15,1,-1,-1,-1,-1,-1,-1,12,2,1,-1,-1,-1,-1,,,,,
35794,6358654,-1,15,1,-1,-1,-1,-1,-1,-1,12,2,1,-1,-1,-1,-1,,,,,
35799,6359846,-1,21,64,-1,-1,-1,-1,-1,-1,41,1,28,-1,-1,-1,-1,,,,,
35800,6359879,-1,47,64,-1,-1,-1,-1,-1,-1,41,1,28,-1,-1,-1,-1,,,,,
35801,6359932,-1,2684,32,-1,-1,-1,-1,-1,-1,4,1,3,-1,-1,-1,-1,,,,,
35802,6359933,-1,51,32,-1,-1,-1,-1,-1,-1,41,1,28,-1,-1,-1,-1,,,,,
35805,6360513,-1,84,32,-1,-1,-1,-1,-1,-1,41,1,28,-1,-1,-1,-1,,,,,
35806,6360686,-1,2679,32,-1,-1,-1,-1,-1,-1,55,1,347,-1,-1,-1,-1,,,,,
35807,6360768,-1,145,8,-1,-1,-1,-1,-1,-1,40,2,319,-1,-1,-1,-1,,,,,
35808,6360783,-1,84,32,-1,-1,-1,-1,-1,-1,41,1,28,-1,-1,-1,-1,,,,,
35810,6360981,-1,34,64,-1,-1,-1,-1,-1,-1,41,1,28,-1,-1,-1,-1,,,,,
35812,6361328,-1,90,16,-1,-1,-1,-1,-1,-1,60,1,80,-1,-1,-1,-1,,,,,
35816,6361505,-1,112,8,-1,-1,-1,-1,-1,-1,60,1,80,-1,-1,-1,-1,,,,,
35817,6361538,-1,10989,32,-1,-1,-1,-1,-1,-1,24,1,101,-1,-1,-1,-1,,,,,
35818,6361539,-1,97,1,-1,-1,-1,-1,-1,-1,10,1,441,-1,-1,-1,-1,,,,,
35819,6361589,-1,10939,8,-1,-1,-1,-1,-1,-1,24,1,101,-1,-1,-1,-1,,,,,
35821,6361710,-1,73,2,-1,-1,-1,-1,-1,-1,10,1,441,-1,-1,-1,-1,,,,,
35822,6361932,-1,70,4,-1,-1,-1,-1,-1,-1,10,1,441,-1,-1,-1,-1,,,,,
35823,6362070,-1,79,8,-1,-1,-1,-1,-1,-1,10,1,441,-1,-1,-1,-1,,,,,
35825,6362269,-1,50,16,-1,-1,-1,-1,-1,-1,40,2,80,-1,-1,-1,-1,,,,,
35826,6362297,-1,1674,8,-1,-1,-1,-1,-1,-1,10,1,441,-1,-1,-1,-1,,,,,
35827,6362327,-1,94,16,-1,-1,-1,-1,-1,-1,40,2,80,-1,-1,-1,-1,,,,,
35828,6362552,-1,51,8,-1,-1,-1,-1,-1,-1,40,2,28,-1,-1,-1,-1,,,,,
35829,6362600,-1,0,1,-1,-1,-1,-1,-1,-1,4,1,4,-1,-1,-1,-1,,,,,
35830,6362620,-1,20,1,-1,-1,-1,-1,-1,-1,4,1,4,-1,-1,-1,-1,,,,,
35831,6362629,-1,100,16,-1,-1,-1,-1,-1,-1,40,2,28,-1,-1,-1,-1,,,,,
35832,6363224,-1,111,16,-1,-1,-1,-1,-1,-1,40,2,28,-1,-1,-1,-1,,,,,
35833,6363265,-1,71,16,-1,-1,-1,-1,-1,-1,40,2,28,-1,-1,-1,-1,,,,,
35835,6363356,-1,207,16,-1,-1,-1,-1,-1,-1,40,2,28,-1,-1,-1,-1,,,,,
35836,6363459,-1,11,64,-1,-1,-1,-1,-1,-1,41,1,28,-1,-1,-1,-1,,,,,
35837,6363486,-1,8,32,-1,-1,-1,-1,-1,-1,41,1,28,-1,-1,-1,-1,,,,,
35838,6363619,-1,239,16,-1,-1,-1,-1,-1,-1,40,2,28,-1,-1,-1,-1,,,,,
35842,6363896,-1,292,16,-1,-1,-1,-1,-1,-1,40,2,28,-1,-1,-1,-1,,,,,
35845,6364124,-1,1642,1,-1,-1,-1,-1,-1,-1,10,1,441,-1,-1,-1,-1,,,,,
35846,6364456,-1,128,16,-1,-1,-1,-1,-1,-1,60,1,80,-1,-1,-1,-1,,,,,
35847,6364515,-1,18,32,-1,-1,-1,-1,-1,-1,41,1,28,-1,-1,-1,-1,,,,,
35849,6364548,-1,21,32,-1,-1,-1,-1,-1,-1,41,1,28,-1,-1,-1,-1,,,,,
35850,6364727,-1,156,32,-1,-1,-1,-1,-1,-1,60,1,80,-1,-1,-1,-1,,,,,
35851,6364887,-1,489,32,-1,-1,-1,-1,-1,-1,4,1,3,-1,-1,-1,-1,,,,,
35853,6365386,-1,55,4,-1,-1,-1,-1,-1,-1,40,2,297,-1,-1,-1,-1,,,,,
35858,6365676,-1,205,64,-1,-1,-1,-1,-1,-1,60,1,80,-1,-1,-1,-1,,,,,
35860,6365696,-1,38,1,-1,-1,-1,-1,-1,-1,4,1,4,-1,-1,-1,-1,,,,,
35861,6365893,-1,42,32,-1,-1,-1,-1,-1,-1,41,1,28,-1,-1,-1,-1,,,,,
35862,6365893,-1,120,1,-1,-1,-1,-1,-1,-1,10,1,441,-1,-1,-1,-1,,,,,
35863,6365925,-1,147,32,-1,-1,-1,-1,-1,-1,4,1,3,-1,-1,-1,-1,,,,,
35864,6366066,-1,141,8,-1,-1,-1,-1,-1,-1,10,1,441,-1,-1,-1,-1,,,,,
35865,6366070,-1,17,1,-1,-1,-1,-1,-1,-1,4,1,2,-1,-1,-1,-1,,,,,
35866,6366083,-1,10,32,-1,-1,-1,-1,-1,-1,41,1,28,-1,-1,-1,-1,,,,,
35867,6366103,-1,137,1,-1,-1,-1,-1,-1,-1,51,1,324,-1,-1,-1,-1,,,,,
35868,6366115,-1,43,32,-1,-1,-1,-1,-1,-1,41,1,28,-1,-1,-1,-1,,,,,
35870,6366203,-1,23,32,-1,-1,-1,-1,-1,-1,41,1,28,-1,-1,-1,-1,,,,,
35871,6366247,-1,1,32,-1,-1,-1,-1,-1,-1,41,1,28,-1,-1,-1,-1,,,,,
35872,6366256,-1,20,32,-1,-1,-1,-1,-1,-1,41,1,28,-1,-1,-1,-1,,,,,
35873,6366329,-1,46,4,-1,-1,-1,-1,-1,-1,40,2,297,-1,-1,-1,-1,,,,,
35874,6366409,-1,0,32,-1,-1,-1,-1,-1,-1,41,1,28,-1,-1,-1,-1,,,,,
35875,6366414,-1,64,64,-1,-1,-1,-1,-1,-1,41,1,28,-1,-1,-1,-1,,,,,
35876,6366549,-1,24,32,-1,-1,-1,-1,-1,-1,41,1,28,-1,-1,-1,-1,,,,,
35877,6366560,-1,39,4,-1,-1,-1,-1,-1,-1,40,2,297,-1,-1,-1,-1,,,,,
35879,6366675,-1,272,1,-1,-1,-1,-1,-1,-1,51,1,324,-1,-1,-1,-1,,,,,
35880,6366704,-1,42,4,-1,-1,-1,-1,-1,-1,40,2,297,-1,-1,-1,-1,,,,,
35881,6366896,-1,67,16,-1,-1,-1,-1,-1,-1,40,2,297,-1,-1,-1,-1,,,,,
35885,6367112,-1,32,1,-1,-1,-1,-1,-1,-1,51,1,324,-1,-1,-1,-1,,,,,
35888,6367363,-1,38,4,-1,-1,-1,-1,-1,-1,40,2,297,-1,-1,-1,-1,,,,,
35889,6367422,-1,2861,1,-1,-1,-1,-1,-1,-1,51,1,324,-1,-1,-1,-1,,,,,
35890,6367512,-1,41,1,-1,-1,-1,-1,-1,-1,15,1,12,-1,-1,-1,-1,,,,,
35891,6367567,-1,45,1,-1,-1,-1,-1,-1,-1,15,1,12,-1,-1,-1,-1,,,,,
35892,6367603,-1,38,4,-1,-1,-1,-1,-1,-1,40,2,297,-1,-1,-1,-1,,,,,
35893,6367619,-1,151,4,-1,-1,-1,-1,-1,-1,15,1,19,-1,-1,-1,-1,,,,,
35894,6367642,-1,128,2,-1,-1,-1,-1,-1,-1,15,1,20,-1,-1,-1,-1,,,,,
35896,6367844,-1,41,4,-1,-1,-1,-1,-1,-1,40,2,297,-1,-1,-1,-1,,,,,
35897,6368110,-1,37,4,-1,-1,-1,-1,-1,-1,40,2,297,-1,-1,-1,-1,,,,,
35898,6368173,-1,40,4,-1,-1,-1,-1,-1,-1,40,2,297,-1,-1,-1,-1,,,,,
35900,6368436,-1,38,1,-1,-1,-1,-1,-1,-1,15,1,12,-1,-1,-1,-1,,,,,
35901,6368490,-1,33,1,-1,-1,-1,-1,-1,-1,15,1,12,-1,-1,-1,-1,,,,,
35902,6368527,-1,309,4,-1,-1,-1,-1,-1,-1,15,1,19,-1,-1,-1,-1,,,,,
35903,6368549,-1,287,2,-1,-1,-1,-1,-1,-1,15,1,20,-1,-1,-1,-1,,,,,
35904,6368665,-1,81,16,-1,-1,-1,-1,-1,-1,60,1,80,-1,-1,-1,-1,,,,,
35905,6368946,-1,21,4,-1,-1,-1,-1,-1,-1,40,2,297,-1,-1,-1,-1,,,,,
35906,6368976,-1,63,4,-1,-1,-1,-1,-1,-1,40,2,297,-1,-1,-1,-1,,,,,
35907,6369008,-1,106,4,-1,-1,-1,-1,-1,-1,15,1,19,-1,-1,-1,-1,,,,,
35908,6369030,-1,84,2,-1,-1,-1,-1,-1,-1,15,1,20,-1,-1,-1,-1,,,,,
35909,6369037,-1,136,32,-1,-1,-1,-1,-1,-1,60,1,80,-1,-1,-1,-1,,,,,
35910,6369096,-1,41,4,-1,-1,-1,-1,-1,-1,40,2,297,-1,-1,-1,-1,,,,,
35911,6369307,-1,223,64,-1,-1,-1,-1,-1,-1,60,1,80,-1,-1,-1,-1,,,,,
35912,6369440,-1,385,4,-1,-1,-1,-1,-1,-1,15,1,19,-1,-1,-1,-1,,,,,
35913,6369462,-1,362,2,-1,-1,-1,-1,-1,-1,15,1,20,-1,-1,-1,-1,,,,,
35914,6369536,-1,38,4,-1,-1,-1,-1,-1,-1,40,2,297,-1,-1,-1,-1,,,,,
35915,6369588,-1,38,4,-1,-1,-1,-1,-1,-1,40,2,297,-1,-1,-1,-1,,,,,
35916,6369669,-1,52,4,-1,-1,-1,-1,-1,-1,40,2,297,-1,-1,-1,-1,,,,,
35917,6369769,-1,37,4,-1,-1,-1,-1,-1,-1,40,2,297,-1,-1,-1,-1,,,,,
35918,6369860,-1,48,8,-1,-1,-1,-1,-1,-1,40,2,297,-1,-1,-1,-1,,,,,
35919,6369993,-1,421,16,-1,-1,-1,-1,-1,-1,40,2,297,-1,-1,-1,-1,,,,,
35920,6370193,-1,231,32,-1,-1,-1,-1,-1,-1,12,2,-1,-1,-1,-1,-1,,,,,
35921,6370419,-1,38,4,-1,-1,-1,-1,-1,-1,40,2,297,-1,-1,-1,-1,,,,,
35922,6370472,-1,59,16,-1,-1,-1,-1,-1,-1,40,2,297,-1,-1,-1,-1,,,,,
35923,6370564,-1,6,16,-1,-1,-1,-1,-1,-1,40,2,297,-1,-1,-1,-1,,,,,
35924,6370571,-1,88,16,-1,-1,-1,-1,-1,-1,40,2,297,-1,-1,-1,-1,,,,,
35925,6370646,-1,440,16,-1,-1,-1,-1,-1,-1,60,1,80,-1,-1,-1,-1,,,,,
35926,6371100,-1,68,16,-1,-1,-1,-1,-1,-1,60,1,80,-1,-1,-1,-1,,,,,
35927,6371144,-1,29,8,-1,-1,-1,-1,-1,-1,51,1,324,-1,-1,-1,-1,,,,,
35928,6371173,-1,48,16,-1,-1,-1,-1,-1,-1,60,1,80,-1,-1,-1,-1,,,,,
35929,6371223,-1,38,4,-1,-1,-1,-1,-1,-1,40,2,297,-1,-1,-1,-1,,,,,
35930,6371227,-1,6,16,-1,-1,-1,-1,-1,-1,60,1,80,-1,-1,-1,-1,,,,,
35931,6371235,-1,6,16,-1,-1,-1,-1,-1,-1,60,1,80,-1,-1,-1,-1,,,,,
35932,6371242,-1,74,16,-1,-1,-1,-1,-1,-1,60,1,80,-1,-1,-1,-1,,,,,
35933,6371250,-1,3,1,-1,-1,-1,-1,-1,-1,12,2,1,-1,-1,-1,-1,,,,,
35934,6371479,-1,3194,32,-1,-1,-1,-1,-1,-1,4,1,3,-1,-1,-1,-1,,,,,
35935,6371489,-1,496,8,-1,-1,-1,-1,-1,-1,51,1,324,-1,-1,-1,-1,,,,,
35936,6371573,-1,67,4,-1,-1,-1,-1,-1,-1,40,2,297,-1,-1,-1,-1,,,,,
35937,6371734,-1,73,4,-1,-1,-1,-1,-1,-1,40,2,297,-1,-1,-1,-1,,,,,
35938,6371812,-1,223,4,-1,-1,-1,-1,-1,-1,40,2,297,-1,-1,-1,-1,,,,,
35939,6372039,-1,86,32,-1,-1,-1,-1,-1,-1,7,1,10,-1,-1,-1,-1,,,,,
35940,6372106,-1,43,4,-1,-1,-1,-1,-1,-1,7,1,18,-1,-1,-1,-1,,,,,
35941,6372150,-1,7267,32,-1,-1,-1,-1,-1,-1,7,1,10,-1,-1,-1,-1,,,,,
35942,6372215,-1,7203,4,-1,-1,-1,-1,-1,-1,7,1,18,-1,-1,-1,-1,,,,,
35943,6372314,-1,47,16,-1,-1,-1,-1,-1,-1,60,1,80,-1,-1,-1,-1,,,,,
35944,6372366,-1,92,16,-1,-1,-1,-1,-1,-1,60,1,80,-1,-1,-1,-1,,,,,
35945,6372462,-1,112,16,-1,-1,-1,-1,-1,-1,60,1,80,-1,-1,-1,-1,,,,,
35946,6372544,-1,1108,8,-1,-1,-1,-1,-1,-1,51,1,324,-1,-1,-1,-1,,,,,
35947,6373024,-1,113,8,-1,-1,-1,-1,-1,-1,60,1,80,-1,-1,-1,-1,,,,,
35948,6373143,-1,124,32,-1,-1,-1,-1,-1,-1,60,1,80,-1,-1,-1,-1,,,,,
35949,6374642,-1,1044,1,-1,-1,-1,-1,-1,-1,58,1,379,-1,-1,-1,-1,,,,,
35950,6374683,-1,82,32,-1,-1,-1,-1,-1,-1,60,1,80,-1,-1,-1,-1,,,,,
35951,6374770,-1,116,32,-1,-1,-1,-1,-1,-1,60,1,80,-1,-1,-1,-1,,,,,
35952,6375203,-1,6,16,-1,-1,-1,-1,-1,-1,60,1,80,-1,-1,-1,-1,,,,,
35953,6375324,-1,1145,32,-1,-1,-1,-1,-1,-1,4,1,3,-1,-1,-1,-1,,,,,
35954,6375713,-1,108,1,-1,-1,-1,-1,-1,-1,58,1,379,-1,-1,-1,-1,,,,,
35955,6375904,-1,13,1,-1,-1,-1,-1,-1,-1,9,2,9,-1,-1,-1,-1,,,,,
35956,6376495,-1,2921,32,-1,-1,-1,-1,-1,-1,4,1,3,-1,-1,-1,-1,,,,,
35957,6376880,-1,95,1,-1,-1,-1,-1,-1,-1,58,1,379,-1,-1,-1,-1,,,,,
35958,6376998,-1,126,1,-1,-1,-1,-1,-1,-1,58,1,379,-1,-1,-1,-1,,,,,
35959,6377318,-1,109,1,-1,-1,-1,-1,-1,-1,58,1,379,-1,-1,-1,-1,,,,,
35960,6377559,-1,105,1,-1,-1,-1,-1,-1,-1,58,1,379,-1,-1,-1,-1,,,,,
35961,6378062,-1,106,1,-1,-1,-1,-1,-1,-1,58,1,379,-1,-1,-1,-1,,,,,
35962,6378720,-1,140,1,-1,-1,-1,-1,-1,-1,58,1,379,-1,-1,-1,-1,,,,,
35963,6379052,-1,247,1,-1,-1,-1,-1,-1,-1,58,1,379,-1,-1,-1,-1,,,,,
35964,6379325,-1,92,1,-1,-1,-1,-1,-1,-1,58,1,379,-1,-1,-1,-1,,,,,
35965,6379424,-1,20,1,-1,-1,-1,-1,-1,-1,4,1,4,-1,-1,-1,-1,,,,,
35966,6380327,-1,178,32,-1,-1,-1,-1,-1,-1,7,1,10,-1,-1,-1,-1,,,,,
35967,6380382,-1,79,4,-1,-1,-1,-1,-1,-1,5,2,11,-1,-1,-1,-1,,,,,
35968,6380388,-1,126,4,-1,-1,-1,-1,-1,-1,7,1,18,-1,-1,-1,-1,,,,,
35969,6380407,-1,7,1,-1,-1,-1,-1,-1,-1,5,2,9,-1,-1,-1,-1,,,,,
35970,6380466,-1,83,1,-1,-1,-1,-1,-1,-1,58,1,379,-1,-1,-1,-1,,,,,
35971,6380529,-1,28,4,-1,-1,-1,-1,-1,-1,5,2,5,-1,-1,-1,-1,,,,,
35972,6380566,-1,34,1,-1,-1,-1,-1,-1,-1,58,1,379,-1,-1,-1,-1,,,,,
35973,6380587,-1,24,4,-1,-1,-1,-1,-1,-1,5,2,5,-1,-1,-1,-1,,,,,
35974,6380806,-1,219,32,-1,-1,-1,-1,-1,-1,7,1,10,-1,-1,-1,-1,,,,,
35975,6380863,-1,167,4,-1,-1,-1,-1,-1,-1,7,1,18,-1,-1,-1,-1,,,,,
35976,6380924,-1,5,1,-1,-1,-1,-1,-1,-1,5,2,9,-1,-1,-1,-1,,,,,
35977,6380940,-1,6,1,-1,-1,-1,-1,-1,-1,5,2,9,-1,-1,-1,-1,,,,,
35978,6384290,-1,35,4,-1,-1,-1,-1,-1,-1,5,2,11,-1,-1,-1,-1,,,,,
35979,6384620,-1,25,4,-1,-1,-1,-1,-1,-1,65,2,5,-1,-1,-1,-1,,,,,
35980,6384652,-1,106,8,-1,-1,-1,-1,-1,-1,5,2,5,-1,-1,-1,-1,,,,,
35981,6384661,-1,98,8,-1,-1,-1,-1,-1,-1,65,2,11,-1,-1,-1,-1,,,,,
35982,6384823,-1,100,32,-1,-1,-1,-1,-1,-1,12,2,14,-1,-1,-1,-1,,,,,
35983,6384828,-1,42,8,-1,-1,-1,-1,-1,-1,5,2,5,-1,-1,-1,-1,,,,,
35984,6384846,-1,4,1,-1,-1,-1,-1,-1,-1,5,2,9,-1,-1,-1,-1,,,,,
35985,6384880,-1,51,4,-1,-1,-1,-1,-1,-1,5,2,5,-1,-1,-1,-1,,,,,
35986,6384906,-1,4,1,-1,-1,-1,-1,-1,-1,5,2,9,-1,-1,-1,-1,,,,,
35987,6384919,-1,6,1,-1,-1,-1,-1,-1,-1,5,2,9,-1,-1,-1,-1,,,,,
35988,6384936,-1,3,1,-1,-1,-1,-1,-1,-1,5,2,9,-1,-1,-1,-1,,,,,
35989,6385182,-1,3,1,-1,-1,-1,-1,-1,-1,5,2,9,-1,-1,-1,-1,,,,,
35990,6387453,-1,743,128,-1,-1,-1,-1,-1,-1,57,1,370,-1,-1,-1,-1,,,,,
35991,6388486,-1,500,128,-1,-1,-1,-1,-1,-1,57,1,370,-1,-1,-1,-1,,,,,
35992,6388990,-1,6185,64,-1,-1,-1,-1,-1,-1,4,1,-1,-1,-1,-1,-1,,,,,
35993,6389383,-1,472,64,-1,-1,-1,-1,-1,-1,57,1,370,-1,-1,-1,-1,,,,,
35994,6390009,-1,373,32,-1,-1,-1,-1,-1,-1,57,1,370,-1,-1,-1,-1,,,,,
35995,6390054,-1,64,1,-1,-1,-1,-1,-1,-1,10,1,441,-1,-1,-1,-1,,,,,
35996,6390198,-1,123,8,-1,-1,-1,-1,-1,-1,10,1,441,-1,-1,-1,-1,,,,,
35997,6390368,-1,72,32,-1,-1,-1,-1,-1,-1,10,1,441,-1,-1,-1,-1,,,,,
35998,6390505,-1,860,16,-1,-1,-1,-1,-1,-1,57,1,370,-1,-1,-1,-1,,,,,
35999,6390527,-1,52,32,-1,-1,-1,-1,-1,-1,10,1,441,-1,-1,-1,-1,,,,,
36000,6390640,-1,281,32,-1,-1,-1,-1,-1,-1,10,1,441,-1,-1,-1,-1,,,,,
36001,6390984,-1,5,32,-1,-1,-1,-1,-1,-1,10,1,441,-1,-1,-1,-1,,,,,
36002,6395180,-1,91,128,-1,-1,-1,-1,-1,-1,12,2,-1,-1,-1,-1,-1,,,,,
36003,6395275,-1,10925,64,-1,-1,-1,-1,-1,-1,4,1,-1,-1,-1,-1,-1,,,,,
36005,6396474,-1,28,1,-1,-1,-1,-1,-1,-1,58,1,379,-1,-1,-1,-1,,,,,
36006,6396531,-1,96,1,-1,-1,-1,-1,-1,-1,58,1,379,-1,-1,-1,-1,,,,,
36008,6396700,-1,10,1,-1,-1,-1,-1,-1,-1,58,1,379,-1,-1,-1,-1,,,,,
36009,6396735,-1,98,1,-1,-1,-1,-1,-1,-1,58,1,379,-1,-1,-1,-1,,,,,
36010,6396904,-1,99,1,-1,-1,-1,-1,-1,-1,58,1,379,-1,-1,-1,-1,,,,,
36011,6397056,-1,112,1,-1,-1,-1,-1,-1,-1,58,1,379,-1,-1,-1,-1,,,,,
36013,6397320,-1,88,1,-1,-1,-1,-1,-1,-1,58,1,379,-1,-1,-1,-1,,,,,
36020,6398315,-1,107,1,-1,-1,-1,-1,-1,-1,58,1,379,-1,-1,-1,-1,,,,,
36021,6398527,-1,88,1,-1,-1,-1,-1,-1,-1,58,1,379,-1,-1,-1,-1,,,,,
36023,6398686,-1,95,1,-1,-1,-1,-1,-1,-1,58,1,379,-1,-1,-1,-1,,,,,
36024,6398891,-1,90,1,-1,-1,-1,-1,-1,-1,58,1,379,-1,-1,-1,-1,,,,,
36044,6402118,-1,235,1,-1,-1,-1,-1,-1,-1,58,1,379,-1,-1,-1,-1,,,,,
36045,6402382,-1,248,1,-1,-1,-1,-1,-1,-1,58,1,379,-1,-1,-1,-1,,,,,
36047,6402663,-1,81,1,-1,-1,-1,-1,-1,-1,58,1,379,-1,-1,-1,-1,,,,,
36048,6402878,-1,121,1,-1,-1,-1,-1,-1,-1,58,1,379,-1,-1,-1,-1,,,,,
36063,6405954,-1,112,1,-1,-1,-1,-1,-1,-1,58,1,379,-1,-1,-1,-1,,,,,
36091,6410974,-1,105,1,-1,-1,-1,-1,-1,-1,58,1,379,-1,-1,-1,-1,,,,,
36092,6411144,-1,84,1,-1,-1,-1,-1,-1,-1,58,1,379,-1,-1,-1,-1,,,,,
36094,6411368,-1,27,1,-1,-1,-1,-1,-1,-1,58,1,379,-1,-1,-1,-1,,,,,
36095,6411404,-1,97,1,-1,-1,-1,-1,-1,-1,58,1,379,-1,-1,-1,-1,,,,,
36104,6413401,-1,139,1,-1,-1,-1,-1,-1,-1,58,1,379,-1,-1,-1,-1,,,,,
36108,6413698,-1,108,1,-1,-1,-1,-1,-1,-1,58,1,379,-1,-1,-1,-1,,,,,
36111,6414124,-1,117,1,-1,-1,-1,-1,-1,-1,58,1,379,-1,-1,-1,-1,,,,,
36113,6414327,-1,110,1,-1,-1,-1,-1,-1,-1,58,1,379,-1,-1,-1,-1,,,,,
36114,6414506,-1,101,1,-1,-1,-1,-1,-1,-1,58,1,379,-1,-1,-1,-1,,,,,
36116,6414695,-1,103,1,-1,-1,-1,-1,-1,-1,58,1,379,-1,-1,-1,-1,,,,,
36117,6414895,-1,96,1,-1,-1,-1,-1,-1,-1,58,1,379,-1,-1,-1,-1,,,,,
36120,6415114,-1,118,1,-1,-1,-1,-1,-1,-1,58,1,379,-1,-1,-1,-1,,,,,
36126,6416402,-1,100,1,-1,-1,-1,-1,-1,-1,58,1,379,-1,-1,-1,-1,,,,,
36129,6416563,-1,747,128,-1,-1,-1,-1,-1,-1,57,1,370,-1,-1,-1,-1,,,,,
36131,6417772,-1,7,1,-1,-1,-1,-1,-1,-1,6,1,6,-1,-1,-1,-1,,,,,
36132,6417793,-1,1101,1,-1,-1,-1,-1,-1,-1,6,1,6,-1,-1,-1,-1,,,,,
36134,6418157,-1,22,8,-1,-1,-1,-1,-1,-1,28,1,67,-1,-1,-1,-1,,,,,
36139,6418477,-1,15,8,-1,-1,-1,-1,-1,-1,28,1,67,-1,-1,-1,-1,,,,,
36141,6418536,-1,11,8,-1,-1,-1,-1,-1,-1,28,1,77,-1,-1,-1,-1,,,,,
36142,6418866,-1,8,1,-1,-1,-1,-1,-1,-1,28,1,67,-1,-1,-1,-1,,,,,
36143,6418885,-1,4,1,-1,-1,-1,-1,-1,-1,28,1,67,-1,-1,-1,-1,,,,,
36145,6419233,-1,28,128,-1,-1,-1,-1,-1,-1,57,1,370,-1,-1,-1,-1,,,,,
36146,6419287,-1,6,1,-1,-1,-1,-1,-1,-1,28,1,409,-1,-1,-1,-1,,,,,
36147,6419315,-1,13,1,-1,-1,-1,-1,-1,-1,28,1,448,-1,-1,-1,-1,,,,,
36148,6419390,-1,344,128,-1,-1,-1,-1,-1,-1,57,1,370,-1,-1,-1,-1,,,,,
36154,6420062,-1,741,128,-1,-1,-1,-1,-1,-1,57,1,370,-1,-1,-1,-1,,,,,
36156,6420954,-1,3721,32,-1,-1,-1,-1,-1,-1,4,1,-1,-1,-1,-1,-1,,,,,
36165,6422892,-1,5,1,-1,-1,-1,-1,-1,-1,66,1,449,-1,-1,-1,-1,,,,,
36166,6422946,-1,5,1,-1,-1,-1,-1,-1,-1,66,1,449,-1,-1,-1,-1,,,,,
36168,6423313,-1,11,1,-1,-1,-1,-1,-1,-1,66,1,450,-1,-1,-1,-1,,,,,
36169,6423399,-1,5,1,-1,-1,-1,-1,-1,-1,66,1,450,-1,-1,-1,-1,,,,,
36170,6423429,-1,16,1,-1,-1,-1,-1,-1,-1,66,1,449,-1,-1,-1,-1,,,,,
36171,6423501,-1,4,1,-1,-1,-1,-1,-1,-1,66,1,450,-1,-1,-1,-1,,,,,
36176,6423687,-1,19,1,-1,-1,-1,-1,-1,-1,66,1,449,-1,-1,-1,-1,,,,,
36178,6423919,-1,5,1,-1,-1,-1,-1,-1,-1,66,1,450,-1,-1,-1,-1,,,,,
36179,6424177,-1,8,1,-1,-1,-1,-1,-1,-1,66,1,450,-1,-1,-1,-1,,,,,
36181,6424421,-1,903,32,-1,-1,-1,-1,-1,-1,55,1,347,-1,-1,-1,-1,,,,,
36182,6424558,-1,49,1,-1,-1,-1,-1,-1,-1,66,1,450,-1,-1,-1,-1,,,,,
36183,6424677,-1,3728,32,-1,-1,-1,-1,-1,-1,4,1,-1,-1,-1,-1,-1,,,,,
36185,6424934,-1,31,32,-1,-1,-1,-1,-1,-1,41,1,28,-1,-1,-1,-1,,,,,
36186,6425003,-1,22,32,-1,-1,-1,-1,-1,-1,41,1,28,-1,-1,-1,-1,,,,,
36187,6425095,-1,185,4,-1,-1,-1,-1,-1,-1,55,1,347,-1,-1,-1,-1,,,,,
36190,6425212,-1,35,32,-1,-1,-1,-1,-1,-1,41,1,28,-1,-1,-1,-1,,,,,
36192,6425258,-1,12,1,-1,-1,-1,-1,-1,-1,66,1,450,-1,-1,-1,-1,,,,,
36194,6425335,-1,180,1,-1,-1,-1,-1,-1,-1,55,1,353,-1,-1,-1,-1,,,,,
36195,6425347,-1,69,1,-1,-1,-1,-1,-1,-1,66,1,450,-1,-1,-1,-1,,,,,
36196,6425352,-1,134,4,-1,-1,-1,-1,-1,-1,55,1,347,-1,-1,-1,-1,,,,,
36198,6425774,-1,13,1,-1,-1,-1,-1,-1,-1,66,1,450,-1,-1,-1,-1,,,,,
36199,6425839,-1,12,1,-1,-1,-1,-1,-1,-1,66,1,450,-1,-1,-1,-1,,,,,
36201,6425983,-1,287,32,-1,-1,-1,-1,-1,-1,24,1,101,-1,-1,-1,-1,,,,,
36202,6426008,-1,19,1,-1,-1,-1,-1,-1,-1,66,1,450,-1,-1,-1,-1,,,,,
36203,6426021,-1,249,8,-1,-1,-1,-1,-1,-1,24,1,101,-1,-1,-1,-1,,,,,
36204,6426068,-1,0,32,-1,-1,-1,-1,-1,-1,41,1,28,-1,-1,-1,-1,,,,,
36205,6426081,-1,26,32,-1,-1,-1,-1,-1,-1,41,1,28,-1,-1,-1,-1,,,,,
36206,6426144,-1,14,1,-1,-1,-1,-1,-1,-1,66,1,449,-1,-1,-1,-1,,,,,
36207,6426148,-1,26,32,-1,-1,-1,-1,-1,-1,41,1,28,-1,-1,-1,-1,,,,,
36208,6426256,-1,54,4,-1,-1,-1,-1,-1,-1,55,1,347,-1,-1,-1,-1,,,,,
36209,6426349,-1,13,1,-1,-1,-1,-1,-1,-1,4,1,2,-1,-1,-1,-1,,,,,
36211,6426490,-1,222,32,-1,-1,-1,-1,-1,-1,12,2,-1,-1,-1,-1,-1,,,,,
36212,6426535,-1,35,32,-1,-1,-1,-1,-1,-1,41,1,28,-1,-1,-1,-1,,,,,
36213,6426550,-1,26,1,-1,-1,-1,-1,-1,-1,66,1,449,-1,-1,-1,-1,,,,,
36214,6426582,-1,0,32,-1,-1,-1,-1,-1,-1,41,1,28,-1,-1,-1,-1,,,,,
36215,6426592,-1,29,32,-1,-1,-1,-1,-1,-1,41,1,28,-1,-1,-1,-1,,,,,
36216,6426652,-1,5,1,-1,-1,-1,-1,-1,-1,66,1,450,-1,-1,-1,-1,,,,,
36217,6426695,-1,50,4,-1,-1,-1,-1,-1,-1,55,1,347,-1,-1,-1,-1,,,,,
36219,6426757,-1,0,32,-1,-1,-1,-1,-1,-1,41,1,28,-1,-1,-1,-1,,,,,
36220,6426767,-1,40,64,-1,-1,-1,-1,-1,-1,41,1,28,-1,-1,-1,-1,,,,,
36223,6426836,-1,228,64,-1,-1,-1,-1,-1,-1,41,1,28,-1,-1,-1,-1,,,,,
36225,6427097,-1,47,4,-1,-1,-1,-1,-1,-1,55,1,347,-1,-1,-1,-1,,,,,
36226,6427109,-1,145,64,-1,-1,-1,-1,-1,-1,41,1,28,-1,-1,-1,-1,,,,,
36227,6427278,-1,15,1,-1,-1,-1,-1,-1,-1,4,1,4,-1,-1,-1,-1,,,,,
36228,6427382,-1,46,4,-1,-1,-1,-1,-1,-1,55,1,347,-1,-1,-1,-1,,,,,
36229,6427418,-1,127,64,-1,-1,-1,-1,-1,-1,41,1,28,-1,-1,-1,-1,,,,,
36230,6427568,-1,46,4,-1,-1,-1,-1,-1,-1,55,1,347,-1,-1,-1,-1,,,,,
36231,6427595,-1,12,1,-1,-1,-1,-1,-1,-1,66,1,450,-1,-1,-1,-1,,,,,
36232,6427714,-1,5,1,-1,-1,-1,-1,-1,-1,66,1,450,-1,-1,-1,-1,,,,,
36233,6427777,-1,11,1,-1,-1,-1,-1,-1,-1,66,1,450,-1,-1,-1,-1,,,,,
36234,6427793,-1,663,32,-1,-1,-1,-1,-1,-1,24,1,101,-1,-1,-1,-1,,,,,
36235,6427826,-1,632,8,-1,-1,-1,-1,-1,-1,24,1,101,-1,-1,-1,-1,,,,,
36237,6427967,-1,27,4,-1,-1,-1,-1,-1,-1,5,2,5,-1,-1,-1,-1,,,,,
36238,6428031,-1,140,4,-1,-1,-1,-1,-1,-1,5,2,11,-1,-1,-1,-1,,,,,
36239,6428114,-1,61,4,-1,-1,-1,-1,-1,-1,55,1,347,-1,-1,-1,-1,,,,,
36241,6428450,-1,48,4,-1,-1,-1,-1,-1,-1,55,1,347,-1,-1,-1,-1,,,,,
36242,6428567,-1,9,1,-1,-1,-1,-1,-1,-1,4,1,2,-1,-1,-1,-1,,,,,
36243,6428795,-1,22,1,-1,-1,-1,-1,-1,-1,4,1,4,-1,-1,-1,-1,,,,,
36244,6428821,-1,255,64,-1,-1,-1,-1,-1,-1,60,1,80,-1,-1,-1,-1,,,,,
36245,6428838,-1,2629,32,-1,-1,-1,-1,-1,-1,4,1,-1,-1,-1,-1,-1,,,,,
36246,6428895,-1,126,4,-1,-1,-1,-1,-1,-1,55,1,347,-1,-1,-1,-1,,,,,
36248,6429217,-1,53,4,-1,-1,-1,-1,-1,-1,55,1,347,-1,-1,-1,-1,,,,,
36251,6429397,-1,42,4,-1,-1,-1,-1,-1,-1,5,2,11,-1,-1,-1,-1,,,,,
36252,6429414,-1,225,64,-1,-1,-1,-1,-1,-1,60,1,80,-1,-1,-1,-1,,,,,
36253,6429447,-1,16,1,-1,-1,-1,-1,-1,-1,55,1,353,-1,-1,-1,-1,,,,,
36255,6429499,-1,96,4,-1,-1,-1,-1,-1,-1,5,2,11,-1,-1,-1,-1,,,,,
36258,6429750,-1,146,4,-1,-1,-1,-1,-1,-1,5,2,11,-1,-1,-1,-1,,,,,
36259,6429878,-1,1255,1,-1,-1,-1,-1,-1,-1,55,1,353,-1,-1,-1,-1,,,,,
36260,6429916,-1,32,1,-1,-1,-1,-1,-1,-1,9,2,9,-1,-1,-1,-1,,,,,
36263,6430687,-1,127,64,-1,-1,-1,-1,-1,-1,41,1,28,-1,-1,-1,-1,,,,,
36264,6430755,-1,74,16,-1,-1,-1,-1,-1,-1,60,1,80,-1,-1,-1,-1,,,,,
36265,6430823,-1,121,64,-1,-1,-1,-1,-1,-1,41,1,28,-1,-1,-1,-1,,,,,
36266,6430836,-1,57,16,-1,-1,-1,-1,-1,-1,60,1,80,-1,-1,-1,-1,,,,,
36268,6431057,-1,28,1,-1,-1,-1,-1,-1,-1,6,1,6,-1,-1,-1,-1,,,,,
36273,6431267,-1,113,64,-1,-1,-1,-1,-1,-1,41,1,28,-1,-1,-1,-1,,,,,
36274,6431275,-1,69,32,-1,-1,-1,-1,-1,-1,5,2,11,-1,-1,-1,-1,,,,,
36275,6431386,-1,108,64,-1,-1,-1,-1,-1,-1,41,1,28,-1,-1,-1,-1,,,,,
36276,6431478,-1,20,1,-1,-1,-1,-1,-1,-1,4,1,4,-1,-1,-1,-1,,,,,
36277,6431530,-1,169,32,-1,-1,-1,-1,-1,-1,4,1,3,-1,-1,-1,-1,,,,,
36278,6431681,-1,37,64,-1,-1,-1,-1,-1,-1,41,1,28,-1,-1,-1,-1,,,,,
36280,6431741,-1,39,64,-1,-1,-1,-1,-1,-1,41,1,28,-1,-1,-1,-1,,,,,
36281,6431777,-1,438,32,-1,-1,-1,-1,-1,-1,4,1,3,-1,-1,-1,-1,,,,,
36282,6432069,-1,227,16,-1,-1,-1,-1,-1,-1,60,1,80,-1,-1,-1,-1,,,,,
36284,6432217,-1,17,1,-1,-1,-1,-1,-1,-1,4,1,4,-1,-1,-1,-1,,,,,
36285,6432250,-1,11,1,-1,-1,-1,-1,-1,-1,4,1,2,-1,-1,-1,-1,,,,,
36286,6432326,-1,228,16,-1,-1,-1,-1,-1,-1,60,1,80,-1,-1,-1,-1,,,,,
36287,6432390,-1,788,32,-1,-1,-1,-1,-1,-1,4,1,3,-1,-1,-1,-1,,,,,
36293,6433113,-1,82,16,-1,-1,-1,-1,-1,-1,60,1,80,-1,-1,-1,-1,,,,,
36294,6433180,-1,16,1,-1,-1,-1,-1,-1,-1,4,1,4,-1,-1,-1,-1,,,,,
36295,6433206,-1,10,1,-1,-1,-1,-1,-1,-1,4,1,2,-1,-1,-1,-1,,,,,
36297,6433260,-1,791,32,-1,-1,-1,-1,-1,-1,4,1,3,-1,-1,-1,-1,,,,,
36299,6433813,-1,74,16,-1,-1,-1,-1,-1,-1,60,1,80,-1,-1,-1,-1,,,,,
36300,6433983,-1,40,1,-1,-1,-1,-1,-1,-1,6,1,6,-1,-1,-1,-1,,,,,
36302,6434048,-1,48,16,-1,-1,-1,-1,-1,-1,60,1,80,-1,-1,-1,-1,,,,,
36303,6434056,-1,25,1,-1,-1,-1,-1,-1,-1,4,1,4,-1,-1,-1,-1,,,,,
36304,6434058,-1,13,1,-1,-1,-1,-1,-1,-1,4,1,2,-1,-1,-1,-1,,,,,
36306,6434109,-1,160,1,-1,-1,-1,-1,-1,-1,6,1,6,-1,-1,-1,-1,,,,,
36307,6434121,-1,53,16,-1,-1,-1,-1,-1,-1,60,1,80,-1,-1,-1,-1,,,,,
36309,6434173,-1,949,32,-1,-1,-1,-1,-1,-1,4,1,-1,-1,-1,-1,-1,,,,,
36311,6434253,-1,45,1,-1,-1,-1,-1,-1,-1,15,1,12,-1,-1,-1,-1,,,,,
36312,6434318,-1,24,1,-1,-1,-1,-1,-1,-1,15,1,12,-1,-1,-1,-1,,,,,
36314,6434327,-1,7,1,-1,-1,-1,-1,-1,-1,6,1,6,-1,-1,-1,-1,,,,,
36315,6434349,-1,17,1,-1,-1,-1,-1,-1,-1,6,1,6,-1,-1,-1,-1,,,,,
36316,6434349,-1,213,4,-1,-1,-1,-1,-1,-1,15,1,19,-1,-1,-1,-1,,,,,
36317,6434372,-1,1236,32,-1,-1,-1,-1,-1,-1,55,1,347,-1,-1,-1,-1,,,,,
36318,6434376,-1,186,2,-1,-1,-1,-1,-1,-1,15,1,20,-1,-1,-1,-1,,,,,
36319,6434659,-1,60,1,-1,-1,-1,-1,-1,-1,6,1,6,-1,-1,-1,-1,,,,,
36320,6434776,-1,48,1,-1,-1,-1,-1,-1,-1,6,1,6,-1,-1,-1,-1,,,,,
36322,6435011,-1,40,1,-1,-1,-1,-1,-1,-1,15,1,12,-1,-1,-1,-1,,,,,
36323,6435068,-1,19,1,-1,-1,-1,-1,-1,-1,15,1,12,-1,-1,-1,-1,,,,,
36324,6435091,-1,144,4,-1,-1,-1,-1,-1,-1,15,1,19,-1,-1,-1,-1,,,,,
36325,6435113,-1,124,2,-1,-1,-1,-1,-1,-1,15,1,20,-1,-1,-1,-1,,,,,
36326,6435187,-1,34,2,-1,-1,-1,-1,-1,-1,40,2,71,-1,-1,-1,-1,,,,,
36327,6435210,-1,594,32,-1,-1,-1,-1,-1,-1,4,1,3,-1,-1,-1,-1,,,,,
36328,6435309,-1,44,1,-1,-1,-1,-1,-1,-1,15,1,12,-1,-1,-1,-1,,,,,
36330,6435370,-1,27,1,-1,-1,-1,-1,-1,-1,15,1,12,-1,-1,-1,-1,,,,,
36331,6435378,-1,17,2,-1,-1,-1,-1,-1,-1,40,2,71,-1,-1,-1,-1,,,,,
36332,6435400,-1,133,4,-1,-1,-1,-1,-1,-1,15,1,19,-1,-1,-1,-1,,,,,
36333,6435423,-1,113,2,-1,-1,-1,-1,-1,-1,15,1,20,-1,-1,-1,-1,,,,,
36334,6435555,-1,134,64,-1,-1,-1,-1,-1,-1,41,1,28,-1,-1,-1,-1,,,,,
36335,6435684,-1,1786,32,-1,-1,-1,-1,-1,-1,55,1,347,-1,-1,-1,-1,,,,,
36336,6435706,-1,46,1,-1,-1,-1,-1,-1,-1,15,1,102,-1,-1,-1,-1,,,,,
36337,6435819,-1,47,2,-1,-1,-1,-1,-1,-1,40,2,71,-1,-1,-1,-1,,,,,
36338,6435833,-1,55,1,-1,-1,-1,-1,-1,-1,4,1,4,-1,-1,-1,-1,,,,,
36339,6435835,-1,40,1,-1,-1,-1,-1,-1,-1,4,1,2,-1,-1,-1,-1,,,,,
36341,6435965,-1,460,4,-1,-1,-1,-1,-1,-1,15,1,19,-1,-1,-1,-1,,,,,
36342,6435994,-1,433,2,-1,-1,-1,-1,-1,-1,15,1,20,-1,-1,-1,-1,,,,,
36343,6436005,-1,752,32,-1,-1,-1,-1,-1,-1,4,1,3,-1,-1,-1,-1,,,,,
36344,6436134,-1,25,2,-1,-1,-1,-1,-1,-1,40,2,71,-1,-1,-1,-1,,,,,
36345,6436195,-1,40,1,-1,-1,-1,-1,-1,-1,40,2,1,-1,-1,-1,-1,,,,,
36347,6436611,-1,136,4,-1,-1,-1,-1,-1,-1,15,1,19,-1,-1,-1,-1,,,,,
36348,6436634,-1,374,2,-1,-1,-1,-1,-1,-1,15,1,20,-1,-1,-1,-1,,,,,
36349,6436718,-1,38,2,-1,-1,-1,-1,-1,-1,40,2,71,-1,-1,-1,-1,,,,,
36350,6436764,-1,32,1,-1,-1,-1,-1,-1,-1,4,1,4,-1,-1,-1,-1,,,,,
36351,6436768,-1,18,1,-1,-1,-1,-1,-1,-1,4,1,2,-1,-1,-1,-1,,,,,
36352,6436874,-1,30,2,-1,-1,-1,-1,-1,-1,40,2,71,-1,-1,-1,-1,,,,,
36354,6436973,-1,24,2,-1,-1,-1,-1,-1,-1,40,2,71,-1,-1,-1,-1,,,,,
36355,6436975,-1,31,1,-1,-1,-1,-1,-1,-1,15,1,12,-1,-1,-1,-1,,,,,
36356,6437010,-1,123,4,-1,-1,-1,-1,-1,-1,15,1,19,-1,-1,-1,-1,,,,,
36357,6437035,-1,98,2,-1,-1,-1,-1,-1,-1,15,1,20,-1,-1,-1,-1,,,,,
36358,6437188,-1,197,4,-1,-1,-1,-1,-1,-1,15,1,19,-1,-1,-1,-1,,,,,
36359,6437210,-1,2599,2,-1,-1,-1,-1,-1,-1,15,1,20,-1,-1,-1,-1,,,,,
36361,6437321,-1,44,2,-1,-1,-1,-1,-1,-1,40,2,71,-1,-1,-1,-1,,,,,
36364,6437427,-1,45,2,-1,-1,-1,-1,-1,-1,40,2,71,-1,-1,-1,-1,,,,,
36365,6437473,-1,1801,32,-1,-1,-1,-1,-1,-1,55,1,347,-1,-1,-1,-1,,,,,
36368,6437744,-1,34,2,-1,-1,-1,-1,-1,-1,40,2,71,-1,-1,-1,-1,,,,,
36369,6437798,-1,18,2,-1,-1,-1,-1,-1,-1,40,2,71,-1,-1,-1,-1,,,,,
36370,6437859,-1,37,2,-1,-1,-1,-1,-1,-1,40,2,71,-1,-1,-1,-1,,,,,
36371,6438025,-1,17,2,-1,-1,-1,-1,-1,-1,40,2,71,-1,-1,-1,-1,,,,,
36372,6438069,-1,20,2,-1,-1,-1,-1,-1,-1,40,2,71,-1,-1,-1,-1,,,,,
36373,6438141,-1,23,2,-1,-1,-1,-1,-1,-1,40,2,71,-1,-1,-1,-1,,,,,
36374,6438207,-1,101,2,-1,-1,-1,-1,-1,-1,40,2,71,-1,-1,-1,-1,,,,,
36375,6438215,-1,114,32,-1,-1,-1,-1,-1,-1,4,1,3,-1,-1,-1,-1,,,,,
36377,6438325,-1,103,2,-1,-1,-1,-1,-1,-1,40,2,71,-1,-1,-1,-1,,,,,
36378,6438331,-1,19,1,-1,-1,-1,-1,-1,-1,4,1,4,-1,-1,-1,-1,,,,,
36379,6438489,-1,106,2,-1,-1,-1,-1,-1,-1,40,2,71,-1,-1,-1,-1,,,,,
36380,6438519,-1,105,32,-1,-1,-1,-1,-1,-1,4,1,3,-1,-1,-1,-1,,,,,
36381,6438631,-1,110,2,-1,-1,-1,-1,-1,-1,40,2,71,-1,-1,-1,-1,,,,,
36383,6438736,-1,97,32,-1,-1,-1,-1,-1,-1,4,1,3,-1,-1,-1,-1,,,,,
36384,6438835,-1,20,1,-1,-1,-1,-1,-1,-1,4,1,4,-1,-1,-1,-1,,,,,
36385,6438862,-1,97,2,-1,-1,-1,-1,-1,-1,40,2,71,-1,-1,-1,-1,,,,,
36387,6439104,-1,103,2,-1,-1,-1,-1,-1,-1,40,2,71,-1,-1,-1,-1,,,,,
36391,6439287,-1,195,32,-1,-1,-1,-1,-1,-1,55,1,347,-1,-1,-1,-1,,,,,
36393,6439358,-1,614,32,-1,-1,-1,-1,-1,-1,4,1,3,-1,-1,-1,-1,,,,,
36394,6439419,-1,34,1,-1,-1,-1,-1,-1,-1,15,1,12,-1,-1,-1,-1,,,,,
36395,6439488,-1,5442,32,-1,-1,-1,-1,-1,-1,55,1,347,-1,-1,-1,-1,,,,,
36396,6439637,-1,229,32,-1,-1,-1,-1,-1,-1,24,1,101,-1,-1,-1,-1,,,,,
36397,6439726,-1,147,8,-1,-1,-1,-1,-1,-1,24,1,101,-1,-1,-1,-1,,,,,
36398,6439775,-1,31,1,-1,-1,-1,-1,-1,-1,15,1,12,-1,-1,-1,-1,,,,,
36399,6439819,-1,32,4,-1,-1,-1,-1,-1,-1,15,1,19,-1,-1,-1,-1,,,,,
36401,6439976,-1,20,1,-1,-1,-1,-1,-1,-1,4,1,4,-1,-1,-1,-1,,,,,
36404,6440728,-1,164,4,-1,-1,-1,-1,-1,-1,15,1,19,-1,-1,-1,-1,,,,,
36406,6440749,-1,2326,2,-1,-1,-1,-1,-1,-1,15,1,20,-1,-1,-1,-1,,,,,
36410,6441081,-1,103,32,-1,-1,-1,-1,-1,-1,4,1,3,-1,-1,-1,-1,,,,,
36411,6441187,-1,18,1,-1,-1,-1,-1,-1,-1,4,1,4,-1,-1,-1,-1,,,,,
36413,6441408,-1,99,32,-1,-1,-1,-1,-1,-1,4,1,3,-1,-1,-1,-1,,,,,
36414,6441510,-1,17,1,-1,-1,-1,-1,-1,-1,4,1,4,-1,-1,-1,-1,,,,,
36416,6442007,-1,112,32,-1,-1,-1,-1,-1,-1,4,1,3,-1,-1,-1,-1,,,,,
36417,6442121,-1,19,1,-1,-1,-1,-1,-1,-1,4,1,4,-1,-1,-1,-1,,,,,
36423,6442419,-1,2,1,-1,-1,-1,-1,-1,-1,15,1,12,-1,-1,-1,-1,,,,,
36424,6442457,-1,376,16,-1,-1,-1,-1,-1,-1,5,2,11,-1,-1,-1,-1,,,,,
36425,6442463,-1,23,1,-1,-1,-1,-1,-1,-1,15,1,12,-1,-1,-1,-1,,,,,
36427,6443049,-1,25,1,-1,-1,-1,-1,-1,-1,15,1,12,-1,-1,-1,-1,,,,,
36428,6443076,-1,169,4,-1,-1,-1,-1,-1,-1,15,1,19,-1,-1,-1,-1,,,,,
36429,6443100,-1,394,2,-1,-1,-1,-1,-1,-1,15,1,20,-1,-1,-1,-1,,,,,
36430,6443264,-1,41,1,-1,-1,-1,-1,-1,-1,15,1,12,-1,-1,-1,-1,,,,,
36431,6443274,-1,59,16,-1,-1,-1,-1,-1,-1,60,1,319,-1,-1,-1,-1,,,,,
36433,6443470,-1,22,1,-1,-1,-1,-1,-1,-1,15,1,12,-1,-1,-1,-1,,,,,
36434,6443495,-1,173,4,-1,-1,-1,-1,-1,-1,15,1,19,-1,-1,-1,-1,,,,,
36435,6443518,-1,214,2,-1,-1,-1,-1,-1,-1,15,1,20,-1,-1,-1,-1,,,,,
36437,6443734,-1,228,4,-1,-1,-1,-1,-1,-1,15,1,19,-1,-1,-1,-1,,,,,
36439,6443760,-1,403,2,-1,-1,-1,-1,-1,-1,15,1,20,-1,-1,-1,-1,,,,,
36440,6443797,-1,582,32,-1,-1,-1,-1,-1,-1,4,1,3,-1,-1,-1,-1,,,,,
36441,6443849,-1,34,1,-1,-1,-1,-1,-1,-1,17,1,451,-1,-1,-1,-1,,,,,
36442,6443913,-1,33,1,-1,-1,-1,-1,-1,-1,17,1,451,-1,-1,-1,-1,,,,,
36444,6443992,-1,42,1,-1,-1,-1,-1,-1,-1,15,1,12,-1,-1,-1,-1,,,,,
36445,6443993,-1,67,1,-1,-1,-1,-1,-1,-1,17,1,451,-1,-1,-1,-1,,,,,
36447,6444139,-1,22,1,-1,-1,-1,-1,-1,-1,15,1,12,-1,-1,-1,-1,,,,,
36448,6444164,-1,162,4,-1,-1,-1,-1,-1,-1,15,1,19,-1,-1,-1,-1,,,,,
36449,6444185,-1,25208,2,-1,-1,-1,-1,-1,-1,15,1,20,-1,-1,-1,-1,,,,,
36450,6444200,-1,110,1,-1,-1,-1,-1,-1,-1,17,1,451,-1,-1,-1,-1,,,,,
36451,6444349,-1,31,1,-1,-1,-1,-1,-1,-1,15,1,12,-1,-1,-1,-1,,,,,
36452,6444383,-1,10,1,-1,-1,-1,-1,-1,-1,4,1,2,-1,-1,-1,-1,,,,,
36453,6444384,-1,20,1,-1,-1,-1,-1,-1,-1,4,1,4,-1,-1,-1,-1,,,,,
36454,6444403,-1,8,1,-1,-1,-1,-1,-1,-1,4,1,2,-1,-1,-1,-1,,,,,
36455,6444492,-1,520,32,-1,-1,-1,-1,-1,-1,4,1,-1,-1,-1,-1,-1,,,,,
36457,6444821,-1,10,1,-1,-1,-1,-1,-1,-1,66,1,450,-1,-1,-1,-1,,,,,
36459,6445026,-1,3,1,-1,-1,-1,-1,-1,-1,66,1,450,-1,-1,-1,-1,,,,,
36460,6445058,-1,1717,32,-1,-1,-1,-1,-1,-1,4,1,-1,-1,-1,-1,-1,,,,,
36462,6445340,-1,11,1,-1,-1,-1,-1,-1,-1,66,1,450,-1,-1,-1,-1,,,,,
36464,6445397,-1,13,1,-1,-1,-1,-1,-1,-1,66,1,449,-1,-1,-1,-1,,,,,
36468,6445699,-1,702,32,-1,-1,-1,-1,-1,-1,55,1,347,-1,-1,-1,-1,,,,,
36469,6445920,-1,557,16,-1,-1,-1,-1,-1,-1,40,2,81,-1,-1,-1,-1,,,,,
36471,6446315,-1,148,1,-1,-1,-1,-1,-1,-1,58,1,379,-1,-1,-1,-1,,,,,
36472,6446410,-1,91,16,-1,-1,-1,-1,-1,-1,40,2,81,-1,-1,-1,-1,,,,,
36473,6446414,-1,68,4,-1,-1,-1,-1,-1,-1,55,1,347,-1,-1,-1,-1,,,,,
36474,6446479,-1,127,1,-1,-1,-1,-1,-1,-1,58,1,379,-1,-1,-1,-1,,,,,
36476,6446654,-1,189,1,-1,-1,-1,-1,-1,-1,58,1,379,-1,-1,-1,-1,,,,,
36477,6446705,-1,129,16,-1,-1,-1,-1,-1,-1,40,2,80,-1,-1,-1,-1,,,,,
36478,6446716,-1,82,16,-1,-1,-1,-1,-1,-1,40,2,80,-1,-1,-1,-1,,,,,
36479,6446808,-1,1655,64,-1,-1,-1,-1,-1,-1,4,1,3,-1,-1,-1,-1,,,,,
36480,6446835,-1,195,16,-1,-1,-1,-1,-1,-1,40,2,80,-1,-1,-1,-1,,,,,
36481,6446851,-1,212,16,-1,-1,-1,-1,-1,-1,40,2,80,-1,-1,-1,-1,,,,,
36484,6447080,-1,1180,32,-1,-1,-1,-1,-1,-1,55,1,347,-1,-1,-1,-1,,,,,
36485,6447089,-1,224,16,-1,-1,-1,-1,-1,-1,40,2,80,-1,-1,-1,-1,,,,,
36490,6448269,-1,440,32,-1,-1,-1,-1,-1,-1,55,1,347,-1,-1,-1,-1,,,,,
36491,6448473,-1,9,1,-1,-1,-1,-1,-1,-1,4,1,4,-1,-1,-1,-1,,,,,
36492,6448484,-1,174,64,-1,-1,-1,-1,-1,-1,40,2,80,-1,-1,-1,-1,,,,,
36497,6449033,-1,599,32,-1,-1,-1,-1,-1,-1,55,1,347,-1,-1,-1,-1,,,,,
36499,6449158,-1,38,1,-1,-1,-1,-1,-1,-1,4,1,2,-1,-1,-1,-1,,,,,
36501,6449227,-1,32,4,-1,-1,-1,-1,-1,-1,7,1,37,-1,-1,-1,-1,,,,,
36502,6449420,-1,55,8,-1,-1,-1,-1,-1,-1,40,2,80,-1,-1,-1,-1,,,,,
36503,6449503,-1,99,64,-1,-1,-1,-1,-1,-1,40,2,80,-1,-1,-1,-1,,,,,
36505,6449858,-1,175,64,-1,-1,-1,-1,-1,-1,12,2,14,-1,-1,-1,-1,,,,,
36506,6449983,-1,1202,32,-1,-1,-1,-1,-1,-1,55,1,347,-1,-1,-1,-1,,,,,
36507,6450078,-1,266,4,-1,-1,-1,-1,-1,-1,55,1,347,-1,-1,-1,-1,,,,,
36508,6450114,-1,206,64,-1,-1,-1,-1,-1,-1,40,2,80,-1,-1,-1,-1,,,,,
36510,6450333,-1,181,64,-1,-1,-1,-1,-1,-1,40,2,80,-1,-1,-1,-1,,,,,
36511,6450456,-1,21,4,-1,-1,-1,-1,-1,-1,7,1,37,-1,-1,-1,-1,,,,,
36512,6450525,-1,202,64,-1,-1,-1,-1,-1,-1,40,2,80,-1,-1,-1,-1,,,,,
36515,6450657,-1,31,4,-1,-1,-1,-1,-1,-1,7,1,37,-1,-1,-1,-1,,,,,
36519,6450835,-1,142,4,-1,-1,-1,-1,-1,-1,7,1,37,-1,-1,-1,-1,,,,,
36520,6451194,-1,15919,32,-1,-1,-1,-1,-1,-1,55,1,347,-1,-1,-1,-1,,,,,
36522,6451593,-1,69,4,-1,-1,-1,-1,-1,-1,7,1,37,-1,-1,-1,-1,,,,,
36532,6453063,-1,192,64,-1,-1,-1,-1,-1,-1,40,2,80,-1,-1,-1,-1,,,,,
36534,6453270,-1,199,64,-1,-1,-1,-1,-1,-1,40,2,80,-1,-1,-1,-1,,,,,
36539,6453922,-1,1166,64,-1,-1,-1,-1,-1,-1,4,1,3,-1,-1,-1,-1,,,,,
36547,6455090,-1,10,1,-1,-1,-1,-1,-1,-1,4,1,4,-1,-1,-1,-1,,,,,
36548,6455107,-1,3,1,-1,-1,-1,-1,-1,-1,4,1,2,-1,-1,-1,-1,,,,,
36549,6455112,-1,14,1,-1,-1,-1,-1,-1,-1,4,1,2,-1,-1,-1,-1,,,,,
36550,6455481,-1,1119,32,-1,-1,-1,-1,-1,-1,4,1,-1,-1,-1,-1,-1,,,,,
36552,6455951,-1,165,1,-1,-1,-1,-1,-1,-1,51,1,379,-1,-1,-1,-1,,,,,
36554,6456272,-1,150,32,-1,-1,-1,-1,-1,-1,24,1,101,-1,-1,-1,-1,,,,,
36555,6456291,-1,135,8,-1,-1,-1,-1,-1,-1,24,1,101,-1,-1,-1,-1,,,,,
36561,6456686,-1,159,32,-1,-1,-1,-1,-1,-1,4,1,3,-1,-1,-1,-1,,,,,
36562,6456932,-1,181,32,-1,-1,-1,-1,-1,-1,4,1,3,-1,-1,-1,-1,,,,,
36564,6457139,-1,389,32,-1,-1,-1,-1,-1,-1,4,1,3,-1,-1,-1,-1,,,,,
36566,6457662,-1,256,32,-1,-1,-1,-1,-1,-1,4,1,3,-1,-1,-1,-1,,,,,
36567,6457761,-1,29,1,-1,-1,-1,-1,-1,-1,51,1,324,-1,-1,-1,-1,,,,,
36573,6458585,-1,109,1,-1,-1,-1,-1,-1,-1,51,1,379,-1,-1,-1,-1,,,,,
36575,6458790,-1,128,1,-1,-1,-1,-1,-1,-1,51,1,379,-1,-1,-1,-1,,,,,
36576,6458792,-1,202,32,-1,-1,-1,-1,-1,-1,4,1,3,-1,-1,-1,-1,,,,,
36578,6459344,-1,203,32,-1,-1,-1,-1,-1,-1,4,1,3,-1,-1,-1,-1,,,,,
36580,6459554,-1,158,1,-1,-1,-1,-1,-1,-1,51,1,379,-1,-1,-1,-1,,,,,
36582,6459609,-1,182,32,-1,-1,-1,-1,-1,-1,4,1,3,-1,-1,-1,-1,,,,,
36585,6459793,-1,19,1,-1,-1,-1,-1,-1,-1,17,1,452,-1,-1,-1,-1,,,,,
36587,6459825,-1,93,1,-1,-1,-1,-1,-1,-1,51,1,379,-1,-1,-1,-1,,,,,
36588,6460051,-1,333,32,-1,-1,-1,-1,-1,-1,4,1,3,-1,-1,-1,-1,,,,,
36589,6460259,-1,103,1,-1,-1,-1,-1,-1,-1,51,1,379,-1,-1,-1,-1,,,,,
36591,6460386,-1,21,1,-1,-1,-1,-1,-1,-1,4,1,4,-1,-1,-1,-1,,,,,
36592,6460388,-1,9,1,-1,-1,-1,-1,-1,-1,4,1,2,-1,-1,-1,-1,,,,,
36593,6460471,-1,4493,32,-1,-1,-1,-1,-1,-1,4,1,3,-1,-1,-1,-1,,,,,
36594,6460508,-1,149,1,-1,-1,-1,-1,-1,-1,51,1,379,-1,-1,-1,-1,,,,,
36595,6460519,-1,154,32,-1,-1,-1,-1,-1,-1,24,1,101,-1,-1,-1,-1,,,,,
36596,6460585,-1,93,8,-1,-1,-1,-1,-1,-1,24,1,101,-1,-1,-1,-1,,,,,
36597,6460736,-1,110,1,-1,-1,-1,-1,-1,-1,51,1,379,-1,-1,-1,-1,,,,,
36604,6461797,-1,78,4,-1,-1,-1,-1,-1,-1,7,1,37,-1,-1,-1,-1,,,,,
36606,6461934,-1,252,1,-1,-1,-1,-1,-1,-1,58,1,379,-1,-1,-1,-1,,,,,
36607,6461959,-1,76,4,-1,-1,-1,-1,-1,-1,7,1,37,-1,-1,-1,-1,,,,,
36608,6462214,-1,139,1,-1,-1,-1,-1,-1,-1,58,1,379,-1,-1,-1,-1,,,,,
36609,6462275,-1,66,8,-1,-1,-1,-1,-1,-1,7,1,37,-1,-1,-1,-1,,,,,
36610,6462306,-1,21,1,-1,-1,-1,-1,-1,-1,9,2,9,-1,-1,-1,-1,,,,,
36615,6462796,-1,126,1,-1,-1,-1,-1,-1,-1,58,1,379,-1,-1,-1,-1,,,,,
36618,6463021,-1,16,16,-1,-1,-1,-1,-1,-1,7,1,37,-1,-1,-1,-1,,,,,
36619,6463050,-1,106,16,-1,-1,-1,-1,-1,-1,7,1,37,-1,-1,-1,-1,,,,,
36620,6463277,-1,129,16,-1,-1,-1,-1,-1,-1,7,1,37,-1,-1,-1,-1,,,,,
36622,6463425,-1,58,8,-1,-1,-1,-1,-1,-1,7,1,37,-1,-1,-1,-1,,,,,
36623,6463532,-1,70,4,-1,-1,-1,-1,-1,-1,7,1,37,-1,-1,-1,-1,,,,,
36624,6463603,-1,124,1,-1,-1,-1,-1,-1,-1,58,1,379,-1,-1,-1,-1,,,,,
36625,6463707,-1,78,4,-1,-1,-1,-1,-1,-1,7,1,37,-1,-1,-1,-1,,,,,
36626,6463796,-1,67,8,-1,-1,-1,-1,-1,-1,7,1,37,-1,-1,-1,-1,,,,,
36628,6463888,-1,96,16,-1,-1,-1,-1,-1,-1,7,1,37,-1,-1,-1,-1,,,,,
36629,6464162,-1,57,8,-1,-1,-1,-1,-1,-1,7,1,37,-1,-1,-1,-1,,,,,
36631,6464224,-1,64,16,-1,-1,-1,-1,-1,-1,7,1,37,-1,-1,-1,-1,,,,,
36632,6464251,-1,144,1,-1,-1,-1,-1,-1,-1,58,1,379,-1,-1,-1,-1,,,,,
36637,6464501,-1,121,1,-1,-1,-1,-1,-1,-1,58,1,379,-1,-1,-1,-1,,,,,
36638,6464746,-1,114,1,-1,-1,-1,-1,-1,-1,58,1,379,-1,-1,-1,-1,,,,,
36640,6465041,-1,114,1,-1,-1,-1,-1,-1,-1,58,1,379,-1,-1,-1,-1,,,,,
36641,6465143,-1,69,4,-1,-1,-1,-1,-1,-1,7,1,37,-1,-1,-1,-1,,,,,
36642,6465232,-1,62,8,-1,-1,-1,-1,-1,-1,7,1,37,-1,-1,-1,-1,,,,,
36644,6465348,-1,60,16,-1,-1,-1,-1,-1,-1,7,1,37,-1,-1,-1,-1,,,,,
36645,6465417,-1,111,1,-1,-1,-1,-1,-1,-1,58,1,379,-1,-1,-1,-1,,,,,
36646,6465678,-1,116,1,-1,-1,-1,-1,-1,-1,58,1,379,-1,-1,-1,-1,,,,,
36650,6465806,-1,129,1,-1,-1,-1,-1,-1,-1,58,1,379,-1,-1,-1,-1,,,,,
36653,6466234,-1,498,32,-1,-1,-1,-1,-1,-1,4,1,3,-1,-1,-1,-1,,,,,
36654,6466272,-1,174,1,-1,-1,-1,-1,-1,-1,58,1,379,-1,-1,-1,-1,,,,,
36656,6466545,-1,109,1,-1,-1,-1,-1,-1,-1,58,1,379,-1,-1,-1,-1,,,,,
36657,6466815,-1,1267,32,-1,-1,-1,-1,-1,-1,4,1,3,-1,-1,-1,-1,,,,,
36658,6466839,-1,168,1,-1,-1,-1,-1,-1,-1,58,1,379,-1,-1,-1,-1,,,,,
36660,6467019,-1,2379,8,-1,-1,-1,-1,-1,-1,51,1,324,-1,-1,-1,-1,,,,,
36661,6467124,-1,154,1,-1,-1,-1,-1,-1,-1,58,1,379,-1,-1,-1,-1,,,,,
36664,6467414,-1,128,1,-1,-1,-1,-1,-1,-1,58,1,379,-1,-1,-1,-1,,,,,
36668,6467693,-1,114,1,-1,-1,-1,-1,-1,-1,58,1,379,-1,-1,-1,-1,,,,,
36669,6467910,-1,127,1,-1,-1,-1,-1,-1,-1,58,1,379,-1,-1,-1,-1,,,,,
36671,6468084,-1,13,1,-1,-1,-1,-1,-1,-1,4,1,4,-1,-1,-1,-1,,,,,
36672,6468104,-1,126,1,-1,-1,-1,-1,-1,-1,58,1,379,-1,-1,-1,-1,,,,,
36679,6469209,-1,6578,64,-1,-1,-1,-1,-1,-1,18,1,-1,-1,-1,-1,-1,,,,,
36680,6469238,-1,7,1,-1,-1,-1,-1,-1,-1,4,1,2,-1,-1,-1,-1,,,,,
36681,6469249,-1,9,1,-1,-1,-1,-1,-1,-1,4,1,2,-1,-1,-1,-1,,,,,
36682,6469405,-1,6868,64,-1,-1,-1,-1,-1,-1,4,1,-1,-1,-1,-1,-1,,,,,
36684,6476282,-1,105,128,-1,-1,-1,-1,-1,-1,12,2,-1,-1,-1,-1,-1,,,,,
36685,6476391,-1,10924,64,-1,-1,-1,-1,-1,-1,4,1,-1,-1,-1,-1,-1,,,,,
36687,6476596,-1,156,64,-1,-1,-1,-1,-1,-1,12,2,14,-1,-1,-1,-1,,,,,
36762,6487323,-1,89,128,-1,-1,-1,-1,-1,-1,12,2,-1,-1,-1,-1,-1,,,,,
36763,6487416,-1,10924,128,-1,-1,-1,-1,-1,-1,61,1,-1,-1,-1,-1,-1,,,,,
36804,6501990,-1,54,2,-1,-1,-1,-1,-1,-1,23,1,453,-1,-1,-1,-1,,,,,
36805,6502084,-1,71,2,-1,-1,-1,-1,-1,-1,23,1,453,-1,-1,-1,-1,,,,,
36806,6502148,-1,3,1,-1,-1,-1,-1,-1,-1,23,1,145,-1,-1,-1,-1,,,,,
36807,6502169,-1,17,1,-1,-1,-1,-1,-1,-1,23,1,145,-1,-1,-1,-1,,,,,
36810,6502229,-1,35,2,-1,-1,-1,-1,-1,-1,23,1,453,-1,-1,-1,-1,,,,,
36816,6502833,-1,17,2,-1,-1,-1,-1,-1,-1,23,1,453,-1,-1,-1,-1,,,,,
36817,6502858,-1,17,2,-1,-1,-1,-1,-1,-1,23,1,453,-1,-1,-1,-1,,,,,
36818,6502888,-1,22,4,-1,-1,-1,-1,-1,-1,23,1,453,-1,-1,-1,-1,,,,,
36819,6502930,-1,37,8,-1,-1,-1,-1,-1,-1,23,1,453,-1,-1,-1,-1,,,,,
36821,6502979,-1,18,2,-1,-1,-1,-1,-1,-1,23,1,443,-1,-1,-1,-1,,,,,
36822,6503001,-1,116,16,-1,-1,-1,-1,-1,-1,23,1,453,-1,-1,-1,-1,,,,,
36824,6503019,-1,108,16,-1,-1,-1,-1,-1,-1,23,1,443,-1,-1,-1,-1,,,,,
36827,6503316,-1,282,32,-1,-1,-1,-1,-1,-1,23,1,134,-1,-1,-1,-1,,,,,
36836,6503874,-1,28,128,-1,-1,-1,-1,-1,-1,23,1,134,-1,-1,-1,-1,,,,,
36837,6503984,-1,452,128,-1,-1,-1,-1,-1,-1,23,1,134,-1,-1,-1,-1,,,,,
36845,6505148,-1,30,2,-1,-1,-1,-1,-1,-1,23,1,27,-1,-1,-1,-1,,,,,
36847,6505207,-1,56,16,-1,-1,-1,-1,-1,-1,23,1,27,-1,-1,-1,-1,,,,,
36848,6505292,-1,104,16,-1,-1,-1,-1,-1,-1,23,1,27,-1,-1,-1,-1,,,,,
36849,6505300,-1,101,16,-1,-1,-1,-1,-1,-1,23,1,443,-1,-1,-1,-1,,,,,
36853,6505539,-1,274,64,-1,-1,-1,-1,-1,-1,4,1,3,-1,-1,-1,-1,,,,,
36855,6505816,-1,16,1,-1,-1,-1,-1,-1,-1,4,1,4,-1,-1,-1,-1,,,,,
36860,6505981,-1,92,32,-1,-1,-1,-1,-1,-1,24,1,101,-1,-1,-1,-1,,,,,
36861,6506004,-1,70,8,-1,-1,-1,-1,-1,-1,24,1,101,-1,-1,-1,-1,,,,,
36866,6506394,-1,87,32,-1,-1,-1,-1,-1,-1,24,1,101,-1,-1,-1,-1,,,,,
36867,6506422,-1,61,8,-1,-1,-1,-1,-1,-1,24,1,101,-1,-1,-1,-1,,,,,
36868,6506589,-1,78,128,-1,-1,-1,-1,-1,-1,23,1,134,-1,-1,-1,-1,,,,,
36869,6506735,-1,86,128,-1,-1,-1,-1,-1,-1,23,1,134,-1,-1,-1,-1,,,,,
36873,6507406,-1,96,32,-1,-1,-1,-1,-1,-1,24,1,101,-1,-1,-1,-1,,,,,
36874,6507430,-1,74,8,-1,-1,-1,-1,-1,-1,24,1,101,-1,-1,-1,-1,,,,,
36875,6507689,-1,14,1,-1,-1,-1,-1,-1,-1,23,1,145,-1,-1,-1,-1,,,,,
36876,6507979,-1,86,32,-1,-1,-1,-1,-1,-1,24,1,101,-1,-1,-1,-1,,,,,
36877,6507998,-1,69,8,-1,-1,-1,-1,-1,-1,24,1,101,-1,-1,-1,-1,,,,,
36878,6508766,-1,89,32,-1,-1,-1,-1,-1,-1,24,1,101,-1,-1,-1,-1,,,,,
36879,6508785,-1,73,8,-1,-1,-1,-1,-1,-1,24,1,101,-1,-1,-1,-1,,,,,
36880,6509151,-1,110,32,-1,-1,-1,-1,-1,-1,24,1,101,-1,-1,-1,-1,,,,,
36881,6509181,-1,82,8,-1,-1,-1,-1,-1,-1,24,1,101,-1,-1,-1,-1,,,,,
36882,6509480,-1,21,1,-1,-1,-1,-1,-1,-1,15,1,12,-1,-1,-1,-1,,,,,
36883,6509528,-1,37,1,-1,-1,-1,-1,-1,-1,15,1,12,-1,-1,-1,-1,,,,,
36884,6509575,-1,39,1,-1,-1,-1,-1,-1,-1,15,1,12,-1,-1,-1,-1,,,,,
36885,6509618,-1,104,4,-1,-1,-1,-1,-1,-1,15,1,19,-1,-1,-1,-1,,,,,
36886,6509641,-1,80,2,-1,-1,-1,-1,-1,-1,15,1,20,-1,-1,-1,-1,,,,,
36887,6509647,-1,139,32,-1,-1,-1,-1,-1,-1,24,1,101,-1,-1,-1,-1,,,,,
36888,6509650,-1,36,1,-1,-1,-1,-1,-1,-1,15,1,12,-1,-1,-1,-1,,,,,
36889,6509725,-1,16,4,-1,-1,-1,-1,-1,-1,15,1,19,-1,-1,-1,-1,,,,,
36890,6509764,-1,850,4,-1,-1,-1,-1,-1,-1,15,1,19,-1,-1,-1,-1,,,,,
36891,6509786,-1,831,2,-1,-1,-1,-1,-1,-1,15,1,20,-1,-1,-1,-1,,,,,
36892,6509805,-1,198,32,-1,-1,-1,-1,-1,-1,24,1,101,-1,-1,-1,-1,,,,,
36893,6509849,-1,159,8,-1,-1,-1,-1,-1,-1,24,1,101,-1,-1,-1,-1,,,,,
36894,6510347,-1,61,4,-1,-1,-1,-1,-1,-1,55,1,347,-1,-1,-1,-1,,,,,
36895,6510437,-1,61,32,-1,-1,-1,-1,-1,-1,55,1,347,-1,-1,-1,-1,,,,,
36896,6510946,-1,34,1,-1,-1,-1,-1,-1,-1,15,1,12,-1,-1,-1,-1,,,,,
36897,6510989,-1,115,4,-1,-1,-1,-1,-1,-1,15,1,19,-1,-1,-1,-1,,,,,
36898,6511010,-1,95,2,-1,-1,-1,-1,-1,-1,15,1,20,-1,-1,-1,-1,,,,,
36899,6511106,-1,5,4,-1,-1,-1,-1,-1,-1,15,1,19,-1,-1,-1,-1,,,,,
36900,6511150,-1,19,1,-1,-1,-1,-1,-1,-1,15,1,12,-1,-1,-1,-1,,,,,
36901,6511204,-1,836,4,-1,-1,-1,-1,-1,-1,15,1,19,-1,-1,-1,-1,,,,,
36902,6511226,-1,817,2,-1,-1,-1,-1,-1,-1,15,1,20,-1,-1,-1,-1,,,,,
36903,6511307,-1,35,32,-1,-1,-1,-1,-1,-1,55,1,347,-1,-1,-1,-1,,,,,
36904,6511406,-1,9,1,-1,-1,-1,-1,-1,-1,4,1,2,-1,-1,-1,-1,,,,,
36905,6511465,-1,10,1,-1,-1,-1,-1,-1,-1,4,1,2,-1,-1,-1,-1,,,,,
36906,6511529,-1,224,64,-1,-1,-1,-1,-1,-1,4,1,3,-1,-1,-1,-1,,,,,
36907,6511551,-1,62,32,-1,-1,-1,-1,-1,-1,55,1,347,-1,-1,-1,-1,,,,,
36908,6511705,-1,258,32,-1,-1,-1,-1,-1,-1,55,1,347,-1,-1,-1,-1,,,,,
36909,6511757,-1,25,1,-1,-1,-1,-1,-1,-1,4,1,4,-1,-1,-1,-1,,,,,
36910,6511863,-1,10,1,-1,-1,-1,-1,-1,-1,4,1,2,-1,-1,-1,-1,,,,,
36911,6511877,-1,11,1,-1,-1,-1,-1,-1,-1,4,1,2,-1,-1,-1,-1,,,,,
36912,6511939,-1,243,64,-1,-1,-1,-1,-1,-1,4,1,3,-1,-1,-1,-1,,,,,
36913,6512113,-1,2004,32,-1,-1,-1,-1,-1,-1,55,1,347,-1,-1,-1,-1,,,,,
36914,6512187,-1,21,1,-1,-1,-1,-1,-1,-1,4,1,4,-1,-1,-1,-1,,,,,
36915,6512236,-1,193,32,-1,-1,-1,-1,-1,-1,24,1,101,-1,-1,-1,-1,,,,,
36916,6512273,-1,158,8,-1,-1,-1,-1,-1,-1,24,1,101,-1,-1,-1,-1,,,,,
36917,6512450,-1,15,1,-1,-1,-1,-1,-1,-1,4,1,2,-1,-1,-1,-1,,,,,
36918,6512545,-1,211,64,-1,-1,-1,-1,-1,-1,4,1,3,-1,-1,-1,-1,,,,,
36919,6512645,-1,837,4,-1,-1,-1,-1,-1,-1,15,1,19,-1,-1,-1,-1,,,,,
36920,6512670,-1,813,2,-1,-1,-1,-1,-1,-1,15,1,20,-1,-1,-1,-1,,,,,
36921,6512762,-1,30,1,-1,-1,-1,-1,-1,-1,4,1,4,-1,-1,-1,-1,,,,,
36922,6512774,-1,114,64,-1,-1,-1,-1,-1,-1,41,1,28,-1,-1,-1,-1,,,,,
36923,6512830,-1,10,1,-1,-1,-1,-1,-1,-1,4,1,2,-1,-1,-1,-1,,,,,
36924,6512894,-1,206,64,-1,-1,-1,-1,-1,-1,4,1,3,-1,-1,-1,-1,,,,,
36925,6513102,-1,11,1,-1,-1,-1,-1,-1,-1,4,1,2,-1,-1,-1,-1,,,,,
36926,6513103,-1,22,1,-1,-1,-1,-1,-1,-1,4,1,4,-1,-1,-1,-1,,,,,
36927,6513153,-1,44,64,-1,-1,-1,-1,-1,-1,41,1,28,-1,-1,-1,-1,,,,,
36928,6513176,-1,29,1,-1,-1,-1,-1,-1,-1,4,1,4,-1,-1,-1,-1,,,,,
36929,6513228,-1,103,64,-1,-1,-1,-1,-1,-1,41,1,28,-1,-1,-1,-1,,,,,
36930,6513358,-1,108,64,-1,-1,-1,-1,-1,-1,41,1,28,-1,-1,-1,-1,,,,,
36931,6513383,-1,14,1,-1,-1,-1,-1,-1,-1,4,1,4,-1,-1,-1,-1,,,,,
36932,6513499,-1,152,32,-1,-1,-1,-1,-1,-1,4,1,3,-1,-1,-1,-1,,,,,
36933,6513654,-1,631,1,-1,-1,-1,-1,-1,-1,15,1,12,-1,-1,-1,-1,,,,,
36934,6513679,-1,46,64,-1,-1,-1,-1,-1,-1,41,1,28,-1,-1,-1,-1,,,,,
36935,6513702,-1,29,1,-1,-1,-1,-1,-1,-1,4,1,4,-1,-1,-1,-1,,,,,
36936,6513754,-1,38,64,-1,-1,-1,-1,-1,-1,41,1,28,-1,-1,-1,-1,,,,,
36937,6513815,-1,107,64,-1,-1,-1,-1,-1,-1,41,1,28,-1,-1,-1,-1,,,,,
36938,6513891,-1,19,1,-1,-1,-1,-1,-1,-1,4,1,4,-1,-1,-1,-1,,,,,
36939,6513947,-1,106,64,-1,-1,-1,-1,-1,-1,41,1,28,-1,-1,-1,-1,,,,,
36940,6514081,-1,70,64,-1,-1,-1,-1,-1,-1,41,1,28,-1,-1,-1,-1,,,,,
36941,6514128,-1,180,32,-1,-1,-1,-1,-1,-1,4,1,3,-1,-1,-1,-1,,,,,
36942,6514240,-1,127,64,-1,-1,-1,-1,-1,-1,41,1,28,-1,-1,-1,-1,,,,,
36943,6514322,-1,61,1,-1,-1,-1,-1,-1,-1,15,1,12,-1,-1,-1,-1,,,,,
36944,6514369,-1,251,64,-1,-1,-1,-1,-1,-1,4,1,3,-1,-1,-1,-1,,,,,
36945,6514403,-1,355,1,-1,-1,-1,-1,-1,-1,15,1,12,-1,-1,-1,-1,,,,,
36947,6514623,-1,24,1,-1,-1,-1,-1,-1,-1,4,1,4,-1,-1,-1,-1,,,,,
36948,6514678,-1,421,64,-1,-1,-1,-1,-1,-1,4,1,3,-1,-1,-1,-1,,,,,
36949,6514771,-1,59,64,-1,-1,-1,-1,-1,-1,41,1,28,-1,-1,-1,-1,,,,,
36950,6514844,-1,52,64,-1,-1,-1,-1,-1,-1,41,1,28,-1,-1,-1,-1,,,,,
36951,6514914,-1,46,64,-1,-1,-1,-1,-1,-1,41,1,28,-1,-1,-1,-1,,,,,
36952,6514974,-1,36,64,-1,-1,-1,-1,-1,-1,41,1,28,-1,-1,-1,-1,,,,,
36953,6515024,-1,33,64,-1,-1,-1,-1,-1,-1,41,1,28,-1,-1,-1,-1,,,,,
36954,6515068,-1,38,64,-1,-1,-1,-1,-1,-1,41,1,28,-1,-1,-1,-1,,,,,
36955,6515110,-1,11,1,-1,-1,-1,-1,-1,-1,4,1,2,-1,-1,-1,-1,,,,,
36956,6515122,-1,34,64,-1,-1,-1,-1,-1,-1,41,1,28,-1,-1,-1,-1,,,,,
36957,6515123,-1,29,1,-1,-1,-1,-1,-1,-1,15,1,12,-1,-1,-1,-1,,,,,
36958,6515158,-1,424,4,-1,-1,-1,-1,-1,-1,15,1,19,-1,-1,-1,-1,,,,,
36959,6515173,-1,38,64,-1,-1,-1,-1,-1,-1,41,1,28,-1,-1,-1,-1,,,,,
36960,6515180,-1,402,2,-1,-1,-1,-1,-1,-1,15,1,20,-1,-1,-1,-1,,,,,
36961,6515228,-1,46,64,-1,-1,-1,-1,-1,-1,41,1,28,-1,-1,-1,-1,,,,,
36962,6515252,-1,26,1,-1,-1,-1,-1,-1,-1,4,1,4,-1,-1,-1,-1,,,,,
36963,6515287,-1,41,64,-1,-1,-1,-1,-1,-1,41,1,28,-1,-1,-1,-1,,,,,
36964,6515335,-1,375,32,-1,-1,-1,-1,-1,-1,4,1,3,-1,-1,-1,-1,,,,,
36965,6515352,-1,46,64,-1,-1,-1,-1,-1,-1,41,1,28,-1,-1,-1,-1,,,,,
36966,6515415,-1,49,64,-1,-1,-1,-1,-1,-1,41,1,28,-1,-1,-1,-1,,,,,
36968,6515476,-1,37,64,-1,-1,-1,-1,-1,-1,41,1,28,-1,-1,-1,-1,,,,,
36969,6515529,-1,31,64,-1,-1,-1,-1,-1,-1,41,1,28,-1,-1,-1,-1,,,,,
36970,6515570,-1,33,64,-1,-1,-1,-1,-1,-1,41,1,28,-1,-1,-1,-1,,,,,
36971,6515622,-1,33,64,-1,-1,-1,-1,-1,-1,41,1,28,-1,-1,-1,-1,,,,,
36972,6515680,-1,2601,4,-1,-1,-1,-1,-1,-1,15,1,19,-1,-1,-1,-1,,,,,
36973,6515702,-1,2580,2,-1,-1,-1,-1,-1,-1,15,1,20,-1,-1,-1,-1,,,,,
36974,6515711,-1,20,1,-1,-1,-1,-1,-1,-1,4,1,4,-1,-1,-1,-1,,,,,
36975,6515724,-1,114,64,-1,-1,-1,-1,-1,-1,41,1,28,-1,-1,-1,-1,,,,,
36976,6515788,-1,10,1,-1,-1,-1,-1,-1,-1,4,1,2,-1,-1,-1,-1,,,,,
36979,6515860,-1,117,64,-1,-1,-1,-1,-1,-1,41,1,28,-1,-1,-1,-1,,,,,
36980,6515870,-1,585,32,-1,-1,-1,-1,-1,-1,4,1,3,-1,-1,-1,-1,,,,,
36981,6515993,-1,111,64,-1,-1,-1,-1,-1,-1,41,1,28,-1,-1,-1,-1,,,,,
36983,6516117,-1,111,64,-1,-1,-1,-1,-1,-1,41,1,28,-1,-1,-1,-1,,,,,
36984,6516247,-1,106,64,-1,-1,-1,-1,-1,-1,41,1,28,-1,-1,-1,-1,,,,,
36985,6516302,-1,15,1,-1,-1,-1,-1,-1,-1,9,2,9,-1,-1,-1,-1,,,,,
36986,6516371,-1,133,64,-1,-1,-1,-1,-1,-1,41,1,28,-1,-1,-1,-1,,,,,
36987,6516458,-1,44,1,-1,-1,-1,-1,-1,-1,4,1,4,-1,-1,-1,-1,,,,,
36988,6516459,-1,15,1,-1,-1,-1,-1,-1,-1,4,1,2,-1,-1,-1,-1,,,,,
36989,6516483,-1,157,32,-1,-1,-1,-1,-1,-1,24,1,101,-1,-1,-1,-1,,,,,
36990,6516527,-1,115,8,-1,-1,-1,-1,-1,-1,24,1,101,-1,-1,-1,-1,,,,,
36991,6516546,-1,130,64,-1,-1,-1,-1,-1,-1,41,1,28,-1,-1,-1,-1,,,,,
36993,6516578,-1,22,1,-1,-1,-1,-1,-1,-1,4,1,4,-1,-1,-1,-1,,,,,
36994,6516657,-1,1012,32,-1,-1,-1,-1,-1,-1,4,1,3,-1,-1,-1,-1,,,,,
36995,6516691,-1,123,64,-1,-1,-1,-1,-1,-1,41,1,28,-1,-1,-1,-1,,,,,
36996,6516834,-1,115,64,-1,-1,-1,-1,-1,-1,41,1,28,-1,-1,-1,-1,,,,,
36997,6516982,-1,111,64,-1,-1,-1,-1,-1,-1,41,1,28,-1,-1,-1,-1,,,,,
36999,6517106,-1,105,64,-1,-1,-1,-1,-1,-1,41,1,28,-1,-1,-1,-1,,,,,
37000,6517232,-1,107,64,-1,-1,-1,-1,-1,-1,41,1,28,-1,-1,-1,-1,,,,,
37002,6517361,-1,106,64,-1,-1,-1,-1,-1,-1,41,1,28,-1,-1,-1,-1,,,,,
37006,6517689,-1,9,1,-1,-1,-1,-1,-1,-1,4,1,2,-1,-1,-1,-1,,,,,
37007,6517702,-1,16,1,-1,-1,-1,-1,-1,-1,4,1,4,-1,-1,-1,-1,,,,,
37008,6517785,-1,1053,32,-1,-1,-1,-1,-1,-1,4,1,3,-1,-1,-1,-1,,,,,
37009,6517814,-1,237,32,-1,-1,-1,-1,-1,-1,12,2,-1,-1,-1,-1,-1,,,,,
37011,6518283,-1,1135,4,-1,-1,-1,-1,-1,-1,15,1,19,-1,-1,-1,-1,,,,,
37012,6518311,-1,1108,2,-1,-1,-1,-1,-1,-1,15,1,20,-1,-1,-1,-1,,,,,
37014,6518840,-1,17,1,-1,-1,-1,-1,-1,-1,4,1,4,-1,-1,-1,-1,,,,,
37016,6519000,-1,10,1,-1,-1,-1,-1,-1,-1,4,1,2,-1,-1,-1,-1,,,,,
37017,6519054,-1,1077,32,-1,-1,-1,-1,-1,-1,4,1,3,-1,-1,-1,-1,,,,,
37019,6519199,-1,76,4,-1,-1,-1,-1,-1,-1,7,1,37,-1,-1,-1,-1,,,,,
37021,6519276,-1,67,8,-1,-1,-1,-1,-1,-1,7,1,37,-1,-1,-1,-1,,,,,
37023,6519341,-1,43,1,-1,-1,-1,-1,-1,-1,15,1,12,-1,-1,-1,-1,,,,,
37024,6519345,-1,82,16,-1,-1,-1,-1,-1,-1,7,1,37,-1,-1,-1,-1,,,,,
37026,6519398,-1,18,1,-1,-1,-1,-1,-1,-1,15,1,12,-1,-1,-1,-1,,,,,
37027,6519422,-1,982,4,-1,-1,-1,-1,-1,-1,15,1,19,-1,-1,-1,-1,,,,,
37028,6519443,-1,964,2,-1,-1,-1,-1,-1,-1,15,1,20,-1,-1,-1,-1,,,,,
37029,6519512,-1,84,4,-1,-1,-1,-1,-1,-1,7,1,37,-1,-1,-1,-1,,,,,
37030,6519600,-1,67,8,-1,-1,-1,-1,-1,-1,7,1,37,-1,-1,-1,-1,,,,,
37031,6519669,-1,68,16,-1,-1,-1,-1,-1,-1,7,1,37,-1,-1,-1,-1,,,,,
37033,6519824,-1,45,4,-1,-1,-1,-1,-1,-1,52,2,454,-1,-1,-1,-1,,,,,
37034,6519869,-1,10,32,-1,-1,-1,-1,-1,-1,24,1,101,-1,-1,-1,-1,,,,,
37035,6519911,-1,69,16,-1,-1,-1,-1,-1,-1,7,1,37,-1,-1,-1,-1,,,,,
37036,6519987,-1,58,16,-1,-1,-1,-1,-1,-1,7,1,37,-1,-1,-1,-1,,,,,
37037,6520093,-1,77,16,-1,-1,-1,-1,-1,-1,7,1,37,-1,-1,-1,-1,,,,,
37038,6520136,-1,31,1,-1,-1,-1,-1,-1,-1,4,1,4,-1,-1,-1,-1,,,,,
37039,6520138,-1,16,1,-1,-1,-1,-1,-1,-1,4,1,2,-1,-1,-1,-1,,,,,
37041,6520245,-1,728,32,-1,-1,-1,-1,-1,-1,4,1,3,-1,-1,-1,-1,,,,,
37042,6520357,-1,109,32,-1,-1,-1,-1,-1,-1,24,1,101,-1,-1,-1,-1,,,,,
37043,6520391,-1,76,8,-1,-1,-1,-1,-1,-1,24,1,101,-1,-1,-1,-1,,,,,
37044,6520591,-1,63,16,-1,-1,-1,-1,-1,-1,7,1,37,-1,-1,-1,-1,,,,,
37046,6520727,-1,56,16,-1,-1,-1,-1,-1,-1,7,1,37,-1,-1,-1,-1,,,,,
37047,6521003,-1,478,32,-1,-1,-1,-1,-1,-1,4,1,3,-1,-1,-1,-1,,,,,
37053,6521483,-1,17,1,-1,-1,-1,-1,-1,-1,4,1,4,-1,-1,-1,-1,,,,,
37054,6521546,-1,9,1,-1,-1,-1,-1,-1,-1,4,1,2,-1,-1,-1,-1,,,,,
37056,6521686,-1,28,4,-1,-1,-1,-1,-1,-1,15,1,19,-1,-1,-1,-1,,,,,
37057,6521707,-1,21,2,-1,-1,-1,-1,-1,-1,15,1,20,-1,-1,-1,-1,,,,,
37059,6522126,-1,230,32,-1,-1,-1,-1,-1,-1,24,1,101,-1,-1,-1,-1,,,,,
37060,6522151,-1,208,8,-1,-1,-1,-1,-1,-1,24,1,101,-1,-1,-1,-1,,,,,
37061,6522258,-1,153,16,-1,-1,-1,-1,-1,-1,7,1,37,-1,-1,-1,-1,,,,,
37063,6522431,-1,246,16,-1,-1,-1,-1,-1,-1,7,1,37,-1,-1,-1,-1,,,,,
37064,6522470,-1,766,32,-1,-1,-1,-1,-1,-1,55,1,347,-1,-1,-1,-1,,,,,
37065,6522674,-1,22,16,-1,-1,-1,-1,-1,-1,51,1,324,-1,-1,-1,-1,,,,,
37066,6522723,-1,160,1,-1,-1,-1,-1,-1,-1,58,1,379,-1,-1,-1,-1,,,,,
37067,6522735,-1,1006,4,-1,-1,-1,-1,-1,-1,15,1,19,-1,-1,-1,-1,,,,,
37068,6522769,-1,974,2,-1,-1,-1,-1,-1,-1,15,1,20,-1,-1,-1,-1,,,,,
37069,6522843,-1,74,16,-1,-1,-1,-1,-1,-1,7,1,37,-1,-1,-1,-1,,,,,
37071,6523090,-1,56,16,-1,-1,-1,-1,-1,-1,7,1,37,-1,-1,-1,-1,,,,,
37072,6523225,-1,68,16,-1,-1,-1,-1,-1,-1,7,1,37,-1,-1,-1,-1,,,,,
37078,6523624,-1,146,1,-1,-1,-1,-1,-1,-1,58,1,379,-1,-1,-1,-1,,,,,
37080,6524041,-1,82,1,-1,-1,-1,-1,-1,-1,58,1,325,-1,-1,-1,-1,,,,,
37081,6524277,-1,174,1,-1,-1,-1,-1,-1,-1,58,1,379,-1,-1,-1,-1,,,,,
37083,6524386,-1,60,16,-1,-1,-1,-1,-1,-1,7,1,37,-1,-1,-1,-1,,,,,
37084,6524601,-1,1260,1,-1,-1,-1,-1,-1,-1,58,1,379,-1,-1,-1,-1,,,,,
37086,6524744,-1,466,32,-1,-1,-1,-1,-1,-1,4,1,3,-1,-1,-1,-1,,,,,
37090,6525002,-1,975,4,-1,-1,-1,-1,-1,-1,15,1,19,-1,-1,-1,-1,,,,,
37092,6525025,-1,954,2,-1,-1,-1,-1,-1,-1,15,1,20,-1,-1,-1,-1,,,,,
37093,6525146,-1,716,1,-1,-1,-1,-1,-1,-1,58,1,325,-1,-1,-1,-1,,,,,
37094,6525215,-1,23,1,-1,-1,-1,-1,-1,-1,4,1,4,-1,-1,-1,-1,,,,,
37095,6525219,-1,14,1,-1,-1,-1,-1,-1,-1,4,1,2,-1,-1,-1,-1,,,,,
37096,6525325,-1,493,32,-1,-1,-1,-1,-1,-1,4,1,3,-1,-1,-1,-1,,,,,
37098,6525863,-1,561,32,-1,-1,-1,-1,-1,-1,4,1,3,-1,-1,-1,-1,,,,,
37099,6525950,-1,101,1,-1,-1,-1,-1,-1,-1,58,1,325,-1,-1,-1,-1,,,,,
37101,6526179,-1,960,4,-1,-1,-1,-1,-1,-1,15,1,19,-1,-1,-1,-1,,,,,
37102,6526202,-1,939,2,-1,-1,-1,-1,-1,-1,15,1,20,-1,-1,-1,-1,,,,,
37103,6526442,-1,35,1,-1,-1,-1,-1,-1,-1,4,1,4,-1,-1,-1,-1,,,,,
37104,6526447,-1,24,1,-1,-1,-1,-1,-1,-1,4,1,2,-1,-1,-1,-1,,,,,
37106,6526536,-1,1404,32,-1,-1,-1,-1,-1,-1,4,1,-1,-1,-1,-1,-1,,,,,
37108,6526604,-1,263,32,-1,-1,-1,-1,-1,-1,55,1,347,-1,-1,-1,-1,,,,,
37111,6526842,-1,21,1,-1,-1,-1,-1,-1,-1,55,1,353,-1,-1,-1,-1,,,,,
37113,6526892,-1,7,1,-1,-1,-1,-1,-1,-1,55,1,353,-1,-1,-1,-1,,,,,
37114,6526906,-1,124,1,-1,-1,-1,-1,-1,-1,55,1,353,-1,-1,-1,-1,,,,,
37116,6527461,-1,126,8,-1,-1,-1,-1,-1,-1,55,1,347,-1,-1,-1,-1,,,,,
37117,6527509,-1,49,1,-1,-1,-1,-1,-1,-1,15,1,12,-1,-1,-1,-1,,,,,
37118,6527573,-1,18,1,-1,-1,-1,-1,-1,-1,15,1,12,-1,-1,-1,-1,,,,,
37119,6527596,-1,25,4,-1,-1,-1,-1,-1,-1,15,1,19,-1,-1,-1,-1,,,,,
37120,6527617,-1,4,2,-1,-1,-1,-1,-1,-1,15,1,20,-1,-1,-1,-1,,,,,
37121,6527652,-1,26,4,-1,-1,-1,-1,-1,-1,15,1,19,-1,-1,-1,-1,,,,,
37122,6527674,-1,3,2,-1,-1,-1,-1,-1,-1,15,1,20,-1,-1,-1,-1,,,,,
37123,6527678,-1,26,4,-1,-1,-1,-1,-1,-1,52,2,454,-1,-1,-1,-1,,,,,
37124,6527711,-1,235,16,-1,-1,-1,-1,-1,-1,7,1,37,-1,-1,-1,-1,,,,,
37125,6527727,-1,3,4,-1,-1,-1,-1,-1,-1,52,2,454,-1,-1,-1,-1,,,,,
37126,6527737,-1,31,4,-1,-1,-1,-1,-1,-1,15,1,19,-1,-1,-1,-1,,,,,
37127,6527765,-1,3,2,-1,-1,-1,-1,-1,-1,15,1,20,-1,-1,-1,-1,,,,,
37128,6527793,-1,3,8,-1,-1,-1,-1,-1,-1,55,1,347,-1,-1,-1,-1,,,,,
37129,6527806,-1,3,32,-1,-1,-1,-1,-1,-1,24,1,101,-1,-1,-1,-1,,,,,
37131,6527813,-1,4,4,-1,-1,-1,-1,-1,-1,52,2,454,-1,-1,-1,-1,,,,,
37132,6527818,-1,3,8,-1,-1,-1,-1,-1,-1,55,1,347,-1,-1,-1,-1,,,,,
37133,6527828,-1,3,4,-1,-1,-1,-1,-1,-1,15,1,19,-1,-1,-1,-1,,,,,
37134,6527860,-1,3,8,-1,-1,-1,-1,-1,-1,55,1,347,-1,-1,-1,-1,,,,,
37135,6527873,-1,3,2,-1,-1,-1,-1,-1,-1,55,1,347,-1,-1,-1,-1,,,,,
37136,6527942,-1,3,32,-1,-1,-1,-1,-1,-1,24,1,101,-1,-1,-1,-1,,,,,
37137,6527948,-1,3,16,-1,-1,-1,-1,-1,-1,7,1,37,-1,-1,-1,-1,,,,,
37138,6528143,-1,3,1,-1,-1,-1,-1,-1,-1,4,1,4,-1,-1,-1,-1,,,,,
37141,6529981,-1,55,4,-1,-1,-1,-1,-1,-1,15,1,19,-1,-1,-1,-1,,,,,
37142,6530010,-1,25,2,-1,-1,-1,-1,-1,-1,15,1,20,-1,-1,-1,-1,,,,,
37143,6530013,-1,59,4,-1,-1,-1,-1,-1,-1,55,1,347,-1,-1,-1,-1,,,,,
37144,6530040,-1,2350,64,-1,-1,-1,-1,-1,-1,4,1,3,-1,-1,-1,-1,,,,,
37145,6530060,-1,29,4,-1,-1,-1,-1,-1,-1,15,1,19,-1,-1,-1,-1,,,,,
37146,6530119,-1,112,4,-1,-1,-1,-1,-1,-1,13,1,274,-1,-1,-1,-1,,,,,
37147,6530132,-1,56,4,-1,-1,-1,-1,-1,-1,15,1,19,-1,-1,-1,-1,,,,,
37148,6530177,-1,43,2,-1,-1,-1,-1,-1,-1,15,1,20,-1,-1,-1,-1,,,,,
37149,6530268,-1,300,32,-1,-1,-1,-1,-1,-1,24,1,101,-1,-1,-1,-1,,,,,
37150,6530328,-1,242,8,-1,-1,-1,-1,-1,-1,24,1,101,-1,-1,-1,-1,,,,,
37151,6530368,-1,346,4,-1,-1,-1,-1,-1,-1,55,1,347,-1,-1,-1,-1,,,,,
37152,6530390,-1,7114,4,-1,-1,-1,-1,-1,-1,15,1,19,-1,-1,-1,-1,,,,,
37153,6530418,-1,7086,2,-1,-1,-1,-1,-1,-1,15,1,20,-1,-1,-1,-1,,,,,
37156,6531221,-1,15,1,-1,-1,-1,-1,-1,-1,4,1,4,-1,-1,-1,-1,,,,,
37157,6531322,-1,261,1,-1,-1,-1,-1,-1,-1,58,1,379,-1,-1,-1,-1,,,,,
37158,6531364,-1,290,4,-1,-1,-1,-1,-1,-1,55,1,347,-1,-1,-1,-1,,,,,
37160,6531707,-1,130,1,-1,-1,-1,-1,-1,-1,58,1,379,-1,-1,-1,-1,,,,,
37161,6531771,-1,5978,32,-1,-1,-1,-1,-1,-1,24,1,101,-1,-1,-1,-1,,,,,
37162,6531801,-1,5949,8,-1,-1,-1,-1,-1,-1,24,1,101,-1,-1,-1,-1,,,,,
37168,6532173,-1,127,1,-1,-1,-1,-1,-1,-1,58,1,379,-1,-1,-1,-1,,,,,
37169,6532394,-1,213,1,-1,-1,-1,-1,-1,-1,58,1,379,-1,-1,-1,-1,,,,,
37170,6532395,-1,15,1,-1,-1,-1,-1,-1,-1,4,1,4,-1,-1,-1,-1,,,,,
37171,6532457,-1,23,1,-1,-1,-1,-1,-1,-1,4,1,2,-1,-1,-1,-1,,,,,
37172,6532596,-1,1989,64,-1,-1,-1,-1,-1,-1,4,1,3,-1,-1,-1,-1,,,,,
37174,6532762,-1,66,4,-1,-1,-1,-1,-1,-1,55,1,347,-1,-1,-1,-1,,,,,
37175,6532829,-1,159,1,-1,-1,-1,-1,-1,-1,58,1,379,-1,-1,-1,-1,,,,,
37176,6532871,-1,359,8,-1,-1,-1,-1,-1,-1,55,1,347,-1,-1,-1,-1,,,,,
37178,6533065,-1,155,1,-1,-1,-1,-1,-1,-1,58,1,379,-1,-1,-1,-1,,,,,
37182,6533562,-1,285,8,-1,-1,-1,-1,-1,-1,55,1,347,-1,-1,-1,-1,,,,,
37185,6534077,-1,194,8,-1,-1,-1,-1,-1,-1,55,1,347,-1,-1,-1,-1,,,,,
37187,6534222,-1,117,1,-1,-1,-1,-1,-1,-1,58,1,379,-1,-1,-1,-1,,,,,
37188,6534583,-1,31,1,-1,-1,-1,-1,-1,-1,4,1,2,-1,-1,-1,-1,,,,,
37189,6534589,-1,28,1,-1,-1,-1,-1,-1,-1,4,1,4,-1,-1,-1,-1,,,,,
37191,6534692,-1,416,64,-1,-1,-1,-1,-1,-1,4,1,3,-1,-1,-1,-1,,,,,
37192,6534792,-1,209,8,-1,-1,-1,-1,-1,-1,55,1,347,-1,-1,-1,-1,,,,,
37193,6534880,-1,168,1,-1,-1,-1,-1,-1,-1,58,1,379,-1,-1,-1,-1,,,,,
37196,6535115,-1,71,1,-1,-1,-1,-1,-1,-1,58,1,324,-1,-1,-1,-1,,,,,
37198,6535189,-1,394,32,-1,-1,-1,-1,-1,-1,4,1,3,-1,-1,-1,-1,,,,,
37199,6535235,-1,2,4,-1,-1,-1,-1,-1,-1,58,1,324,-1,-1,-1,-1,,,,,
37202,6535532,-1,181,8,-1,-1,-1,-1,-1,-1,55,1,347,-1,-1,-1,-1,,,,,
37203,6535587,-1,15,1,-1,-1,-1,-1,-1,-1,4,1,2,-1,-1,-1,-1,,,,,
37204,6535588,-1,22,1,-1,-1,-1,-1,-1,-1,4,1,4,-1,-1,-1,-1,,,,,
37205,6535665,-1,508,32,-1,-1,-1,-1,-1,-1,4,1,3,-1,-1,-1,-1,,,,,
37206,6535750,-1,265,8,-1,-1,-1,-1,-1,-1,55,1,347,-1,-1,-1,-1,,,,,
37208,6535886,-1,40,1,-1,-1,-1,-1,-1,-1,58,1,379,-1,-1,-1,-1,,,,,
37209,6536175,-1,16,1,-1,-1,-1,-1,-1,-1,4,1,4,-1,-1,-1,-1,,,,,
37210,6536185,-1,9,1,-1,-1,-1,-1,-1,-1,4,1,2,-1,-1,-1,-1,,,,,
37211,6536294,-1,872,64,-1,-1,-1,-1,-1,-1,4,1,3,-1,-1,-1,-1,,,,,
37213,6536475,-1,152,8,-1,-1,-1,-1,-1,-1,55,1,347,-1,-1,-1,-1,,,,,
37214,6536581,-1,43,4,-1,-1,-1,-1,-1,-1,22,1,336,-1,-1,-1,-1,,,,,
37217,6536768,-1,75,4,-1,-1,-1,-1,-1,-1,22,1,336,-1,-1,-1,-1,,,,,
37219,6536810,-1,120,8,-1,-1,-1,-1,-1,-1,55,1,347,-1,-1,-1,-1,,,,,
37222,6537008,-1,81,8,-1,-1,-1,-1,-1,-1,22,1,336,-1,-1,-1,-1,,,,,
37223,6537081,-1,46,4,-1,-1,-1,-1,-1,-1,55,1,347,-1,-1,-1,-1,,,,,
37224,6537264,-1,796,64,-1,-1,-1,-1,-1,-1,4,1,3,-1,-1,-1,-1,,,,,
37225,6537311,-1,780,4,-1,-1,-1,-1,-1,-1,55,1,347,-1,-1,-1,-1,,,,,
37226,6537343,-1,142,8,-1,-1,-1,-1,-1,-1,22,1,336,-1,-1,-1,-1,,,,,
37228,6537561,-1,375,4,-1,-1,-1,-1,-1,-1,15,1,19,-1,-1,-1,-1,,,,,
37229,6537584,-1,351,2,-1,-1,-1,-1,-1,-1,15,1,20,-1,-1,-1,-1,,,,,
37230,6537939,-1,11052,32,-1,-1,-1,-1,-1,-1,24,1,101,-1,-1,-1,-1,,,,,
37231,6537964,-1,208,4,-1,-1,-1,-1,-1,-1,15,1,19,-1,-1,-1,-1,,,,,
37232,6537971,-1,11022,8,-1,-1,-1,-1,-1,-1,24,1,101,-1,-1,-1,-1,,,,,
37233,6538000,-1,172,2,-1,-1,-1,-1,-1,-1,15,1,20,-1,-1,-1,-1,,,,,
37235,6538071,-1,24,1,-1,-1,-1,-1,-1,-1,4,1,2,-1,-1,-1,-1,,,,,
37236,6538074,-1,19,1,-1,-1,-1,-1,-1,-1,4,1,4,-1,-1,-1,-1,,,,,
37237,6538102,-1,64,4,-1,-1,-1,-1,-1,-1,55,1,347,-1,-1,-1,-1,,,,,
37238,6538185,-1,499,16,-1,-1,-1,-1,-1,-1,55,1,347,-1,-1,-1,-1,,,,,
37239,6538221,-1,414,4,-1,-1,-1,-1,-1,-1,15,1,19,-1,-1,-1,-1,,,,,
37240,6538245,-1,766,64,-1,-1,-1,-1,-1,-1,4,1,3,-1,-1,-1,-1,,,,,
37241,6538247,-1,485,2,-1,-1,-1,-1,-1,-1,15,1,20,-1,-1,-1,-1,,,,,
37246,6538638,-1,22,4,-1,-1,-1,-1,-1,-1,15,1,19,-1,-1,-1,-1,,,,,
37248,6538702,-1,61,1,-1,-1,-1,-1,-1,-1,22,1,455,-1,-1,-1,-1,,,,,
37249,6538705,-1,527,8,-1,-1,-1,-1,-1,-1,55,1,347,-1,-1,-1,-1,,,,,
37250,6538741,-1,572,4,-1,-1,-1,-1,-1,-1,15,1,19,-1,-1,-1,-1,,,,,
37251,6538767,-1,546,2,-1,-1,-1,-1,-1,-1,15,1,20,-1,-1,-1,-1,,,,,
37252,6538789,-1,87,4,-1,-1,-1,-1,-1,-1,22,1,455,-1,-1,-1,-1,,,,,
37253,6538907,-1,60,8,-1,-1,-1,-1,-1,-1,22,1,455,-1,-1,-1,-1,,,,,
37254,6539023,-1,38,1,-1,-1,-1,-1,-1,-1,4,1,4,-1,-1,-1,-1,,,,,
37255,6539025,-1,26,1,-1,-1,-1,-1,-1,-1,4,1,2,-1,-1,-1,-1,,,,,
37256,6539064,-1,112,16,-1,-1,-1,-1,-1,-1,22,1,455,-1,-1,-1,-1,,,,,
37257,6539185,-1,260,64,-1,-1,-1,-1,-1,-1,4,1,3,-1,-1,-1,-1,,,,,
37259,6539363,-1,17,16,-1,-1,-1,-1,-1,-1,41,1,28,-1,-1,-1,-1,,,,,
37260,6539402,-1,1050,4,-1,-1,-1,-1,-1,-1,15,1,19,-1,-1,-1,-1,,,,,
37261,6539426,-1,1026,2,-1,-1,-1,-1,-1,-1,15,1,20,-1,-1,-1,-1,,,,,
37262,6539431,-1,27,16,-1,-1,-1,-1,-1,-1,41,1,28,-1,-1,-1,-1,,,,,
37263,6539490,-1,112,1,-1,-1,-1,-1,-1,-1,22,1,305,-1,-1,-1,-1,,,,,
37264,6539543,-1,509,64,-1,-1,-1,-1,-1,-1,55,1,347,-1,-1,-1,-1,,,,,
37265,6539595,-1,53,1,-1,-1,-1,-1,-1,-1,4,1,4,-1,-1,-1,-1,,,,,
37266,6539629,-1,119,2,-1,-1,-1,-1,-1,-1,22,1,305,-1,-1,-1,-1,,,,,
37268,6539771,-1,82,4,-1,-1,-1,-1,-1,-1,22,1,305,-1,-1,-1,-1,,,,,
37269,6539809,-1,15,1,-1,-1,-1,-1,-1,-1,4,1,4,-1,-1,-1,-1,,,,,
37270,6539869,-1,81,8,-1,-1,-1,-1,-1,-1,22,1,305,-1,-1,-1,-1,,,,,
37271,6539964,-1,79,16,-1,-1,-1,-1,-1,-1,22,1,305,-1,-1,-1,-1,,,,,
37272,6540054,-1,407,32,-1,-1,-1,-1,-1,-1,55,1,347,-1,-1,-1,-1,,,,,
37273,6540232,-1,116,2,-1,-1,-1,-1,-1,-1,12,2,68,-1,-1,-1,-1,,,,,
37274,6540247,-1,21,1,-1,-1,-1,-1,-1,-1,15,1,12,-1,-1,-1,-1,,,,,
37275,6540349,-1,169,32,-1,-1,-1,-1,-1,-1,4,1,3,-1,-1,-1,-1,,,,,
37276,6540380,-1,41,1,-1,-1,-1,-1,-1,-1,15,1,12,-1,-1,-1,-1,,,,,
37277,6540464,-1,2529,4,-1,-1,-1,-1,-1,-1,15,1,19,-1,-1,-1,-1,,,,,
37278,6540466,-1,431,32,-1,-1,-1,-1,-1,-1,55,1,347,-1,-1,-1,-1,,,,,
37279,6540487,-1,2518,2,-1,-1,-1,-1,-1,-1,15,1,20,-1,-1,-1,-1,,,,,
37280,6540506,-1,33,4,-1,-1,-1,-1,-1,-1,12,2,68,-1,-1,-1,-1,,,,,
37281,6540594,-1,35,4,-1,-1,-1,-1,-1,-1,12,2,68,-1,-1,-1,-1,,,,,
37282,6540635,-1,124,8,-1,-1,-1,-1,-1,-1,22,1,305,-1,-1,-1,-1,,,,,
37283,6540708,-1,24,1,-1,-1,-1,-1,-1,-1,4,1,4,-1,-1,-1,-1,,,,,
37284,6540768,-1,251,32,-1,-1,-1,-1,-1,-1,4,1,3,-1,-1,-1,-1,,,,,
37285,6540796,-1,172,16,-1,-1,-1,-1,-1,-1,22,1,305,-1,-1,-1,-1,,,,,
37286,6540909,-1,355,32,-1,-1,-1,-1,-1,-1,55,1,347,-1,-1,-1,-1,,,,,
37287,6540990,-1,11166,16,-1,-1,-1,-1,-1,-1,22,1,305,-1,-1,-1,-1,,,,,
37288,6541025,-1,22,1,-1,-1,-1,-1,-1,-1,4,1,4,-1,-1,-1,-1,,,,,
37289,6541053,-1,7,1,-1,-1,-1,-1,-1,-1,4,1,2,-1,-1,-1,-1,,,,,
37290,6541066,-1,8,1,-1,-1,-1,-1,-1,-1,4,1,2,-1,-1,-1,-1,,,,,
37291,6541181,-1,165,32,-1,-1,-1,-1,-1,-1,4,1,3,-1,-1,-1,-1,,,,,
37292,6541279,-1,10877,32,-1,-1,-1,-1,-1,-1,55,1,347,-1,-1,-1,-1,,,,,
37295,6542326,-1,224,32,-1,-1,-1,-1,-1,-1,4,1,3,-1,-1,-1,-1,,,,,
37300,6543160,-1,1408,32,-1,-1,-1,-1,-1,-1,4,1,3,-1,-1,-1,-1,,,,,
37304,6544219,-1,19,1,-1,-1,-1,-1,-1,-1,4,1,4,-1,-1,-1,-1,,,,,
37306,6544573,-1,23,1,-1,-1,-1,-1,-1,-1,4,1,4,-1,-1,-1,-1,,,,,
37307,6544574,-1,11,1,-1,-1,-1,-1,-1,-1,4,1,2,-1,-1,-1,-1,,,,,
37310,6544713,-1,327,32,-1,-1,-1,-1,-1,-1,4,1,3,-1,-1,-1,-1,,,,,
37314,6545332,-1,1321,32,-1,-1,-1,-1,-1,-1,4,1,3,-1,-1,-1,-1,,,,,
37322,6546654,-1,18,1,-1,-1,-1,-1,-1,-1,4,1,4,-1,-1,-1,-1,,,,,
37326,6547839,-1,48,32,-1,-1,-1,-1,-1,-1,67,2,158,-1,-1,-1,-1,,,,,
37329,6547916,-1,142,32,-1,-1,-1,-1,-1,-1,67,2,158,-1,-1,-1,-1,,,,,
37339,6548521,-1,48,1,-1,-1,-1,-1,-1,-1,12,2,1,-1,-1,-1,-1,,,,,
37342,6548621,-1,186,16,-1,-1,-1,-1,-1,-1,12,2,-1,-1,-1,-1,-1,,,,,
37344,6548700,-1,20,1,-1,-1,-1,-1,-1,-1,9,2,9,-1,-1,-1,-1,,,,,
37350,6549513,-1,92,1,-1,-1,-1,-1,-1,-1,10,1,456,-1,-1,-1,-1,,,,,
37352,6549629,-1,105,1,-1,-1,-1,-1,-1,-1,10,1,456,-1,-1,-1,-1,,,,,
37357,6549890,-1,91,2,-1,-1,-1,-1,-1,-1,10,1,456,-1,-1,-1,-1,,,,,
37363,6550506,-1,216,32,-1,-1,-1,-1,-1,-1,12,2,-1,-1,-1,-1,-1,,,,,
37377,6558920,-1,4615,64,-1,-1,-1,-1,-1,-1,4,1,-1,-1,-1,-1,-1,,,,,
37378,6559805,-1,2037,4,-1,-1,-1,-1,-1,-1,15,1,19,-1,-1,-1,-1,,,,,
37379,6559827,-1,2017,2,-1,-1,-1,-1,-1,-1,15,1,20,-1,-1,-1,-1,,,,,
37380,6561919,-1,1625,4,-1,-1,-1,-1,-1,-1,15,1,19,-1,-1,-1,-1,,,,,
37381,6561940,-1,1601,2,-1,-1,-1,-1,-1,-1,15,1,20,-1,-1,-1,-1,,,,,
37382,6563547,-1,86,128,-1,-1,-1,-1,-1,-1,23,1,-1,-1,-1,-1,-1,,,,,
37383,6563643,-1,10935,128,-1,-1,-1,-1,-1,-1,61,1,-1,-1,-1,-1,-1,,,,,
37384,6574584,-1,10924,64,-1,-1,-1,-1,-1,-1,4,1,-1,-1,-1,-1,-1,,,,,
37587,6591179,-1,88,32,-1,-1,-1,-1,-1,-1,23,1,134,-1,-1,-1,-1,,,,,
37595,6592046,-1,20,32,-1,-1,-1,-1,-1,-1,23,1,134,-1,-1,-1,-1,,,,,
37602,6592598,-1,72,16,-1,-1,-1,-1,-1,-1,22,1,455,-1,-1,-1,-1,,,,,
37604,6592825,-1,78,32,-1,-1,-1,-1,-1,-1,22,1,455,-1,-1,-1,-1,,,,,
37605,6592949,-1,62,8,-1,-1,-1,-1,-1,-1,22,1,455,-1,-1,-1,-1,,,,,
37608,6593089,-1,44,4,-1,-1,-1,-1,-1,-1,22,1,455,-1,-1,-1,-1,,,,,
37610,6593173,-1,52,8,-1,-1,-1,-1,-1,-1,22,1,455,-1,-1,-1,-1,,,,,
37613,6593278,-1,112,32,-1,-1,-1,-1,-1,-1,22,1,455,-1,-1,-1,-1,,,,,
37615,6593443,-1,20,32,-1,-1,-1,-1,-1,-1,23,1,134,-1,-1,-1,-1,,,,,
37616,6593586,-1,41,32,-1,-1,-1,-1,-1,-1,23,1,134,-1,-1,-1,-1,,,,,
37622,6593843,-1,91,32,-1,-1,-1,-1,-1,-1,23,1,134,-1,-1,-1,-1,,,,,
37623,6593957,-1,293,32,-1,-1,-1,-1,-1,-1,23,1,134,-1,-1,-1,-1,,,,,
37630,6594425,-1,40,1,-1,-1,-1,-1,-1,-1,22,1,457,-1,-1,-1,-1,,,,,
37631,6594562,-1,6,32,-1,-1,-1,-1,-1,-1,22,1,336,-1,-1,-1,-1,,,,,
37633,6594607,-1,143,32,-1,-1,-1,-1,-1,-1,22,1,336,-1,-1,-1,-1,,,,,
37634,6594651,-1,27,1,-1,-1,-1,-1,-1,-1,4,1,4,-1,-1,-1,-1,,,,,
37640,6595042,-1,2481,32,-1,-1,-1,-1,-1,-1,24,1,101,-1,-1,-1,-1,,,,,
37641,6595064,-1,2459,8,-1,-1,-1,-1,-1,-1,24,1,101,-1,-1,-1,-1,,,,,
37642,6595152,-1,4,1,-1,-1,-1,-1,-1,-1,23,1,12,-1,-1,-1,-1,,,,,
37643,6595156,-1,21,1,-1,-1,-1,-1,-1,-1,22,1,458,-1,-1,-1,-1,,,,,
37644,6595215,-1,20,1,-1,-1,-1,-1,-1,-1,22,1,458,-1,-1,-1,-1,,,,,
37645,6595295,-1,24,1,-1,-1,-1,-1,-1,-1,22,1,458,-1,-1,-1,-1,,,,,
37648,6595527,-1,2594,64,-1,-1,-1,-1,-1,-1,4,1,3,-1,-1,-1,-1,,,,,
37650,6595667,-1,135,1,-1,-1,-1,-1,-1,-1,22,1,458,-1,-1,-1,-1,,,,,
37661,6596515,-1,23,1,-1,-1,-1,-1,-1,-1,22,1,458,-1,-1,-1,-1,,,,,
37662,6596583,-1,72,4,-1,-1,-1,-1,-1,-1,55,1,347,-1,-1,-1,-1,,,,,
37664,6596954,-1,406,16,-1,-1,-1,-1,-1,-1,55,1,347,-1,-1,-1,-1,,,,,
37667,6597377,-1,465,8,-1,-1,-1,-1,-1,-1,55,1,347,-1,-1,-1,-1,,,,,
37673,6597746,-1,472,32,-1,-1,-1,-1,-1,-1,24,1,101,-1,-1,-1,-1,,,,,
37674,6597768,-1,450,8,-1,-1,-1,-1,-1,-1,24,1,101,-1,-1,-1,-1,,,,,
37676,6597990,-1,416,16,-1,-1,-1,-1,-1,-1,55,1,347,-1,-1,-1,-1,,,,,
37678,6598126,-1,53,1,-1,-1,-1,-1,-1,-1,4,1,4,-1,-1,-1,-1,,,,,
37679,6598127,-1,245,32,-1,-1,-1,-1,-1,-1,12,2,-1,-1,-1,-1,-1,,,,,
37680,6598140,-1,29,1,-1,-1,-1,-1,-1,-1,12,2,1,-1,-1,-1,-1,,,,,
37681,6598211,-1,18,1,-1,-1,-1,-1,-1,-1,12,2,1,-1,-1,-1,-1,,,,,
37682,6598253,-1,18,1,-1,-1,-1,-1,-1,-1,12,2,1,-1,-1,-1,-1,,,,,
37685,6598451,-1,599,32,-1,-1,-1,-1,-1,-1,24,1,101,-1,-1,-1,-1,,,,,
37687,6598481,-1,570,8,-1,-1,-1,-1,-1,-1,24,1,101,-1,-1,-1,-1,,,,,
37688,6598492,-1,45,1,-1,-1,-1,-1,-1,-1,4,1,4,-1,-1,-1,-1,,,,,
37691,6598604,-1,1429,64,-1,-1,-1,-1,-1,-1,4,1,3,-1,-1,-1,-1,,,,,
37695,6599432,-1,155,16,-1,-1,-1,-1,-1,-1,55,1,347,-1,-1,-1,-1,,,,,
37696,6599498,-1,32,32,-1,-1,-1,-1,-1,-1,41,1,28,-1,-1,-1,-1,,,,,
37697,6599634,-1,302,32,-1,-1,-1,-1,-1,-1,24,1,101,-1,-1,-1,-1,,,,,
37699,6599672,-1,266,8,-1,-1,-1,-1,-1,-1,24,1,101,-1,-1,-1,-1,,,,,
37700,6599890,-1,139,16,-1,-1,-1,-1,-1,-1,55,1,347,-1,-1,-1,-1,,,,,
37701,6600037,-1,14,1,-1,-1,-1,-1,-1,-1,4,1,4,-1,-1,-1,-1,,,,,
37703,6600162,-1,349,16,-1,-1,-1,-1,-1,-1,55,1,347,-1,-1,-1,-1,,,,,
37704,6600202,-1,226,32,-1,-1,-1,-1,-1,-1,24,1,101,-1,-1,-1,-1,,,,,
37705,6600230,-1,200,8,-1,-1,-1,-1,-1,-1,24,1,101,-1,-1,-1,-1,,,,,
37706,6600400,-1,126,64,-1,-1,-1,-1,-1,-1,41,1,28,-1,-1,-1,-1,,,,,
37707,6600488,-1,7,1,-1,-1,-1,-1,-1,-1,4,1,2,-1,-1,-1,-1,,,,,
37708,6600498,-1,12,1,-1,-1,-1,-1,-1,-1,4,1,2,-1,-1,-1,-1,,,,,
37709,6600589,-1,1435,64,-1,-1,-1,-1,-1,-1,4,1,3,-1,-1,-1,-1,,,,,
37710,6600594,-1,145,64,-1,-1,-1,-1,-1,-1,41,1,28,-1,-1,-1,-1,,,,,
37711,6600763,-1,113,64,-1,-1,-1,-1,-1,-1,41,1,28,-1,-1,-1,-1,,,,,
37712,6600905,-1,107,64,-1,-1,-1,-1,-1,-1,41,1,28,-1,-1,-1,-1,,,,,
37713,6601032,-1,105,64,-1,-1,-1,-1,-1,-1,41,1,28,-1,-1,-1,-1,,,,,
37714,6601147,-1,401,4,-1,-1,-1,-1,-1,-1,22,1,318,-1,-1,-1,-1,,,,,
37715,6601210,-1,685,4,-1,-1,-1,-1,-1,-1,55,1,347,-1,-1,-1,-1,,,,,
37716,6601217,-1,142,32,-1,-1,-1,-1,-1,-1,24,1,101,-1,-1,-1,-1,,,,,
37717,6601269,-1,92,8,-1,-1,-1,-1,-1,-1,24,1,101,-1,-1,-1,-1,,,,,
37718,6601458,-1,2195,4,-1,-1,-1,-1,-1,-1,15,1,19,-1,-1,-1,-1,,,,,
37719,6601481,-1,2175,2,-1,-1,-1,-1,-1,-1,15,1,20,-1,-1,-1,-1,,,,,
37721,6601701,-1,87,8,-1,-1,-1,-1,-1,-1,10,1,459,-1,-1,-1,-1,,,,,
37722,6601823,-1,389,4,-1,-1,-1,-1,-1,-1,22,1,318,-1,-1,-1,-1,,,,,
37723,6602012,-1,21,32,-1,-1,-1,-1,-1,-1,24,1,101,-1,-1,-1,-1,,,,,
37724,6602026,-1,24,1,-1,-1,-1,-1,-1,-1,4,1,4,-1,-1,-1,-1,,,,,
37725,6602040,-1,44,64,-1,-1,-1,-1,-1,-1,41,1,28,-1,-1,-1,-1,,,,,
37726,6602094,-1,21,1,-1,-1,-1,-1,-1,-1,4,1,2,-1,-1,-1,-1,,,,,
37727,6602096,-1,57,64,-1,-1,-1,-1,-1,-1,41,1,28,-1,-1,-1,-1,,,,,
37728,6602135,-1,160,32,-1,-1,-1,-1,-1,-1,24,1,101,-1,-1,-1,-1,,,,,
37730,6602169,-1,67,64,-1,-1,-1,-1,-1,-1,41,1,28,-1,-1,-1,-1,,,,,
37731,6602195,-1,58,1,-1,-1,-1,-1,-1,-1,4,1,4,-1,-1,-1,-1,,,,,
37732,6602227,-1,69,1,-1,-1,-1,-1,-1,-1,24,1,101,-1,-1,-1,-1,,,,,
37733,6602250,-1,67,64,-1,-1,-1,-1,-1,-1,41,1,28,-1,-1,-1,-1,,,,,
37734,6602258,-1,46,1,-1,-1,-1,-1,-1,-1,4,1,4,-1,-1,-1,-1,,,,,
37735,6602312,-1,444,8,-1,-1,-1,-1,-1,-1,22,1,318,-1,-1,-1,-1,,,,,
37736,6602337,-1,36,64,-1,-1,-1,-1,-1,-1,41,1,28,-1,-1,-1,-1,,,,,
37737,6602385,-1,31,64,-1,-1,-1,-1,-1,-1,41,1,28,-1,-1,-1,-1,,,,,
37738,6602425,-1,30,64,-1,-1,-1,-1,-1,-1,41,1,28,-1,-1,-1,-1,,,,,
37739,6602469,-1,39,64,-1,-1,-1,-1,-1,-1,41,1,28,-1,-1,-1,-1,,,,,
37740,6602498,-1,398,32,-1,-1,-1,-1,-1,-1,55,1,347,-1,-1,-1,-1,,,,,
37741,6602530,-1,70,64,-1,-1,-1,-1,-1,-1,41,1,28,-1,-1,-1,-1,,,,,
37743,6602612,-1,44,64,-1,-1,-1,-1,-1,-1,41,1,28,-1,-1,-1,-1,,,,,
37745,6602634,-1,36,1,-1,-1,-1,-1,-1,-1,4,1,4,-1,-1,-1,-1,,,,,
37747,6602673,-1,109,64,-1,-1,-1,-1,-1,-1,41,1,28,-1,-1,-1,-1,,,,,
37748,6602701,-1,25,1,-1,-1,-1,-1,-1,-1,9,2,9,-1,-1,-1,-1,,,,,
37750,6602793,-1,106,64,-1,-1,-1,-1,-1,-1,41,1,28,-1,-1,-1,-1,,,,,
37752,6602830,-1,501,16,-1,-1,-1,-1,-1,-1,22,1,318,-1,-1,-1,-1,,,,,
37753,6602912,-1,102,64,-1,-1,-1,-1,-1,-1,41,1,28,-1,-1,-1,-1,,,,,
37754,6603022,-1,2535,32,-1,-1,-1,-1,-1,-1,4,1,-1,-1,-1,-1,-1,,,,,
37755,6603032,-1,110,64,-1,-1,-1,-1,-1,-1,41,1,28,-1,-1,-1,-1,,,,,
37757,6603439,-1,320,1,-1,-1,-1,-1,-1,-1,22,1,458,-1,-1,-1,-1,,,,,
37758,6603675,-1,32,64,-1,-1,-1,-1,-1,-1,41,1,28,-1,-1,-1,-1,,,,,
37759,6603738,-1,1,64,-1,-1,-1,-1,-1,-1,41,1,28,-1,-1,-1,-1,,,,,
37760,6603745,-1,34,64,-1,-1,-1,-1,-1,-1,41,1,28,-1,-1,-1,-1,,,,,
37762,6603821,-1,43,64,-1,-1,-1,-1,-1,-1,41,1,28,-1,-1,-1,-1,,,,,
37763,6603880,-1,0,64,-1,-1,-1,-1,-1,-1,41,1,28,-1,-1,-1,-1,,,,,
37764,6603885,-1,30,64,-1,-1,-1,-1,-1,-1,41,1,28,-1,-1,-1,-1,,,,,
37765,6603943,-1,32,64,-1,-1,-1,-1,-1,-1,41,1,28,-1,-1,-1,-1,,,,,
37766,6603991,-1,32,64,-1,-1,-1,-1,-1,-1,41,1,28,-1,-1,-1,-1,,,,,
37767,6604030,-1,37,4,-1,-1,-1,-1,-1,-1,15,1,19,-1,-1,-1,-1,,,,,
37768,6604038,-1,31,64,-1,-1,-1,-1,-1,-1,41,1,28,-1,-1,-1,-1,,,,,
37769,6604051,-1,29,2,-1,-1,-1,-1,-1,-1,15,1,20,-1,-1,-1,-1,,,,,
37770,6604084,-1,31,64,-1,-1,-1,-1,-1,-1,41,1,28,-1,-1,-1,-1,,,,,
37771,6604130,-1,110,64,-1,-1,-1,-1,-1,-1,41,1,28,-1,-1,-1,-1,,,,,
37774,6604250,-1,105,64,-1,-1,-1,-1,-1,-1,41,1,28,-1,-1,-1,-1,,,,,
37777,6604369,-1,105,64,-1,-1,-1,-1,-1,-1,41,1,28,-1,-1,-1,-1,,,,,
37779,6604489,-1,100,64,-1,-1,-1,-1,-1,-1,41,1,28,-1,-1,-1,-1,,,,,
37780,6604603,-1,100,64,-1,-1,-1,-1,-1,-1,41,1,28,-1,-1,-1,-1,,,,,
37781,6604622,-1,15,1,-1,-1,-1,-1,-1,-1,4,1,4,-1,-1,-1,-1,,,,,
37782,6604715,-1,101,64,-1,-1,-1,-1,-1,-1,41,1,28,-1,-1,-1,-1,,,,,
37783,6604826,-1,42,64,-1,-1,-1,-1,-1,-1,41,1,28,-1,-1,-1,-1,,,,,
37784,6604873,-1,101,64,-1,-1,-1,-1,-1,-1,41,1,28,-1,-1,-1,-1,,,,,
37786,6604990,-1,101,64,-1,-1,-1,-1,-1,-1,41,1,28,-1,-1,-1,-1,,,,,
37788,6605538,-1,8,1,-1,-1,-1,-1,-1,-1,4,1,2,-1,-1,-1,-1,,,,,
37789,6605606,-1,2532,32,-1,-1,-1,-1,-1,-1,4,1,-1,-1,-1,-1,-1,,,,,
37790,6605682,-1,2073,4,-1,-1,-1,-1,-1,-1,15,1,19,-1,-1,-1,-1,,,,,
37791,6605709,-1,2048,2,-1,-1,-1,-1,-1,-1,15,1,20,-1,-1,-1,-1,,,,,
37793,6605929,-1,24,32,-1,-1,-1,-1,-1,-1,41,1,28,-1,-1,-1,-1,,,,,
37794,6606016,-1,26,32,-1,-1,-1,-1,-1,-1,41,1,28,-1,-1,-1,-1,,,,,
37798,6606259,-1,318,32,-1,-1,-1,-1,-1,-1,55,1,347,-1,-1,-1,-1,,,,,
37800,6606603,-1,73,8,-1,-1,-1,-1,-1,-1,55,1,347,-1,-1,-1,-1,,,,,
37801,6606619,-1,42,64,-1,-1,-1,-1,-1,-1,41,1,28,-1,-1,-1,-1,,,,,
37803,6606968,-1,102,64,-1,-1,-1,-1,-1,-1,41,1,28,-1,-1,-1,-1,,,,,
37804,6606988,-1,17,1,-1,-1,-1,-1,-1,-1,4,1,4,-1,-1,-1,-1,,,,,
37805,6606991,-1,49,8,-1,-1,-1,-1,-1,-1,55,1,347,-1,-1,-1,-1,,,,,
37806,6607089,-1,463,8,-1,-1,-1,-1,-1,-1,55,1,347,-1,-1,-1,-1,,,,,
37807,6607159,-1,86,64,-1,-1,-1,-1,-1,-1,5,2,241,-1,-1,-1,-1,,,,,
37809,6607603,-1,477,8,-1,-1,-1,-1,-1,-1,55,1,347,-1,-1,-1,-1,,,,,
37811,6607747,-1,109,8,-1,-1,-1,-1,-1,-1,5,2,11,-1,-1,-1,-1,,,,,
37816,6608140,-1,9,1,-1,-1,-1,-1,-1,-1,4,1,2,-1,-1,-1,-1,,,,,
37817,6608192,-1,415,32,-1,-1,-1,-1,-1,-1,4,1,-1,-1,-1,-1,-1,,,,,
37818,6608423,-1,37,4,-1,-1,-1,-1,-1,-1,5,2,241,-1,-1,-1,-1,,,,,
37819,6608473,-1,27,32,-1,-1,-1,-1,-1,-1,41,1,28,-1,-1,-1,-1,,,,,
37821,6608663,-1,486,8,-1,-1,-1,-1,-1,-1,55,1,347,-1,-1,-1,-1,,,,,
37822,6608664,-1,3326,64,-1,-1,-1,-1,-1,-1,4,1,3,-1,-1,-1,-1,,,,,
37824,6609306,-1,35,8,-1,-1,-1,-1,-1,-1,5,2,241,-1,-1,-1,-1,,,,,
37829,6609625,-1,1633,32,-1,-1,-1,-1,-1,-1,24,1,101,-1,-1,-1,-1,,,,,
37831,6609698,-1,1560,1,-1,-1,-1,-1,-1,-1,24,1,101,-1,-1,-1,-1,,,,,
37833,6610410,-1,356,16,-1,-1,-1,-1,-1,-1,55,1,347,-1,-1,-1,-1,,,,,
37834,6610457,-1,44,8,-1,-1,-1,-1,-1,-1,5,2,241,-1,-1,-1,-1,,,,,
37835,6610614,-1,41,8,-1,-1,-1,-1,-1,-1,5,2,241,-1,-1,-1,-1,,,,,
37842,6611327,-1,157,32,-1,-1,-1,-1,-1,-1,24,1,101,-1,-1,-1,-1,,,,,
37843,6611397,-1,89,1,-1,-1,-1,-1,-1,-1,24,1,101,-1,-1,-1,-1,,,,,
37845,6611919,-1,28,1,-1,-1,-1,-1,-1,-1,4,1,4,-1,-1,-1,-1,,,,,
37846,6611950,-1,345,16,-1,-1,-1,-1,-1,-1,55,1,347,-1,-1,-1,-1,,,,,
37847,6612170,-1,359,64,-1,-1,-1,-1,-1,-1,4,1,3,-1,-1,-1,-1,,,,,
37849,6612530,-1,22,1,-1,-1,-1,-1,-1,-1,4,1,4,-1,-1,-1,-1,,,,,
37852,6612691,-1,1437,64,-1,-1,-1,-1,-1,-1,4,1,3,-1,-1,-1,-1,,,,,
37856,6612944,-1,145,16,-1,-1,-1,-1,-1,-1,55,1,347,-1,-1,-1,-1,,,,,
37858,6613426,-1,505,16,-1,-1,-1,-1,-1,-1,55,1,347,-1,-1,-1,-1,,,,,
37859,6613621,-1,79,32,-1,-1,-1,-1,-1,-1,68,2,158,-1,-1,-1,-1,,,,,
37860,6613863,-1,2096,4,-1,-1,-1,-1,-1,-1,15,1,19,-1,-1,-1,-1,,,,,
37861,6613885,-1,2076,2,-1,-1,-1,-1,-1,-1,15,1,20,-1,-1,-1,-1,,,,,
37863,6614009,-1,132,32,-1,-1,-1,-1,-1,-1,24,1,101,-1,-1,-1,-1,,,,,
37864,6614030,-1,113,8,-1,-1,-1,-1,-1,-1,24,1,101,-1,-1,-1,-1,,,,,
37865,6614132,-1,26,1,-1,-1,-1,-1,-1,-1,4,1,4,-1,-1,-1,-1,,,,,
37866,6614184,-1,1430,64,-1,-1,-1,-1,-1,-1,4,1,3,-1,-1,-1,-1,,,,,
37872,6614759,-1,180,16,-1,-1,-1,-1,-1,-1,55,1,347,-1,-1,-1,-1,,,,,
37873,6614813,-1,18,1,-1,-1,-1,-1,-1,-1,12,2,1,-1,-1,-1,-1,,,,,
37874,6614961,-1,301,16,-1,-1,-1,-1,-1,-1,55,1,347,-1,-1,-1,-1,,,,,
37876,6615187,-1,115,32,-1,-1,-1,-1,-1,-1,24,1,101,-1,-1,-1,-1,,,,,
37877,6615208,-1,96,8,-1,-1,-1,-1,-1,-1,24,1,101,-1,-1,-1,-1,,,,,
37879,6615618,-1,14,1,-1,-1,-1,-1,-1,-1,4,1,4,-1,-1,-1,-1,,,,,
37880,6615702,-1,116,32,-1,-1,-1,-1,-1,-1,24,1,101,-1,-1,-1,-1,,,,,
37881,6615728,-1,92,8,-1,-1,-1,-1,-1,-1,24,1,101,-1,-1,-1,-1,,,,,
37886,6616085,-1,28,8,-1,-1,-1,-1,-1,-1,10,1,459,-1,-1,-1,-1,,,,,
37888,6616122,-1,82,8,-1,-1,-1,-1,-1,-1,10,1,459,-1,-1,-1,-1,,,,,
37889,6616204,-1,9,1,-1,-1,-1,-1,-1,-1,4,1,2,-1,-1,-1,-1,,,,,
37890,6616399,-1,1619,64,-1,-1,-1,-1,-1,-1,4,1,3,-1,-1,-1,-1,,,,,
37891,6616460,-1,121,8,-1,-1,-1,-1,-1,-1,10,1,459,-1,-1,-1,-1,,,,,
37892,6616589,-1,657,16,-1,-1,-1,-1,-1,-1,55,1,347,-1,-1,-1,-1,,,,,
37893,6616675,-1,32,4,-1,-1,-1,-1,-1,-1,10,1,459,-1,-1,-1,-1,,,,,
37894,6616715,-1,71,4,-1,-1,-1,-1,-1,-1,10,1,459,-1,-1,-1,-1,,,,,
37896,6616871,-1,63,4,-1,-1,-1,-1,-1,-1,10,1,459,-1,-1,-1,-1,,,,,
37897,6617123,-1,42,1,-1,-1,-1,-1,-1,-1,15,1,12,-1,-1,-1,-1,,,,,
37898,6617177,-1,18,1,-1,-1,-1,-1,-1,-1,15,1,12,-1,-1,-1,-1,,,,,
37899,6617199,-1,3128,4,-1,-1,-1,-1,-1,-1,15,1,19,-1,-1,-1,-1,,,,,
37901,6617222,-1,3108,2,-1,-1,-1,-1,-1,-1,15,1,20,-1,-1,-1,-1,,,,,
37902,6617292,-1,186,16,-1,-1,-1,-1,-1,-1,55,1,347,-1,-1,-1,-1,,,,,
37903,6617527,-1,100,4,-1,-1,-1,-1,-1,-1,10,1,459,-1,-1,-1,-1,,,,,
37905,6617623,-1,366,16,-1,-1,-1,-1,-1,-1,55,1,347,-1,-1,-1,-1,,,,,
37910,6617996,-1,399,16,-1,-1,-1,-1,-1,-1,55,1,347,-1,-1,-1,-1,,,,,
37911,6618025,-1,16,1,-1,-1,-1,-1,-1,-1,4,1,4,-1,-1,-1,-1,,,,,
37912,6618044,-1,11,1,-1,-1,-1,-1,-1,-1,4,1,2,-1,-1,-1,-1,,,,,
37913,6618087,-1,1420,64,-1,-1,-1,-1,-1,-1,4,1,3,-1,-1,-1,-1,,,,,
37915,6618705,-1,107,16,-1,-1,-1,-1,-1,-1,55,1,347,-1,-1,-1,-1,,,,,
37917,6618956,-1,136,16,-1,-1,-1,-1,-1,-1,55,1,347,-1,-1,-1,-1,,,,,
37921,6619355,-1,93,16,-1,-1,-1,-1,-1,-1,55,1,347,-1,-1,-1,-1,,,,,
37924,6619511,-1,15,1,-1,-1,-1,-1,-1,-1,4,1,4,-1,-1,-1,-1,,,,,
37925,6619543,-1,6,1,-1,-1,-1,-1,-1,-1,4,1,2,-1,-1,-1,-1,,,,,
37926,6619552,-1,1437,64,-1,-1,-1,-1,-1,-1,4,1,3,-1,-1,-1,-1,,,,,
37927,6619561,-1,14,1,-1,-1,-1,-1,-1,-1,4,1,2,-1,-1,-1,-1,,,,,
37928,6619699,-1,58,16,-1,-1,-1,-1,-1,-1,55,1,347,-1,-1,-1,-1,,,,,
37929,6619762,-1,136,16,-1,-1,-1,-1,-1,-1,55,1,347,-1,-1,-1,-1,,,,,
37931,6620178,-1,77,16,-1,-1,-1,-1,-1,-1,55,1,347,-1,-1,-1,-1,,,,,
37933,6620731,-1,174,32,-1,-1,-1,-1,-1,-1,68,2,158,-1,-1,-1,-1,,,,,
37935,6620837,-1,46,1,-1,-1,-1,-1,-1,-1,15,1,12,-1,-1,-1,-1,,,,,
37937,6620896,-1,19,1,-1,-1,-1,-1,-1,-1,15,1,12,-1,-1,-1,-1,,,,,
37938,6620921,-1,3113,4,-1,-1,-1,-1,-1,-1,15,1,19,-1,-1,-1,-1,,,,,
37940,6620944,-1,3092,2,-1,-1,-1,-1,-1,-1,15,1,20,-1,-1,-1,-1,,,,,
37941,6621007,-1,36,1,-1,-1,-1,-1,-1,-1,4,1,4,-1,-1,-1,-1,,,,,
37942,6621010,-1,26,1,-1,-1,-1,-1,-1,-1,4,1,2,-1,-1,-1,-1,,,,,
37944,6621087,-1,717,64,-1,-1,-1,-1,-1,-1,4,1,3,-1,-1,-1,-1,,,,,
37945,6621236,-1,24,1,-1,-1,-1,-1,-1,-1,68,2,107,-1,-1,-1,-1,,,,,
37946,6621353,-1,155,32,-1,-1,-1,-1,-1,-1,68,2,158,-1,-1,-1,-1,,,,,
37947,6621357,-1,83,16,-1,-1,-1,-1,-1,-1,55,1,347,-1,-1,-1,-1,,,,,
37949,6621825,-1,1410,64,-1,-1,-1,-1,-1,-1,4,1,3,-1,-1,-1,-1,,,,,
37950,6621979,-1,122,32,-1,-1,-1,-1,-1,-1,24,1,101,-1,-1,-1,-1,,,,,
37951,6622004,-1,99,8,-1,-1,-1,-1,-1,-1,24,1,101,-1,-1,-1,-1,,,,,
37952,6622036,-1,474,16,-1,-1,-1,-1,-1,-1,55,1,347,-1,-1,-1,-1,,,,,
37954,6622371,-1,51,4,-1,-1,-1,-1,-1,-1,40,2,297,-1,-1,-1,-1,,,,,
37960,6623027,-1,118,32,-1,-1,-1,-1,-1,-1,24,1,101,-1,-1,-1,-1,,,,,
37961,6623053,-1,94,8,-1,-1,-1,-1,-1,-1,24,1,101,-1,-1,-1,-1,,,,,
37963,6623239,-1,13,1,-1,-1,-1,-1,-1,-1,4,1,4,-1,-1,-1,-1,,,,,
37964,6623266,-1,9,1,-1,-1,-1,-1,-1,-1,4,1,2,-1,-1,-1,-1,,,,,
37965,6623321,-1,1441,64,-1,-1,-1,-1,-1,-1,4,1,3,-1,-1,-1,-1,,,,,
37967,6623757,-1,53,16,-1,-1,-1,-1,-1,-1,55,1,347,-1,-1,-1,-1,,,,,
37968,6623895,-1,113,32,-1,-1,-1,-1,-1,-1,24,1,101,-1,-1,-1,-1,,,,,
37969,6623920,-1,90,8,-1,-1,-1,-1,-1,-1,24,1,101,-1,-1,-1,-1,,,,,
37975,6624765,-1,14,1,-1,-1,-1,-1,-1,-1,4,1,4,-1,-1,-1,-1,,,,,
37976,6624797,-1,7,1,-1,-1,-1,-1,-1,-1,4,1,2,-1,-1,-1,-1,,,,,
37977,6624806,-1,11,1,-1,-1,-1,-1,-1,-1,4,1,2,-1,-1,-1,-1,,,,,
37978,6624852,-1,1409,64,-1,-1,-1,-1,-1,-1,4,1,3,-1,-1,-1,-1,,,,,
37979,6625008,-1,46,4,-1,-1,-1,-1,-1,-1,40,2,297,-1,-1,-1,-1,,,,,
37980,6625430,-1,116,32,-1,-1,-1,-1,-1,-1,24,1,101,-1,-1,-1,-1,,,,,
37981,6625458,-1,90,8,-1,-1,-1,-1,-1,-1,24,1,101,-1,-1,-1,-1,,,,,
37982,6625659,-1,14,1,-1,-1,-1,-1,-1,-1,4,1,4,-1,-1,-1,-1,,,,,
37983,6625795,-1,165,64,-1,-1,-1,-1,-1,-1,12,2,14,-1,-1,-1,-1,,,,,
37984,6625966,-1,18,1,-1,-1,-1,-1,-1,-1,12,2,1,-1,-1,-1,-1,,,,,
37985,6626002,-1,16,1,-1,-1,-1,-1,-1,-1,12,2,1,-1,-1,-1,-1,,,,,
37986,6626264,-1,15,1,-1,-1,-1,-1,-1,-1,4,1,4,-1,-1,-1,-1,,,,,
37987,6626305,-1,9,1,-1,-1,-1,-1,-1,-1,4,1,2,-1,-1,-1,-1,,,,,
37988,6626358,-1,1411,64,-1,-1,-1,-1,-1,-1,4,1,3,-1,-1,-1,-1,,,,,
37989,6626469,-1,20,1,-1,-1,-1,-1,-1,-1,12,2,1,-1,-1,-1,-1,,,,,
37990,6626553,-1,156,32,-1,-1,-1,-1,-1,-1,24,1,101,-1,-1,-1,-1,,,,,
37991,6626619,-1,92,1,-1,-1,-1,-1,-1,-1,24,1,101,-1,-1,-1,-1,,,,,
37992,6627425,-1,40,1,-1,-1,-1,-1,-1,-1,15,1,12,-1,-1,-1,-1,,,,,
37993,6627478,-1,20,1,-1,-1,-1,-1,-1,-1,15,1,12,-1,-1,-1,-1,,,,,
37994,6627503,-1,811,4,-1,-1,-1,-1,-1,-1,15,1,19,-1,-1,-1,-1,,,,,
37995,6627524,-1,793,2,-1,-1,-1,-1,-1,-1,15,1,20,-1,-1,-1,-1,,,,,
37996,6627772,-1,13,1,-1,-1,-1,-1,-1,-1,4,1,2,-1,-1,-1,-1,,,,,
37997,6627773,-1,22,1,-1,-1,-1,-1,-1,-1,4,1,4,-1,-1,-1,-1,,,,,
37998,6627829,-1,1479,64,-1,-1,-1,-1,-1,-1,4,1,3,-1,-1,-1,-1,,,,,
37999,6627885,-1,529,8,-1,-1,-1,-1,-1,-1,51,1,324,-1,-1,-1,-1,,,,,
38000,6628312,-1,6,1,-1,-1,-1,-1,-1,-1,12,2,1,-1,-1,-1,-1,,,,,
38001,6628711,-1,211,32,-1,-1,-1,-1,-1,-1,24,1,101,-1,-1,-1,-1,,,,,
38002,6628777,-1,147,8,-1,-1,-1,-1,-1,-1,24,1,101,-1,-1,-1,-1,,,,,
38003,6628830,-1,31,1,-1,-1,-1,-1,-1,-1,4,1,4,-1,-1,-1,-1,,,,,
38004,6629312,-1,13,1,-1,-1,-1,-1,-1,-1,4,1,4,-1,-1,-1,-1,,,,,
38005,6629502,-1,422,64,-1,-1,-1,-1,-1,-1,4,1,3,-1,-1,-1,-1,,,,,
38006,6629948,-1,971,64,-1,-1,-1,-1,-1,-1,4,1,3,-1,-1,-1,-1,,,,,
38007,6629972,-1,21,1,-1,-1,-1,-1,-1,-1,12,2,1,-1,-1,-1,-1,,,,,
38008,6630131,-1,217,32,-1,-1,-1,-1,-1,-1,12,2,-1,-1,-1,-1,-1,,,,,
38009,6630762,-1,132,32,-1,-1,-1,-1,-1,-1,68,2,158,-1,-1,-1,-1,,,,,
38010,6630814,-1,45,1,-1,-1,-1,-1,-1,-1,15,1,12,-1,-1,-1,-1,,,,,
38011,6630823,-1,22,1,-1,-1,-1,-1,-1,-1,4,1,4,-1,-1,-1,-1,,,,,
38012,6630871,-1,21,1,-1,-1,-1,-1,-1,-1,15,1,12,-1,-1,-1,-1,,,,,
38013,6630897,-1,22,4,-1,-1,-1,-1,-1,-1,15,1,19,-1,-1,-1,-1,,,,,
38014,6630919,-1,0,2,-1,-1,-1,-1,-1,-1,15,1,20,-1,-1,-1,-1,,,,,
38015,6632134,-1,6,1,-1,-1,-1,-1,-1,-1,12,2,1,-1,-1,-1,-1,,,,,
38016,6632202,-1,1777,64,-1,-1,-1,-1,-1,-1,4,1,3,-1,-1,-1,-1,,,,,
38017,6632292,-1,20,1,-1,-1,-1,-1,-1,-1,12,2,1,-1,-1,-1,-1,,,,,
38018,6632597,-1,41,8,-1,-1,-1,-1,-1,-1,48,2,460,-1,-1,-1,-1,,,,,
38019,6632647,-1,42,8,-1,-1,-1,-1,-1,-1,48,2,460,-1,-1,-1,-1,,,,,
38020,6632784,-1,92,2,-1,-1,-1,-1,-1,-1,12,2,90,-1,-1,-1,-1,,,,,
38021,6632792,-1,87,2,-1,-1,-1,-1,-1,-1,12,2,49,-1,-1,-1,-1,,,,,
38022,6632800,-1,82,2,-1,-1,-1,-1,-1,-1,12,2,50,-1,-1,-1,-1,,,,,
38023,6632808,-1,77,2,-1,-1,-1,-1,-1,-1,12,2,51,-1,-1,-1,-1,,,,,
38024,6632818,-1,163,1,-1,-1,-1,-1,-1,-1,68,2,461,-1,-1,-1,-1,,,,,
38025,6633031,-1,830,64,-1,-1,-1,-1,-1,-1,68,2,461,-1,-1,-1,-1,,,,,
38026,6634067,-1,1759,64,-1,-1,-1,-1,-1,-1,4,1,3,-1,-1,-1,-1,,,,,
38027,6634413,-1,63,16,-1,-1,-1,-1,-1,-1,7,1,37,-1,-1,-1,-1,,,,,
38028,6634671,-1,58,16,-1,-1,-1,-1,-1,-1,7,1,37,-1,-1,-1,-1,,,,,
38029,6635100,-1,24,1,-1,-1,-1,-1,-1,-1,9,2,9,-1,-1,-1,-1,,,,,
38030,6635149,-1,106,8,-1,-1,-1,-1,-1,-1,58,1,442,-1,-1,-1,-1,,,,,
38031,6635174,-1,72,8,-1,-1,-1,-1,-1,-1,7,1,37,-1,-1,-1,-1,,,,,
38032,6635249,-1,6,1,-1,-1,-1,-1,-1,-1,58,1,379,-1,-1,-1,-1,,,,,
38033,6635258,-1,112,1,-1,-1,-1,-1,-1,-1,58,1,379,-1,-1,-1,-1,,,,,
38034,6635270,-1,76,4,-1,-1,-1,-1,-1,-1,7,1,37,-1,-1,-1,-1,,,,,
38035,6635828,-1,16,1,-1,-1,-1,-1,-1,-1,4,1,4,-1,-1,-1,-1,,,,,
38036,6635853,-1,334,4,-1,-1,-1,-1,-1,-1,68,2,462,-1,-1,-1,-1,,,,,
38037,6635889,-1,137,1,-1,-1,-1,-1,-1,-1,58,1,379,-1,-1,-1,-1,,,,,
38038,6635931,-1,2585,64,-1,-1,-1,-1,-1,-1,4,1,3,-1,-1,-1,-1,,,,,
38039,6636112,-1,74,1,-1,-1,-1,-1,-1,-1,58,1,379,-1,-1,-1,-1,,,,,
38040,6636289,-1,1438,1,-1,-1,-1,-1,-1,-1,58,1,379,-1,-1,-1,-1,,,,,
38041,6637743,-1,108,1,-1,-1,-1,-1,-1,-1,58,1,379,-1,-1,-1,-1,,,,,
38042,6637764,-1,38,32,-1,-1,-1,-1,-1,-1,5,2,241,-1,-1,-1,-1,,,,,
38043,6637819,-1,36,16,-1,-1,-1,-1,-1,-1,5,2,241,-1,-1,-1,-1,,,,,
38044,6637903,-1,126,1,-1,-1,-1,-1,-1,-1,58,1,379,-1,-1,-1,-1,,,,,
38045,6638135,-1,66,1,-1,-1,-1,-1,-1,-1,58,1,379,-1,-1,-1,-1,,,,,
38046,6638197,-1,36,32,-1,-1,-1,-1,-1,-1,5,2,241,-1,-1,-1,-1,,,,,
38047,6638216,-1,301,1,-1,-1,-1,-1,-1,-1,58,1,379,-1,-1,-1,-1,,,,,
38048,6638306,-1,41,16,-1,-1,-1,-1,-1,-1,5,2,241,-1,-1,-1,-1,,,,,
38049,6638352,-1,35,16,-1,-1,-1,-1,-1,-1,5,2,241,-1,-1,-1,-1,,,,,
38050,6638528,-1,16,1,-1,-1,-1,-1,-1,-1,4,1,4,-1,-1,-1,-1,,,,,
38051,6639132,-1,122,128,-1,-1,-1,-1,-1,-1,5,2,241,-1,-1,-1,-1,,,,,
38052,6639265,-1,36,16,-1,-1,-1,-1,-1,-1,5,2,241,-1,-1,-1,-1,,,,,
38053,6639304,-1,32,4,-1,-1,-1,-1,-1,-1,5,2,241,-1,-1,-1,-1,,,,,
38054,6639339,-1,76,4,-1,-1,-1,-1,-1,-1,5,2,11,-1,-1,-1,-1,,,,,
38055,6639453,-1,958,8,-1,-1,-1,-1,-1,-1,5,2,11,-1,-1,-1,-1,,,,,
38056,6639569,-1,35,8,-1,-1,-1,-1,-1,-1,5,2,241,-1,-1,-1,-1,,,,,
38057,6639621,-1,58,4,-1,-1,-1,-1,-1,-1,5,2,241,-1,-1,-1,-1,,,,,
38058,6639684,-1,743,4,-1,-1,-1,-1,-1,-1,5,2,11,-1,-1,-1,-1,,,,,
38059,6639968,-1,14,1,-1,-1,-1,-1,-1,-1,5,2,9,-1,-1,-1,-1,,,,,
38060,6640136,-1,319,8,-1,-1,-1,-1,-1,-1,5,2,13,-1,-1,-1,-1,,,,,
38061,6640324,-1,47,4,-1,-1,-1,-1,-1,-1,65,2,463,-1,-1,-1,-1,,,,,
38062,6640481,-1,307,4,-1,-1,-1,-1,-1,-1,5,2,11,-1,-1,-1,-1,,,,,
38063,6640582,-1,36,64,-1,-1,-1,-1,-1,-1,5,2,241,-1,-1,-1,-1,,,,,
38064,6640622,-1,33,4,-1,-1,-1,-1,-1,-1,5,2,241,-1,-1,-1,-1,,,,,
38065,6640661,-1,32,4,-1,-1,-1,-1,-1,-1,5,2,241,-1,-1,-1,-1,,,,,
38066,6640697,-1,35,4,-1,-1,-1,-1,-1,-1,5,2,241,-1,-1,-1,-1,,,,,
38067,6640734,-1,32,8,-1,-1,-1,-1,-1,-1,5,2,241,-1,-1,-1,-1,,,,,
38068,6642009,-1,0,64,-1,-1,-1,-1,-1,-1,4,1,-1,-1,-1,-1,-1,,,,,
38069,6643546,-1,31,1,-1,-1,-1,-1,-1,-1,4,1,4,-1,-1,-1,-1,,,,,
38070,6643588,-1,54,1,-1,-1,-1,-1,-1,-1,4,1,4,-1,-1,-1,-1,,,,,
38072,6644805,-1,0,1,-1,-1,-1,-1,-1,-1,4,1,4,-1,-1,-1,-1,,,,,
38073,6645473,-1,0,1,-1,-1,-1,-1,-1,-1,4,1,4,-1,-1,-1,-1,,,,,
38074,6646675,-1,171,128,-1,-1,-1,-1,-1,-1,23,1,-1,-1,-1,-1,-1,,,,,
38075,6646856,-1,10932,128,-1,-1,-1,-1,-1,-1,61,1,-1,-1,-1,-1,-1,,,,,
38076,6657809,-1,83,128,-1,-1,-1,-1,-1,-1,12,2,-1,-1,-1,-1,-1,,,,,
38077,6657895,-1,10927,64,-1,-1,-1,-1,-1,-1,4,1,-1,-1,-1,-1,-1,,,,,
38117,6676419,-1,0,8,-1,-1,-1,-1,-1,-1,5,2,11,-1,-1,-1,-1,,,,,
38118,6676575,-1,112,8,-1,-1,-1,-1,-1,-1,5,2,11,-1,-1,-1,-1,,,,,
38119,6676612,-1,49,1,-1,-1,-1,-1,-1,-1,5,2,9,-1,-1,-1,-1,,,,,
38120,6676673,-1,43,1,-1,-1,-1,-1,-1,-1,5,2,9,-1,-1,-1,-1,,,,,
38121,6676691,-1,0,1,-1,-1,-1,-1,-1,-1,5,2,140,-1,-1,-1,-1,,,,,
38122,6677051,-1,50,1,-1,-1,-1,-1,-1,-1,5,2,9,-1,-1,-1,-1,,,,,
38123,6677119,-1,0,4,-1,-1,-1,-1,-1,-1,5,2,11,-1,-1,-1,-1,,,,,
38124,6677974,-1,0,1,-1,-1,-1,-1,-1,-1,5,2,9,-1,-1,-1,-1,,,,,
38125,6678668,-1,3,4,-1,-1,-1,-1,-1,-1,5,2,11,-1,-1,-1,-1,,,,,
38126,6678985,-1,3,4,-1,-1,-1,-1,-1,-1,5,2,11,-1,-1,-1,-1,,,,,
38127,6679000,-1,3,4,-1,-1,-1,-1,-1,-1,5,2,5,-1,-1,-1,-1,,,,,
38128,6679842,-1,3,4,-1,-1,-1,-1,-1,-1,5,2,241,-1,-1,-1,-1,,,,,
38129,6681098,-1,3,32,-1,-1,-1,-1,-1,-1,24,1,101,-1,-1,-1,-1,,,,,
38130,6681140,-1,3,32,-1,-1,-1,-1,-1,-1,24,1,101,-1,-1,-1,-1,,,,,
38131,6681161,-1,3,32,-1,-1,-1,-1,-1,-1,24,1,101,-1,-1,-1,-1,,,,,
38138,6682700,-1,182,4,-1,-1,-1,-1,-1,-1,5,2,11,-1,-1,-1,-1,,,,,
38139,6682831,-1,4,1,-1,-1,-1,-1,-1,-1,5,2,9,-1,-1,-1,-1,,,,,
38140,6682910,-1,64,8,-1,-1,-1,-1,-1,-1,5,2,5,-1,-1,-1,-1,,,,,
38141,6683007,-1,41,4,-1,-1,-1,-1,-1,-1,5,2,5,-1,-1,-1,-1,,,,,
38142,6683060,-1,5,1,-1,-1,-1,-1,-1,-1,5,2,9,-1,-1,-1,-1,,,,,
38143,6683512,-1,79,32,-1,-1,-1,-1,-1,-1,24,1,101,-1,-1,-1,-1,,,,,
38144,6683534,-1,58,8,-1,-1,-1,-1,-1,-1,24,1,101,-1,-1,-1,-1,,,,,
38145,6683653,-1,125,32,-1,-1,-1,-1,-1,-1,24,1,101,-1,-1,-1,-1,,,,,
38146,6683673,-1,105,8,-1,-1,-1,-1,-1,-1,24,1,101,-1,-1,-1,-1,,,,,
38147,6683761,-1,168,16,-1,-1,-1,-1,-1,-1,55,1,347,-1,-1,-1,-1,,,,,
38148,6683912,-1,363,32,-1,-1,-1,-1,-1,-1,24,1,101,-1,-1,-1,-1,,,,,
38149,6683935,-1,341,8,-1,-1,-1,-1,-1,-1,24,1,101,-1,-1,-1,-1,,,,,
38150,6683987,-1,136,16,-1,-1,-1,-1,-1,-1,55,1,347,-1,-1,-1,-1,,,,,
38151,6684490,-1,177,16,-1,-1,-1,-1,-1,-1,55,1,347,-1,-1,-1,-1,,,,,
38152,6684492,-1,86,32,-1,-1,-1,-1,-1,-1,24,1,101,-1,-1,-1,-1,,,,,
38153,6684537,-1,41,8,-1,-1,-1,-1,-1,-1,24,1,101,-1,-1,-1,-1,,,,,
38154,6684716,-1,100,128,-1,-1,-1,-1,-1,-1,12,2,14,-1,-1,-1,-1,,,,,
38155,6684841,-1,17,1,-1,-1,-1,-1,-1,-1,12,2,1,-1,-1,-1,-1,,,,,
38157,6684989,-1,205,32,-1,-1,-1,-1,-1,-1,24,1,101,-1,-1,-1,-1,,,,,
38158,6685062,-1,134,8,-1,-1,-1,-1,-1,-1,24,1,101,-1,-1,-1,-1,,,,,
38159,6685074,-1,188,16,-1,-1,-1,-1,-1,-1,55,1,347,-1,-1,-1,-1,,,,,
38160,6685170,-1,20,1,-1,-1,-1,-1,-1,-1,4,1,2,-1,-1,-1,-1,,,,,
38161,6685318,-1,140,16,-1,-1,-1,-1,-1,-1,55,1,347,-1,-1,-1,-1,,,,,
38163,6685366,-1,25,1,-1,-1,-1,-1,-1,-1,4,1,4,-1,-1,-1,-1,,,,,
38164,6685392,-1,5346,64,-1,-1,-1,-1,-1,-1,4,1,3,-1,-1,-1,-1,,,,,
38166,6685882,-1,173,16,-1,-1,-1,-1,-1,-1,55,1,347,-1,-1,-1,-1,,,,,
38167,6686104,-1,589,4,-1,-1,-1,-1,-1,-1,5,2,11,-1,-1,-1,-1,,,,,
38169,6686186,-1,6,1,-1,-1,-1,-1,-1,-1,5,2,9,-1,-1,-1,-1,,,,,
38174,6686674,-1,375,16,-1,-1,-1,-1,-1,-1,55,1,347,-1,-1,-1,-1,,,,,
38176,6687103,-1,3429,4,-1,-1,-1,-1,-1,-1,22,1,265,-1,-1,-1,-1,,,,,
38177,6687221,-1,2,1,-1,-1,-1,-1,-1,-1,55,1,347,-1,-1,-1,-1,,,,,
38178,6687242,-1,4387,32,-1,-1,-1,-1,-1,-1,55,1,347,-1,-1,-1,-1,,,,,
38185,6688047,-1,13,16,-1,-1,-1,-1,-1,-1,41,1,28,-1,-1,-1,-1,,,,,
38186,6688087,-1,13,16,-1,-1,-1,-1,-1,-1,41,1,28,-1,-1,-1,-1,,,,,
38187,6688333,-1,1,16,-1,-1,-1,-1,-1,-1,41,1,28,-1,-1,-1,-1,,,,,
38188,6688339,-1,9,8,-1,-1,-1,-1,-1,-1,41,1,28,-1,-1,-1,-1,,,,,
38190,6688387,-1,10,8,-1,-1,-1,-1,-1,-1,41,1,28,-1,-1,-1,-1,,,,,
38191,6688508,-1,13,16,-1,-1,-1,-1,-1,-1,41,1,28,-1,-1,-1,-1,,,,,
38192,6688591,-1,11,16,-1,-1,-1,-1,-1,-1,41,1,28,-1,-1,-1,-1,,,,,
38194,6689013,-1,0,16,-1,-1,-1,-1,-1,-1,41,1,28,-1,-1,-1,-1,,,,,
38195,6689027,-1,16,16,-1,-1,-1,-1,-1,-1,41,1,28,-1,-1,-1,-1,,,,,
38196,6689054,-1,2,16,-1,-1,-1,-1,-1,-1,41,1,28,-1,-1,-1,-1,,,,,
38197,6689062,-1,15,16,-1,-1,-1,-1,-1,-1,41,1,28,-1,-1,-1,-1,,,,,
38198,6689112,-1,19,1,-1,-1,-1,-1,-1,-1,9,2,9,-1,-1,-1,-1,,,,,
38203,6689460,-1,49,4,-1,-1,-1,-1,-1,-1,7,1,37,-1,-1,-1,-1,,,,,
38205,6689881,-1,19,4,-1,-1,-1,-1,-1,-1,7,1,37,-1,-1,-1,-1,,,,,
38208,6690741,-1,17,1,-1,-1,-1,-1,-1,-1,4,1,4,-1,-1,-1,-1,,,,,
38209,6690748,-1,495,32,-1,-1,-1,-1,-1,-1,24,1,101,-1,-1,-1,-1,,,,,
38210,6690818,-1,21,16,-1,-1,-1,-1,-1,-1,41,1,28,-1,-1,-1,-1,,,,,
38211,6690863,-1,7,16,-1,-1,-1,-1,-1,-1,41,1,28,-1,-1,-1,-1,,,,,
38213,6690875,-1,15,16,-1,-1,-1,-1,-1,-1,41,1,28,-1,-1,-1,-1,,,,,
38218,6691315,-1,152,1,-1,-1,-1,-1,-1,-1,4,1,4,-1,-1,-1,-1,,,,,
38219,6691337,-1,2791,64,-1,-1,-1,-1,-1,-1,4,1,3,-1,-1,-1,-1,,,,,
38221,6691591,-1,13,4,-1,-1,-1,-1,-1,-1,7,1,37,-1,-1,-1,-1,,,,,
38222,6691640,-1,68,32,-1,-1,-1,-1,-1,-1,24,1,101,-1,-1,-1,-1,,,,,
38224,6692251,-1,12,4,-1,-1,-1,-1,-1,-1,7,1,37,-1,-1,-1,-1,,,,,
38225,6692311,-1,15,4,-1,-1,-1,-1,-1,-1,7,1,37,-1,-1,-1,-1,,,,,
38232,6693088,-1,124,32,-1,-1,-1,-1,-1,-1,24,1,101,-1,-1,-1,-1,,,,,
38233,6693402,-1,31,4,-1,-1,-1,-1,-1,-1,7,1,37,-1,-1,-1,-1,,,,,
38234,6693437,-1,145,32,-1,-1,-1,-1,-1,-1,24,1,101,-1,-1,-1,-1,,,,,
38236,6693725,-1,56,4,-1,-1,-1,-1,-1,-1,55,1,347,-1,-1,-1,-1,,,,,
38237,6693815,-1,458,32,-1,-1,-1,-1,-1,-1,55,1,347,-1,-1,-1,-1,,,,,
38238,6693861,-1,35,4,-1,-1,-1,-1,-1,-1,7,1,37,-1,-1,-1,-1,,,,,
38239,6693889,-1,34,4,-1,-1,-1,-1,-1,-1,40,2,297,-1,-1,-1,-1,,,,,
38240,6693925,-1,62,1,-1,-1,-1,-1,-1,-1,15,1,12,-1,-1,-1,-1,,,,,
38242,6693948,-1,46,4,-1,-1,-1,-1,-1,-1,40,2,297,-1,-1,-1,-1,,,,,
38243,6693998,-1,22,1,-1,-1,-1,-1,-1,-1,15,1,12,-1,-1,-1,-1,,,,,
38244,6694013,-1,46,4,-1,-1,-1,-1,-1,-1,40,2,297,-1,-1,-1,-1,,,,,
38245,6694025,-1,1625,4,-1,-1,-1,-1,-1,-1,15,1,19,-1,-1,-1,-1,,,,,
38247,6694048,-1,1605,2,-1,-1,-1,-1,-1,-1,15,1,20,-1,-1,-1,-1,,,,,
38248,6694114,-1,81,4,-1,-1,-1,-1,-1,-1,40,2,297,-1,-1,-1,-1,,,,,
38250,6694138,-1,44,1,-1,-1,-1,-1,-1,-1,4,1,4,-1,-1,-1,-1,,,,,
38251,6694142,-1,220,32,-1,-1,-1,-1,-1,-1,24,1,101,-1,-1,-1,-1,,,,,
38252,6694275,-1,2241,32,-1,-1,-1,-1,-1,-1,4,1,-1,-1,-1,-1,-1,,,,,
38254,6694427,-1,32,32,-1,-1,-1,-1,-1,-1,55,1,-1,-1,-1,-1,-1,,,,,
38255,6694476,-1,14,4,-1,-1,-1,-1,-1,-1,7,1,37,-1,-1,-1,-1,,,,,
38256,6694566,-1,46,4,-1,-1,-1,-1,-1,-1,40,2,297,-1,-1,-1,-1,,,,,
38257,6694704,-1,275,4,-1,-1,-1,-1,-1,-1,68,2,462,-1,-1,-1,-1,,,,,
38259,6694866,-1,34,1,-1,-1,-1,-1,-1,-1,58,1,464,-1,-1,-1,-1,,,,,
38260,6695021,-1,11,32,-1,-1,-1,-1,-1,-1,55,1,-1,-1,-1,-1,-1,,,,,
38261,6695046,-1,309,4,-1,-1,-1,-1,-1,-1,68,2,462,-1,-1,-1,-1,,,,,
38262,6695113,-1,59,4,-1,-1,-1,-1,-1,-1,40,2,297,-1,-1,-1,-1,,,,,
38263,6695176,-1,15,32,-1,-1,-1,-1,-1,-1,55,1,-1,-1,-1,-1,-1,,,,,
38264,6695227,-1,44,4,-1,-1,-1,-1,-1,-1,40,2,297,-1,-1,-1,-1,,,,,
38266,6695264,-1,20,1,-1,-1,-1,-1,-1,-1,12,2,1,-1,-1,-1,-1,,,,,
38267,6695345,-1,8881,32,-1,-1,-1,-1,-1,-1,55,1,347,-1,-1,-1,-1,,,,,
38268,6695495,-1,40,1,-1,-1,-1,-1,-1,-1,58,1,464,-1,-1,-1,-1,,,,,
38269,6695574,-1,48,4,-1,-1,-1,-1,-1,-1,7,1,37,-1,-1,-1,-1,,,,,
38272,6695716,-1,26,1,-1,-1,-1,-1,-1,-1,58,1,464,-1,-1,-1,-1,,,,,
38276,6696020,-1,99,1,-1,-1,-1,-1,-1,-1,58,1,464,-1,-1,-1,-1,,,,,
38277,6696058,-1,172,32,-1,-1,-1,-1,-1,-1,24,1,101,-1,-1,-1,-1,,,,,
38278,6696245,-1,41,1,-1,-1,-1,-1,-1,-1,58,1,464,-1,-1,-1,-1,,,,,
38279,6696319,-1,168,1,-1,-1,-1,-1,-1,-1,68,2,461,-1,-1,-1,-1,,,,,
38280,6696319,-1,26,4,-1,-1,-1,-1,-1,-1,7,1,37,-1,-1,-1,-1,,,,,
38282,6696521,-1,609,8,-1,-1,-1,-1,-1,-1,68,2,461,-1,-1,-1,-1,,,,,
38283,6696570,-1,25,1,-1,-1,-1,-1,-1,-1,4,1,4,-1,-1,-1,-1,,,,,
38285,6697122,-1,3025,32,-1,-1,-1,-1,-1,-1,4,1,-1,-1,-1,-1,-1,,,,,
38286,6697180,-1,672,8,-1,-1,-1,-1,-1,-1,68,2,461,-1,-1,-1,-1,,,,,
38292,6697661,-1,189,32,-1,-1,-1,-1,-1,-1,24,1,101,-1,-1,-1,-1,,,,,
38293,6697764,-1,18,4,-1,-1,-1,-1,-1,-1,7,1,37,-1,-1,-1,-1,,,,,
38294,6697816,-1,26,4,-1,-1,-1,-1,-1,-1,7,1,37,-1,-1,-1,-1,,,,,
38295,6697865,-1,24,4,-1,-1,-1,-1,-1,-1,7,1,465,-1,-1,-1,-1,,,,,
38296,6697952,-1,52,4,-1,-1,-1,-1,-1,-1,40,2,297,-1,-1,-1,-1,,,,,
38298,6697988,-1,267,8,-1,-1,-1,-1,-1,-1,68,2,461,-1,-1,-1,-1,,,,,
38299,6698045,-1,42,4,-1,-1,-1,-1,-1,-1,40,2,297,-1,-1,-1,-1,,,,,
38300,6698123,-1,12,4,-1,-1,-1,-1,-1,-1,7,1,37,-1,-1,-1,-1,,,,,
38301,6698303,-1,603,8,-1,-1,-1,-1,-1,-1,68,2,461,-1,-1,-1,-1,,,,,
38303,6698418,-1,16,4,-1,-1,-1,-1,-1,-1,7,1,37,-1,-1,-1,-1,,,,,
38304,6698711,-1,60,16,-1,-1,-1,-1,-1,-1,40,2,28,-1,-1,-1,-1,,,,,
38309,6698939,-1,259,16,-1,-1,-1,-1,-1,-1,40,2,28,-1,-1,-1,-1,,,,,
38310,6698989,-1,616,8,-1,-1,-1,-1,-1,-1,68,2,461,-1,-1,-1,-1,,,,,
38313,6699685,-1,145,32,-1,-1,-1,-1,-1,-1,68,2,158,-1,-1,-1,-1,,,,,
38314,6699889,-1,136,32,-1,-1,-1,-1,-1,-1,68,2,158,-1,-1,-1,-1,,,,,
38316,6700163,-1,139,32,-1,-1,-1,-1,-1,-1,68,2,158,-1,-1,-1,-1,,,,,
38317,6700318,-1,142,32,-1,-1,-1,-1,-1,-1,68,2,158,-1,-1,-1,-1,,,,,
38323,6700722,-1,135,32,-1,-1,-1,-1,-1,-1,68,2,158,-1,-1,-1,-1,,,,,
38324,6700877,-1,133,32,-1,-1,-1,-1,-1,-1,68,2,158,-1,-1,-1,-1,,,,,
38326,6701093,-1,297,4,-1,-1,-1,-1,-1,-1,68,2,462,-1,-1,-1,-1,,,,,
38327,6701210,-1,3015,32,-1,-1,-1,-1,-1,-1,4,1,-1,-1,-1,-1,-1,,,,,
38328,6701212,-1,16,1,-1,-1,-1,-1,-1,-1,4,1,2,-1,-1,-1,-1,,,,,
38329,6701411,-1,297,4,-1,-1,-1,-1,-1,-1,68,2,462,-1,-1,-1,-1,,,,,
38331,6701782,-1,306,4,-1,-1,-1,-1,-1,-1,68,2,462,-1,-1,-1,-1,,,,,
38336,6702164,-1,270,4,-1,-1,-1,-1,-1,-1,68,2,462,-1,-1,-1,-1,,,,,
38338,6702645,-1,97,2,-1,-1,-1,-1,-1,-1,10,1,459,-1,-1,-1,-1,,,,,
38339,6702766,-1,98,4,-1,-1,-1,-1,-1,-1,10,1,459,-1,-1,-1,-1,,,,,
38340,6702788,-1,39,32,-1,-1,-1,-1,-1,-1,24,1,101,-1,-1,-1,-1,,,,,
38342,6702842,-1,5817,32,-1,-1,-1,-1,-1,-1,24,1,101,-1,-1,-1,-1,,,,,
38343,6702860,-1,60,4,-1,-1,-1,-1,-1,-1,40,2,297,-1,-1,-1,-1,,,,,
38344,6702872,-1,5794,8,-1,-1,-1,-1,-1,-1,24,1,101,-1,-1,-1,-1,,,,,
38345,6702878,-1,72,8,-1,-1,-1,-1,-1,-1,10,1,459,-1,-1,-1,-1,,,,,
38346,6702996,-1,43,4,-1,-1,-1,-1,-1,-1,40,2,297,-1,-1,-1,-1,,,,,
38347,6703173,-1,1665,4,-1,-1,-1,-1,-1,-1,15,1,19,-1,-1,-1,-1,,,,,
38348,6703200,-1,1641,2,-1,-1,-1,-1,-1,-1,15,1,20,-1,-1,-1,-1,,,,,
38349,6703261,-1,90,8,-1,-1,-1,-1,-1,-1,10,1,459,-1,-1,-1,-1,,,,,
38351,6703374,-1,70,8,-1,-1,-1,-1,-1,-1,10,1,459,-1,-1,-1,-1,,,,,
38352,6703589,-1,18,4,-1,-1,-1,-1,-1,-1,7,1,37,-1,-1,-1,-1,,,,,
38355,6703717,-1,48,4,-1,-1,-1,-1,-1,-1,40,2,297,-1,-1,-1,-1,,,,,
38359,6704029,-1,45,4,-1,-1,-1,-1,-1,-1,40,2,297,-1,-1,-1,-1,,,,,
38360,6704233,-1,242,32,-1,-1,-1,-1,-1,-1,4,1,-1,-1,-1,-1,-1,,,,,
38362,6704477,-1,169,32,-1,-1,-1,-1,-1,-1,4,1,-1,-1,-1,-1,-1,,,,,
38363,6704647,-1,238,32,-1,-1,-1,-1,-1,-1,4,1,-1,-1,-1,-1,-1,,,,,
38364,6704717,-1,577,8,-1,-1,-1,-1,-1,-1,5,2,11,-1,-1,-1,-1,,,,,
38365,6704890,-1,201,32,-1,-1,-1,-1,-1,-1,4,1,-1,-1,-1,-1,-1,,,,,
38367,6705006,-1,36,32,-1,-1,-1,-1,-1,-1,41,1,28,-1,-1,-1,-1,,,,,
38368,6705067,-1,1,32,-1,-1,-1,-1,-1,-1,41,1,28,-1,-1,-1,-1,,,,,
38369,6705094,-1,293,32,-1,-1,-1,-1,-1,-1,4,1,-1,-1,-1,-1,-1,,,,,
38370,6705123,-1,37,32,-1,-1,-1,-1,-1,-1,41,1,28,-1,-1,-1,-1,,,,,
38371,6705155,-1,1658,4,-1,-1,-1,-1,-1,-1,15,1,19,-1,-1,-1,-1,,,,,
38372,6705176,-1,1640,2,-1,-1,-1,-1,-1,-1,15,1,20,-1,-1,-1,-1,,,,,
38374,6705388,-1,208,32,-1,-1,-1,-1,-1,-1,4,1,-1,-1,-1,-1,-1,,,,,
38378,6705600,-1,170,32,-1,-1,-1,-1,-1,-1,4,1,-1,-1,-1,-1,-1,,,,,
38380,6705772,-1,152,32,-1,-1,-1,-1,-1,-1,4,1,-1,-1,-1,-1,-1,,,,,
38381,6705925,-1,184,32,-1,-1,-1,-1,-1,-1,4,1,-1,-1,-1,-1,-1,,,,,
38382,6706111,-1,181,32,-1,-1,-1,-1,-1,-1,4,1,-1,-1,-1,-1,-1,,,,,
38384,6706295,-1,55,32,-1,-1,-1,-1,-1,-1,4,1,-1,-1,-1,-1,-1,,,,,
38385,6706535,-1,53,8,-1,-1,-1,-1,-1,-1,58,1,442,-1,-1,-1,-1,,,,,
38387,6706736,-1,1143,8,-1,-1,-1,-1,-1,-1,58,1,442,-1,-1,-1,-1,,,,,
38388,6706928,-1,58,4,-1,-1,-1,-1,-1,-1,40,2,297,-1,-1,-1,-1,,,,,
38394,6708221,-1,87,1,-1,-1,-1,-1,-1,-1,15,1,12,-1,-1,-1,-1,,,,,
38395,6708403,-1,1390,32,-1,-1,-1,-1,-1,-1,68,2,158,-1,-1,-1,-1,,,,,
38397,6708489,-1,1304,4,-1,-1,-1,-1,-1,-1,15,1,19,-1,-1,-1,-1,,,,,
38398,6708527,-1,1266,2,-1,-1,-1,-1,-1,-1,15,1,20,-1,-1,-1,-1,,,,,
38404,6709246,-1,47,8,-1,-1,-1,-1,-1,-1,37,1,297,-1,-1,-1,-1,,,,,
38405,6709493,-1,46,8,-1,-1,-1,-1,-1,-1,37,1,297,-1,-1,-1,-1,,,,,
38407,6709787,-1,6,8,-1,-1,-1,-1,-1,-1,58,1,442,-1,-1,-1,-1,,,,,
38408,6710403,-1,73,4,-1,-1,-1,-1,-1,-1,40,2,297,-1,-1,-1,-1,,,,,
38409,6710416,-1,902,32,-1,-1,-1,-1,-1,-1,68,2,158,-1,-1,-1,-1,,,,,
38410,6710424,-1,112,8,-1,-1,-1,-1,-1,-1,58,1,442,-1,-1,-1,-1,,,,,
38411,6710644,-1,6874,32,-1,-1,-1,-1,-1,-1,24,1,101,-1,-1,-1,-1,,,,,
38412,6710676,-1,133,8,-1,-1,-1,-1,-1,-1,58,1,442,-1,-1,-1,-1,,,,,
38413,6710677,-1,6842,8,-1,-1,-1,-1,-1,-1,24,1,101,-1,-1,-1,-1,,,,,
38415,6710732,-1,56,4,-1,-1,-1,-1,-1,-1,40,2,297,-1,-1,-1,-1,,,,,
38416,6710740,-1,123,4,-1,-1,-1,-1,-1,-1,7,1,37,-1,-1,-1,-1,,,,,
38417,6710841,-1,1033,8,-1,-1,-1,-1,-1,-1,58,1,442,-1,-1,-1,-1,,,,,
38418,6710984,-1,24,1,-1,-1,-1,-1,-1,-1,4,1,4,-1,-1,-1,-1,,,,,
38419,6711006,-1,74,4,-1,-1,-1,-1,-1,-1,7,1,465,-1,-1,-1,-1,,,,,
38420,6711014,-1,13,1,-1,-1,-1,-1,-1,-1,4,1,4,-1,-1,-1,-1,,,,,
38421,6711081,-1,235,32,-1,-1,-1,-1,-1,-1,12,2,-1,-1,-1,-1,-1,,,,,
38424,6711522,-1,68,4,-1,-1,-1,-1,-1,-1,40,2,297,-1,-1,-1,-1,,,,,
38425,6711566,-1,34,1,-1,-1,-1,-1,-1,-1,68,2,9,-1,-1,-1,-1,,,,,
38426,6711613,-1,311,32,-1,-1,-1,-1,-1,-1,4,1,-1,-1,-1,-1,-1,,,,,
38428,6711678,-1,862,1,-1,-1,-1,-1,-1,-1,68,2,12,-1,-1,-1,-1,,,,,
38432,6711881,-1,5850,4,-1,-1,-1,-1,-1,-1,15,1,19,-1,-1,-1,-1,,,,,
38434,6711905,-1,5826,2,-1,-1,-1,-1,-1,-1,15,1,20,-1,-1,-1,-1,,,,,
38436,6712240,-1,44,4,-1,-1,-1,-1,-1,-1,40,2,297,-1,-1,-1,-1,,,,,
38437,6712399,-1,806,8,-1,-1,-1,-1,-1,-1,58,1,442,-1,-1,-1,-1,,,,,
38439,6712520,-1,2281,32,-1,-1,-1,-1,-1,-1,4,1,-1,-1,-1,-1,-1,,,,,
38440,6712591,-1,90,4,-1,-1,-1,-1,-1,-1,40,2,297,-1,-1,-1,-1,,,,,
38441,6712670,-1,910,32,-1,-1,-1,-1,-1,-1,68,2,158,-1,-1,-1,-1,,,,,
38447,6713622,-1,321,8,-1,-1,-1,-1,-1,-1,58,1,442,-1,-1,-1,-1,,,,,
38449,6713946,-1,556,1,-1,-1,-1,-1,-1,-1,68,2,466,-1,-1,-1,-1,,,,,
38450,6713991,-1,9128,8,-1,-1,-1,-1,-1,-1,58,1,442,-1,-1,-1,-1,,,,,
38452,6714422,-1,245,32,-1,-1,-1,-1,-1,-1,7,1,10,-1,-1,-1,-1,,,,,
38453,6714519,-1,146,4,-1,-1,-1,-1,-1,-1,7,1,18,-1,-1,-1,-1,,,,,
38456,6714727,-1,47,4,-1,-1,-1,-1,-1,-1,40,2,297,-1,-1,-1,-1,,,,,
38458,6714810,-1,183,32,-1,-1,-1,-1,-1,-1,7,1,10,-1,-1,-1,-1,,,,,
38460,6714872,-1,85,16,-1,-1,-1,-1,-1,-1,40,2,297,-1,-1,-1,-1,,,,,
38461,6714880,-1,113,4,-1,-1,-1,-1,-1,-1,7,1,18,-1,-1,-1,-1,,,,,
38463,6715048,-1,55,4,-1,-1,-1,-1,-1,-1,40,2,297,-1,-1,-1,-1,,,,,
38464,6715142,-1,65,8,-1,-1,-1,-1,-1,-1,40,2,297,-1,-1,-1,-1,,,,,
38465,6715151,-1,116,32,-1,-1,-1,-1,-1,-1,4,1,3,-1,-1,-1,-1,,,,,
38466,6715269,-1,19,1,-1,-1,-1,-1,-1,-1,4,1,4,-1,-1,-1,-1,,,,,
38467,6715328,-1,65,8,-1,-1,-1,-1,-1,-1,40,2,297,-1,-1,-1,-1,,,,,
38469,6715519,-1,9232,1,-1,-1,-1,-1,-1,-1,68,2,466,-1,-1,-1,-1,,,,,
38471,6716146,-1,63,8,-1,-1,-1,-1,-1,-1,40,2,297,-1,-1,-1,-1,,,,,
38472,6716225,-1,84,8,-1,-1,-1,-1,-1,-1,40,2,297,-1,-1,-1,-1,,,,,
38474,6716376,-1,3050,32,-1,-1,-1,-1,-1,-1,4,1,3,-1,-1,-1,-1,,,,,
38479,6717025,-1,69,32,-1,-1,-1,-1,-1,-1,7,1,10,-1,-1,-1,-1,,,,,
38480,6717120,-1,66,32,-1,-1,-1,-1,-1,-1,7,1,10,-1,-1,-1,-1,,,,,
38482,6717359,-1,65,32,-1,-1,-1,-1,-1,-1,7,1,10,-1,-1,-1,-1,,,,,
38483,6717472,-1,189,32,-1,-1,-1,-1,-1,-1,7,1,10,-1,-1,-1,-1,,,,,
38484,6717539,-1,125,4,-1,-1,-1,-1,-1,-1,7,1,18,-1,-1,-1,-1,,,,,
38486,6717848,-1,17,1,-1,-1,-1,-1,-1,-1,4,1,4,-1,-1,-1,-1,,,,,
38489,6718170,-1,1624,4,-1,-1,-1,-1,-1,-1,15,1,19,-1,-1,-1,-1,,,,,
38490,6718191,-1,1606,2,-1,-1,-1,-1,-1,-1,15,1,20,-1,-1,-1,-1,,,,,
38491,6718207,-1,92,32,-1,-1,-1,-1,-1,-1,7,1,10,-1,-1,-1,-1,,,,,
38493,6718303,-1,17,4,-1,-1,-1,-1,-1,-1,7,1,18,-1,-1,-1,-1,,,,,
38495,6718327,-1,180,32,-1,-1,-1,-1,-1,-1,7,1,10,-1,-1,-1,-1,,,,,
38496,6718399,-1,108,4,-1,-1,-1,-1,-1,-1,7,1,18,-1,-1,-1,-1,,,,,
38499,6719001,-1,318,32,-1,-1,-1,-1,-1,-1,24,1,101,-1,-1,-1,-1,,,,,
38500,6719027,-1,295,8,-1,-1,-1,-1,-1,-1,24,1,101,-1,-1,-1,-1,,,,,
38501,6719092,-1,26,1,-1,-1,-1,-1,-1,-1,4,1,4,-1,-1,-1,-1,,,,,
38502,6719390,-1,115,32,-1,-1,-1,-1,-1,-1,24,1,101,-1,-1,-1,-1,,,,,
38503,6719439,-1,40,1,-1,-1,-1,-1,-1,-1,4,1,4,-1,-1,-1,-1,,,,,
38504,6719440,-1,64,8,-1,-1,-1,-1,-1,-1,24,1,101,-1,-1,-1,-1,,,,,
38510,6720068,-1,16,1,-1,-1,-1,-1,-1,-1,4,1,2,-1,-1,-1,-1,,,,,
38512,6720409,-1,156,32,-1,-1,-1,-1,-1,-1,4,1,3,-1,-1,-1,-1,,,,,
38513,6720570,-1,112,32,-1,-1,-1,-1,-1,-1,24,1,101,-1,-1,-1,-1,,,,,
38514,6720574,-1,39,1,-1,-1,-1,-1,-1,-1,4,1,4,-1,-1,-1,-1,,,,,
38515,6720625,-1,57,8,-1,-1,-1,-1,-1,-1,24,1,101,-1,-1,-1,-1,,,,,
38517,6720725,-1,285,32,-1,-1,-1,-1,-1,-1,4,1,3,-1,-1,-1,-1,,,,,
38518,6720771,-1,1646,4,-1,-1,-1,-1,-1,-1,15,1,19,-1,-1,-1,-1,,,,,
38519,6720795,-1,1627,2,-1,-1,-1,-1,-1,-1,15,1,20,-1,-1,-1,-1,,,,,
38520,6721021,-1,175,32,-1,-1,-1,-1,-1,-1,4,1,3,-1,-1,-1,-1,,,,,
38522,6721415,-1,114,32,-1,-1,-1,-1,-1,-1,4,1,3,-1,-1,-1,-1,,,,,
38523,6721506,-1,30,1,-1,-1,-1,-1,-1,-1,9,2,9,-1,-1,-1,-1,,,,,
38525,6721619,-1,359,32,-1,-1,-1,-1,-1,-1,4,1,3,-1,-1,-1,-1,,,,,
38530,6722016,-1,2735,32,-1,-1,-1,-1,-1,-1,4,1,3,-1,-1,-1,-1,,,,,
38532,6722692,-1,48,1,-1,-1,-1,-1,-1,-1,15,1,12,-1,-1,-1,-1,,,,,
38533,6722766,-1,18,1,-1,-1,-1,-1,-1,-1,15,1,12,-1,-1,-1,-1,,,,,
38534,6722788,-1,1712,4,-1,-1,-1,-1,-1,-1,15,1,19,-1,-1,-1,-1,,,,,
38535,6722809,-1,1693,2,-1,-1,-1,-1,-1,-1,15,1,20,-1,-1,-1,-1,,,,,
38536,6722833,-1,129,32,-1,-1,-1,-1,-1,-1,24,1,101,-1,-1,-1,-1,,,,,
38537,6722890,-1,72,8,-1,-1,-1,-1,-1,-1,24,1,101,-1,-1,-1,-1,,,,,
38546,6724535,-1,16,1,-1,-1,-1,-1,-1,-1,12,2,1,-1,-1,-1,-1,,,,,
38547,6724629,-1,115,2,-1,-1,-1,-1,-1,-1,12,2,90,-1,-1,-1,-1,,,,,
38548,6724638,-1,109,2,-1,-1,-1,-1,-1,-1,12,2,49,-1,-1,-1,-1,,,,,
38549,6724647,-1,101,2,-1,-1,-1,-1,-1,-1,12,2,50,-1,-1,-1,-1,,,,,
38550,6724660,-1,90,2,-1,-1,-1,-1,-1,-1,12,2,51,-1,-1,-1,-1,,,,,
38551,6724671,-1,80,2,-1,-1,-1,-1,-1,-1,12,2,55,-1,-1,-1,-1,,,,,
38552,6732020,-1,3624,64,-1,-1,-1,-1,-1,-1,4,1,-1,-1,-1,-1,-1,,,,,
38553,6732047,-1,167,64,-1,-1,-1,-1,-1,-1,12,2,31,-1,-1,-1,-1,,,,,
38554,6732282,-1,154,2,-1,-1,-1,-1,-1,-1,12,2,90,-1,-1,-1,-1,,,,,
38555,6732290,-1,148,2,-1,-1,-1,-1,-1,-1,12,2,49,-1,-1,-1,-1,,,,,
38556,6732299,-1,140,2,-1,-1,-1,-1,-1,-1,12,2,50,-1,-1,-1,-1,,,,,
38557,6732307,-1,134,2,-1,-1,-1,-1,-1,-1,12,2,51,-1,-1,-1,-1,,,,,
38558,6732318,-1,124,2,-1,-1,-1,-1,-1,-1,12,2,55,-1,-1,-1,-1,,,,,
38559,6732326,-1,203,2,-1,-1,-1,-1,-1,-1,12,2,250,-1,-1,-1,-1,,,,,
38560,6732334,-1,111,2,-1,-1,-1,-1,-1,-1,12,2,251,-1,-1,-1,-1,,,,,
38561,6732342,-1,105,2,-1,-1,-1,-1,-1,-1,12,2,252,-1,-1,-1,-1,,,,,
38562,6732572,-1,216,32,-1,-1,-1,-1,-1,-1,12,2,14,-1,-1,-1,-1,,,,,
38564,6735572,-1,10214,64,-1,-1,-1,-1,-1,-1,4,1,-1,-1,-1,-1,-1,,,,,
38566,6736092,-1,530,32,-1,-1,-1,-1,-1,-1,4,1,3,-1,-1,-1,-1,,,,,
38569,6736698,-1,1278,32,-1,-1,-1,-1,-1,-1,4,1,3,-1,-1,-1,-1,,,,,
38576,6737978,-1,12,1,-1,-1,-1,-1,-1,-1,4,1,4,-1,-1,-1,-1,,,,,
38577,6738041,-1,12,1,-1,-1,-1,-1,-1,-1,4,1,2,-1,-1,-1,-1,,,,,
38652,6745790,-1,98,128,-1,-1,-1,-1,-1,-1,12,2,-1,-1,-1,-1,-1,,,,,
38653,6745891,-1,0,128,-1,-1,-1,-1,-1,-1,61,1,-1,-1,-1,-1,-1,,,,,
38654,6758361,-1,3,1,-1,-1,-1,-1,-1,-1,14,2,1,-1,-1,-1,-1,,,,,
38761,6770007,-1,16,1,-1,-1,-1,-1,-1,-1,4,1,2,-1,-1,-1,-1,,,,,
38762,6770239,-1,10128,64,-1,-1,-1,-1,-1,-1,4,1,3,-1,-1,-1,-1,,,,,
38807,6775500,-1,23,1,-1,-1,-1,-1,-1,-1,9,2,9,-1,-1,-1,-1,,,,,
38835,6780370,-1,16,1,-1,-1,-1,-1,-1,-1,4,1,4,-1,-1,-1,-1,,,,,
38844,6781982,-1,95,128,-1,-1,-1,-1,-1,-1,12,2,14,-1,-1,-1,-1,,,,,
38845,6782146,-1,16,1,-1,-1,-1,-1,-1,-1,12,2,1,-1,-1,-1,-1,,,,,
38846,6782287,-1,92,128,-1,-1,-1,-1,-1,-1,12,2,-1,-1,-1,-1,-1,,,,,
38855,6784054,-1,12,1,-1,-1,-1,-1,-1,-1,4,1,2,-1,-1,-1,-1,,,,,
38856,6784104,-1,497,64,-1,-1,-1,-1,-1,-1,4,1,3,-1,-1,-1,-1,,,,,
38858,6784609,-1,22,1,-1,-1,-1,-1,-1,-1,4,1,4,-1,-1,-1,-1,,,,,
38859,6784664,-1,1514,64,-1,-1,-1,-1,-1,-1,4,1,3,-1,-1,-1,-1,,,,,
38867,6786200,-1,10101,64,-1,-1,-1,-1,-1,-1,4,1,3,-1,-1,-1,-1,,,,,
38895,6792801,-1,3,1,-1,-1,-1,-1,-1,-1,68,2,9,-1,-1,-1,-1,,,,,
38905,6795171,-1,97,32,-1,-1,-1,-1,-1,-1,24,1,101,-1,-1,-1,-1,,,,,
38906,6795199,-1,70,8,-1,-1,-1,-1,-1,-1,24,1,101,-1,-1,-1,-1,,,,,
38907,6795570,-1,22,1,-1,-1,-1,-1,-1,-1,4,1,4,-1,-1,-1,-1,,,,,
38913,6796303,-1,17,1,-1,-1,-1,-1,-1,-1,4,1,4,-1,-1,-1,-1,,,,,
38915,6796385,-1,15059,64,-1,-1,-1,-1,-1,-1,4,1,3,-1,-1,-1,-1,,,,,
38918,6797513,-1,4,1,-1,-1,-1,-1,-1,-1,43,1,9,-1,-1,-1,-1,,,,,
38920,6798400,-1,4,1,-1,-1,-1,-1,-1,-1,43,1,155,-1,-1,-1,-1,,,,,
38935,6801907,-1,13,16,-1,-1,-1,-1,-1,-1,43,1,221,-1,-1,-1,-1,,,,,
38936,6801909,-1,11,4,-1,-1,-1,-1,-1,-1,43,1,467,-1,-1,-1,-1,,,,,
38937,6801910,-1,10,4,-1,-1,-1,-1,-1,-1,43,1,468,-1,-1,-1,-1,,,,,
38938,6801913,-1,8,4,-1,-1,-1,-1,-1,-1,43,1,268,-1,-1,-1,-1,,,,,
38939,6801914,-1,7,16,-1,-1,-1,-1,-1,-1,43,1,267,-1,-1,-1,-1,,,,,
38940,6801916,-1,6,8,-1,-1,-1,-1,-1,-1,43,1,469,-1,-1,-1,-1,,,,,
38941,6801934,-1,4,1,-1,-1,-1,-1,-1,-1,43,1,9,-1,-1,-1,-1,,,,,
38942,6802160,-1,49,16,-1,-1,-1,-1,-1,-1,43,1,221,-1,-1,-1,-1,,,,,
38943,6802161,-1,49,4,-1,-1,-1,-1,-1,-1,43,1,467,-1,-1,-1,-1,,,,,
38944,6802163,-1,47,4,-1,-1,-1,-1,-1,-1,43,1,468,-1,-1,-1,-1,,,,,
38945,6802165,-1,45,4,-1,-1,-1,-1,-1,-1,43,1,268,-1,-1,-1,-1,,,,,
38946,6802168,-1,43,16,-1,-1,-1,-1,-1,-1,43,1,267,-1,-1,-1,-1,,,,,
38947,6802170,-1,41,8,-1,-1,-1,-1,-1,-1,43,1,469,-1,-1,-1,-1,,,,,
38950,6802968,-1,577,32,-1,-1,-1,-1,-1,-1,24,1,101,-1,-1,-1,-1,,,,,
38951,6802997,-1,549,8,-1,-1,-1,-1,-1,-1,24,1,101,-1,-1,-1,-1,,,,,
38957,6803567,-1,144,32,-1,-1,-1,-1,-1,-1,24,1,101,-1,-1,-1,-1,,,,,
38958,6803612,-1,98,8,-1,-1,-1,-1,-1,-1,24,1,101,-1,-1,-1,-1,,,,,
38966,6805711,-1,162,32,-1,-1,-1,-1,-1,-1,24,1,101,-1,-1,-1,-1,,,,,
38967,6805768,-1,106,8,-1,-1,-1,-1,-1,-1,24,1,101,-1,-1,-1,-1,,,,,
38972,6806827,-1,12,16,-1,-1,-1,-1,-1,-1,43,1,221,-1,-1,-1,-1,,,,,
38973,6806828,-1,12,4,-1,-1,-1,-1,-1,-1,43,1,467,-1,-1,-1,-1,,,,,
38974,6806830,-1,8,4,-1,-1,-1,-1,-1,-1,43,1,468,-1,-1,-1,-1,,,,,
38975,6806832,-1,6,4,-1,-1,-1,-1,-1,-1,43,1,268,-1,-1,-1,-1,,,,,
38976,6806833,-1,6,16,-1,-1,-1,-1,-1,-1,43,1,267,-1,-1,-1,-1,,,,,
38977,6806835,-1,4,8,-1,-1,-1,-1,-1,-1,43,1,469,-1,-1,-1,-1,,,,,
38981,6807122,-1,99,16,-1,-1,-1,-1,-1,-1,43,1,221,-1,-1,-1,-1,,,,,
38982,6807124,-1,94,4,-1,-1,-1,-1,-1,-1,43,1,467,-1,-1,-1,-1,,,,,
38983,6807125,-1,94,4,-1,-1,-1,-1,-1,-1,43,1,468,-1,-1,-1,-1,,,,,
38984,6807127,-1,93,4,-1,-1,-1,-1,-1,-1,43,1,268,-1,-1,-1,-1,,,,,
38985,6807129,-1,91,16,-1,-1,-1,-1,-1,-1,43,1,267,-1,-1,-1,-1,,,,,
38986,6807130,-1,91,8,-1,-1,-1,-1,-1,-1,43,1,469,-1,-1,-1,-1,,,,,
38987,6807238,-1,135,32,-1,-1,-1,-1,-1,-1,24,1,101,-1,-1,-1,-1,,,,,
38988,6807263,-1,110,8,-1,-1,-1,-1,-1,-1,24,1,101,-1,-1,-1,-1,,,,,
38990,6807900,-1,14,1,-1,-1,-1,-1,-1,-1,9,2,9,-1,-1,-1,-1,,,,,
38997,6809150,-1,139,32,-1,-1,-1,-1,-1,-1,24,1,101,-1,-1,-1,-1,,,,,
38998,6809180,-1,108,8,-1,-1,-1,-1,-1,-1,24,1,101,-1,-1,-1,-1,,,,,
39002,6810154,-1,151,32,-1,-1,-1,-1,-1,-1,24,1,101,-1,-1,-1,-1,,,,,
39003,6810183,-1,123,8,-1,-1,-1,-1,-1,-1,24,1,101,-1,-1,-1,-1,,,,,
39007,6810455,-1,323,32,-1,-1,-1,-1,-1,-1,24,1,101,-1,-1,-1,-1,,,,,
39009,6810488,-1,291,8,-1,-1,-1,-1,-1,-1,24,1,101,-1,-1,-1,-1,,,,,
39011,6811447,-1,14,1,-1,-1,-1,-1,-1,-1,4,1,4,-1,-1,-1,-1,,,,,
39026,6814807,-1,4545,16,-1,-1,-1,-1,-1,-1,68,2,-1,-1,-1,-1,-1,,,,,
39027,6814809,-1,10198,64,-1,-1,-1,-1,-1,-1,4,1,-1,-1,-1,-1,-1,,,,,
39043,6818840,-1,15,1,-1,-1,-1,-1,-1,-1,12,2,1,-1,-1,-1,-1,,,,,
39070,6825008,-1,4835,64,-1,-1,-1,-1,-1,-1,4,1,-1,-1,-1,-1,-1,,,,,
39093,6829727,-1,12,1,-1,-1,-1,-1,-1,-1,4,1,2,-1,-1,-1,-1,,,,,
39094,6829852,-1,10176,64,-1,-1,-1,-1,-1,-1,4,1,-1,-1,-1,-1,-1,,,,,
39095,6831159,-1,101,1,-1,-1,-1,-1,-1,-1,58,1,379,-1,-1,-1,-1,,,,,
39096,6831337,-1,139,1,-1,-1,-1,-1,-1,-1,58,1,379,-1,-1,-1,-1,,,,,
39097,6851083,-1,15077,64,-1,-1,-1,-1,-1,-1,4,1,3,-1,-1,-1,-1,,,,,
39098,6851219,-1,133,32,-1,-1,-1,-1,-1,-1,24,1,101,-1,-1,-1,-1,,,,,
39099,6851248,-1,105,8,-1,-1,-1,-1,-1,-1,24,1,101,-1,-1,-1,-1,,,,,
39100,6851462,-1,121,32,-1,-1,-1,-1,-1,-1,24,1,101,-1,-1,-1,-1,,,,,
39101,6851485,-1,98,8,-1,-1,-1,-1,-1,-1,24,1,101,-1,-1,-1,-1,,,,,
39102,6852285,-1,181,32,-1,-1,-1,-1,-1,-1,24,1,101,-1,-1,-1,-1,,,,,
39103,6852317,-1,149,8,-1,-1,-1,-1,-1,-1,24,1,101,-1,-1,-1,-1,,,,,
39104,6852833,-1,124,32,-1,-1,-1,-1,-1,-1,24,1,101,-1,-1,-1,-1,,,,,
39105,6852859,-1,99,8,-1,-1,-1,-1,-1,-1,24,1,101,-1,-1,-1,-1,,,,,
39124,6860470,-1,16,1,-1,-1,-1,-1,-1,-1,4,1,2,-1,-1,-1,-1,,,,,
39131,6861899,-1,15,1,-1,-1,-1,-1,-1,-1,9,2,9,-1,-1,-1,-1,,,,,
39140,6864126,-1,107,1,-1,-1,-1,-1,-1,-1,69,1,470,-1,-1,-1,-1,,,,,
39144,6864285,-1,21,1,-1,-1,-1,-1,-1,-1,69,1,9,-1,-1,-1,-1,,,,,
39146,6864374,-1,18,1,-1,-1,-1,-1,-1,-1,69,1,102,-1,-1,-1,-1,,,,,
39148,6864458,-1,20,8,-1,-1,-1,-1,-1,-1,69,1,471,-1,-1,-1,-1,,,,,
39150,6864991,-1,39,8,-1,-1,-1,-1,-1,-1,69,1,471,-1,-1,-1,-1,,,,,
39151,6865061,-1,20,1,-1,-1,-1,-1,-1,-1,69,1,9,-1,-1,-1,-1,,,,,
39152,6865234,-1,102,8,-1,-1,-1,-1,-1,-1,69,1,471,-1,-1,-1,-1,,,,,
39153,6865367,-1,34,1,-1,-1,-1,-1,-1,-1,69,1,9,-1,-1,-1,-1,,,,,
39155,6865637,-1,46,8,-1,-1,-1,-1,-1,-1,69,1,472,-1,-1,-1,-1,,,,,
39156,6865768,-1,140,8,-1,-1,-1,-1,-1,-1,69,1,472,-1,-1,-1,-1,,,,,
39162,6866062,-1,32,1,-1,-1,-1,-1,-1,-1,69,1,9,-1,-1,-1,-1,,,,,
39163,6866144,-1,26,1,-1,-1,-1,-1,-1,-1,69,1,56,-1,-1,-1,-1,,,,,
39165,6866169,-1,16,1,-1,-1,-1,-1,-1,-1,4,1,4,-1,-1,-1,-1,,,,,
39166,6866198,-1,42,1,-1,-1,-1,-1,-1,-1,69,1,9,-1,-1,-1,-1,,,,,
39167,6866306,-1,21,8,-1,-1,-1,-1,-1,-1,69,1,472,-1,-1,-1,-1,,,,,
39168,6866393,-1,24,8,-1,-1,-1,-1,-1,-1,69,1,472,-1,-1,-1,-1,,,,,
39169,6866502,-1,5,1,-1,-1,-1,-1,-1,-1,69,1,9,-1,-1,-1,-1,,,,,
39170,6866525,-1,30,8,-1,-1,-1,-1,-1,-1,69,1,472,-1,-1,-1,-1,,,,,
39172,6866829,-1,3,1,-1,-1,-1,-1,-1,-1,69,1,56,-1,-1,-1,-1,,,,,
39173,6866840,-1,4,1,-1,-1,-1,-1,-1,-1,69,1,9,-1,-1,-1,-1,,,,,
39174,6866884,-1,3,1,-1,-1,-1,-1,-1,-1,69,1,56,-1,-1,-1,-1,,,,,
39175,6866933,-1,63,8,-1,-1,-1,-1,-1,-1,69,1,473,-1,-1,-1,-1,,,,,
39176,6867018,-1,93,8,-1,-1,-1,-1,-1,-1,69,1,472,-1,-1,-1,-1,,,,,
39178,6867361,-1,7,1,-1,-1,-1,-1,-1,-1,69,1,9,-1,-1,-1,-1,,,,,
39179,6867440,-1,4,1,-1,-1,-1,-1,-1,-1,69,1,12,-1,-1,-1,-1,,,,,
39195,6869814,-1,27,1,-1,-1,-1,-1,-1,-1,4,1,4,-1,-1,-1,-1,,,,,
39196,6869839,-1,2696,64,-1,-1,-1,-1,-1,-1,4,1,3,-1,-1,-1,-1,,,,,
39197,6869942,-1,17,1,-1,-1,-1,-1,-1,-1,4,1,2,-1,-1,-1,-1,,,,,
39207,6872537,-1,14,1,-1,-1,-1,-1,-1,-1,4,1,4,-1,-1,-1,-1,,,,,
39220,6875246,-1,96,128,-1,-1,-1,-1,-1,-1,12,2,14,-1,-1,-1,-1,,,,,
39222,6875926,-1,1328,64,-1,-1,-1,-1,-1,-1,4,1,3,-1,-1,-1,-1,,,,,
39229,6877281,-1,1403,64,-1,-1,-1,-1,-1,-1,4,1,3,-1,-1,-1,-1,,,,,
39237,6878686,-1,15,1,-1,-1,-1,-1,-1,-1,4,1,4,-1,-1,-1,-1,,,,,
39240,6879602,-1,91,128,-1,-1,-1,-1,-1,-1,12,2,-1,-1,-1,-1,-1,,,,,
39243,6880043,-1,2400,64,-1,-1,-1,-1,-1,-1,4,1,3,-1,-1,-1,-1,,,,,
39251,6881145,-1,60,1,-1,-1,-1,-1,-1,-1,3,2,140,-1,-1,-1,-1,,,,,
39260,6882470,-1,554,64,-1,-1,-1,-1,-1,-1,4,1,3,-1,-1,-1,-1,,,,,
39265,6883894,-1,4302,64,-1,-1,-1,-1,-1,-1,4,1,3,-1,-1,-1,-1,,,,,
39266,6888197,-1,15,1,-1,-1,-1,-1,-1,-1,4,1,4,-1,-1,-1,-1,,,,,
39267,6888278,-1,11899,64,-1,-1,-1,-1,-1,-1,4,1,3,-1,-1,-1,-1,,,,,
39268,6894300,-1,24,1,-1,-1,-1,-1,-1,-1,9,2,9,-1,-1,-1,-1,,,,,
39269,6900046,-1,15,1,-1,-1,-1,-1,-1,-1,4,1,4,-1,-1,-1,-1,,,,,
39270,6900180,-1,19,1,-1,-1,-1,-1,-1,-1,4,1,4,-1,-1,-1,-1,,,,,
39271,6901206,-1,10924,16,-1,-1,-1,-1,-1,-1,68,2,-1,-1,-1,-1,-1,,,,,
39272,6901207,-1,10924,64,-1,-1,-1,-1,-1,-1,4,1,-1,-1,-1,-1,-1,,,,,
39273,6902797,-1,5,1,-1,-1,-1,-1,-1,-1,2,1,9,-1,-1,-1,-1,,,,,
39279,6914444,-1,87,128,-1,-1,-1,-1,-1,-1,12,2,-1,-1,-1,-1,-1,,,,,
39514,6943338,-1,50,4,-1,-1,-1,-1,-1,-1,22,1,265,-1,-1,-1,-1,,,,,
39516,6943638,-1,61,8,-1,-1,-1,-1,-1,-1,22,1,265,-1,-1,-1,-1,,,,,
39519,6943823,-1,47,2,-1,-1,-1,-1,-1,-1,22,1,265,-1,-1,-1,-1,,,,,
39523,6944201,-1,358,16,-1,-1,-1,-1,-1,-1,55,1,347,-1,-1,-1,-1,,,,,
39526,6944657,-1,1251,32,-1,-1,-1,-1,-1,-1,55,1,347,-1,-1,-1,-1,,,,,
39528,6945015,-1,608,32,-1,-1,-1,-1,-1,-1,24,1,101,-1,-1,-1,-1,,,,,
39529,6945038,-1,586,8,-1,-1,-1,-1,-1,-1,24,1,101,-1,-1,-1,-1,,,,,
39530,6945165,-1,374,4,-1,-1,-1,-1,-1,-1,22,1,474,-1,-1,-1,-1,,,,,
39532,6945572,-1,1615,4,-1,-1,-1,-1,-1,-1,22,1,474,-1,-1,-1,-1,,,,,
39533,6946077,-1,690,32,-1,-1,-1,-1,-1,-1,55,1,347,-1,-1,-1,-1,,,,,
39534,6946136,-1,5176,32,-1,-1,-1,-1,-1,-1,24,1,101,-1,-1,-1,-1,,,,,
39535,6946212,-1,5100,8,-1,-1,-1,-1,-1,-1,24,1,101,-1,-1,-1,-1,,,,,
39537,6946751,-1,11,16,-1,-1,-1,-1,-1,-1,43,1,221,-1,-1,-1,-1,,,,,
39538,6946752,-1,11,4,-1,-1,-1,-1,-1,-1,43,1,467,-1,-1,-1,-1,,,,,
39539,6946755,-1,9,4,-1,-1,-1,-1,-1,-1,43,1,468,-1,-1,-1,-1,,,,,
39540,6946757,-1,4,4,-1,-1,-1,-1,-1,-1,43,1,268,-1,-1,-1,-1,,,,,
39541,6946759,-1,2,16,-1,-1,-1,-1,-1,-1,43,1,267,-1,-1,-1,-1,,,,,
39542,6946845,-1,741,32,-1,-1,-1,-1,-1,-1,55,1,347,-1,-1,-1,-1,,,,,
39544,6947122,-1,12,16,-1,-1,-1,-1,-1,-1,43,1,221,-1,-1,-1,-1,,,,,
39545,6947124,-1,6,4,-1,-1,-1,-1,-1,-1,43,1,467,-1,-1,-1,-1,,,,,
39546,6947125,-1,6,4,-1,-1,-1,-1,-1,-1,43,1,468,-1,-1,-1,-1,,,,,
39547,6947127,-1,5,4,-1,-1,-1,-1,-1,-1,43,1,268,-1,-1,-1,-1,,,,,
39548,6947128,-1,5,16,-1,-1,-1,-1,-1,-1,43,1,267,-1,-1,-1,-1,,,,,
39549,6947237,-1,32,16,-1,-1,-1,-1,-1,-1,43,1,221,-1,-1,-1,-1,,,,,
39550,6947238,-1,29,4,-1,-1,-1,-1,-1,-1,43,1,467,-1,-1,-1,-1,,,,,
39551,6947240,-1,27,4,-1,-1,-1,-1,-1,-1,43,1,468,-1,-1,-1,-1,,,,,
39552,6947241,-1,26,4,-1,-1,-1,-1,-1,-1,43,1,268,-1,-1,-1,-1,,,,,
39553,6947243,-1,25,16,-1,-1,-1,-1,-1,-1,43,1,267,-1,-1,-1,-1,,,,,
39554,6947244,-1,24,8,-1,-1,-1,-1,-1,-1,43,1,469,-1,-1,-1,-1,,,,,
39555,6947485,-1,75,16,-1,-1,-1,-1,-1,-1,43,1,221,-1,-1,-1,-1,,,,,
39556,6947487,-1,70,4,-1,-1,-1,-1,-1,-1,43,1,467,-1,-1,-1,-1,,,,,
39557,6947489,-1,68,4,-1,-1,-1,-1,-1,-1,43,1,468,-1,-1,-1,-1,,,,,
39558,6947491,-1,67,4,-1,-1,-1,-1,-1,-1,43,1,268,-1,-1,-1,-1,,,,,
39559,6947493,-1,66,16,-1,-1,-1,-1,-1,-1,43,1,267,-1,-1,-1,-1,,,,,
39560,6947495,-1,64,8,-1,-1,-1,-1,-1,-1,43,1,469,-1,-1,-1,-1,,,,,
39561,6947597,-1,25,1,-1,-1,-1,-1,-1,-1,4,1,4,-1,-1,-1,-1,,,,,
39563,6947657,-1,8,32,-1,-1,-1,-1,-1,-1,43,1,221,-1,-1,-1,-1,,,,,
39564,6947658,-1,7,8,-1,-1,-1,-1,-1,-1,43,1,467,-1,-1,-1,-1,,,,,
39565,6947660,-1,6,8,-1,-1,-1,-1,-1,-1,43,1,468,-1,-1,-1,-1,,,,,
39566,6947661,-1,6,8,-1,-1,-1,-1,-1,-1,43,1,268,-1,-1,-1,-1,,,,,
39567,6947663,-1,5,32,-1,-1,-1,-1,-1,-1,43,1,267,-1,-1,-1,-1,,,,,
39568,6947686,-1,3626,32,-1,-1,-1,-1,-1,-1,4,1,-1,-1,-1,-1,-1,,,,,
39569,6947785,-1,11,32,-1,-1,-1,-1,-1,-1,43,1,221,-1,-1,-1,-1,,,,,
39570,6947788,-1,8,8,-1,-1,-1,-1,-1,-1,43,1,467,-1,-1,-1,-1,,,,,
39571,6947790,-1,7,8,-1,-1,-1,-1,-1,-1,43,1,468,-1,-1,-1,-1,,,,,
39572,6947793,-1,5,8,-1,-1,-1,-1,-1,-1,43,1,268,-1,-1,-1,-1,,,,,
39573,6947874,-1,731,32,-1,-1,-1,-1,-1,-1,55,1,347,-1,-1,-1,-1,,,,,
39578,6948305,-1,26,1,-1,-1,-1,-1,-1,-1,9,2,9,-1,-1,-1,-1,,,,,
39580,6948690,-1,9,32,-1,-1,-1,-1,-1,-1,43,1,221,-1,-1,-1,-1,,,,,
39581,6948692,-1,62,4,-1,-1,-1,-1,-1,-1,55,1,347,-1,-1,-1,-1,,,,,
39582,6948694,-1,6,8,-1,-1,-1,-1,-1,-1,43,1,467,-1,-1,-1,-1,,,,,
39583,6948696,-1,5,8,-1,-1,-1,-1,-1,-1,43,1,468,-1,-1,-1,-1,,,,,
39585,6948935,-1,49,4,-1,-1,-1,-1,-1,-1,55,1,347,-1,-1,-1,-1,,,,,
39586,6949008,-1,7,32,-1,-1,-1,-1,-1,-1,43,1,221,-1,-1,-1,-1,,,,,
39587,6949010,-1,5,8,-1,-1,-1,-1,-1,-1,43,1,467,-1,-1,-1,-1,,,,,
39588,6949011,-1,5,8,-1,-1,-1,-1,-1,-1,43,1,468,-1,-1,-1,-1,,,,,
39589,6949013,-1,4,8,-1,-1,-1,-1,-1,-1,43,1,268,-1,-1,-1,-1,,,,,
39590,6949329,-1,9,32,-1,-1,-1,-1,-1,-1,43,1,221,-1,-1,-1,-1,,,,,
39591,6949330,-1,8,8,-1,-1,-1,-1,-1,-1,43,1,467,-1,-1,-1,-1,,,,,
39592,6949332,-1,4,8,-1,-1,-1,-1,-1,-1,43,1,468,-1,-1,-1,-1,,,,,
39593,6949334,-1,3,8,-1,-1,-1,-1,-1,-1,43,1,268,-1,-1,-1,-1,,,,,
39595,6949626,-1,44,1,-1,-1,-1,-1,-1,-1,15,1,12,-1,-1,-1,-1,,,,,
39596,6949690,-1,21,1,-1,-1,-1,-1,-1,-1,15,1,12,-1,-1,-1,-1,,,,,
39597,6949716,-1,1596,4,-1,-1,-1,-1,-1,-1,15,1,19,-1,-1,-1,-1,,,,,
39598,6949739,-1,1573,2,-1,-1,-1,-1,-1,-1,15,1,20,-1,-1,-1,-1,,,,,
39599,6949760,-1,422,32,-1,-1,-1,-1,-1,-1,55,1,347,-1,-1,-1,-1,,,,,
39607,6955066,-1,32,1,-1,-1,-1,-1,-1,-1,4,1,4,-1,-1,-1,-1,,,,,
39608,6955080,-1,2,32,-1,-1,-1,-1,-1,-1,55,1,347,-1,-1,-1,-1,,,,,
39609,6955096,-1,3721,32,-1,-1,-1,-1,-1,-1,4,1,-1,-1,-1,-1,-1,,,,,
39610,6955167,-1,1001,32,-1,-1,-1,-1,-1,-1,55,1,347,-1,-1,-1,-1,,,,,
39611,6955487,-1,485,16,-1,-1,-1,-1,-1,-1,43,1,221,-1,-1,-1,-1,,,,,
39612,6955493,-1,479,4,-1,-1,-1,-1,-1,-1,43,1,467,-1,-1,-1,-1,,,,,
39613,6955510,-1,460,4,-1,-1,-1,-1,-1,-1,43,1,468,-1,-1,-1,-1,,,,,
39614,6955517,-1,453,4,-1,-1,-1,-1,-1,-1,43,1,268,-1,-1,-1,-1,,,,,
39615,6955522,-1,449,16,-1,-1,-1,-1,-1,-1,43,1,267,-1,-1,-1,-1,,,,,
39616,6955525,-1,446,8,-1,-1,-1,-1,-1,-1,43,1,469,-1,-1,-1,-1,,,,,
39618,6955709,-1,192,8,-1,-1,-1,-1,-1,-1,5,2,11,-1,-1,-1,-1,,,,,
39620,6956617,-1,152,16,-1,-1,-1,-1,-1,-1,55,1,347,-1,-1,-1,-1,,,,,
39622,6956751,-1,43,32,-1,-1,-1,-1,-1,-1,43,1,221,-1,-1,-1,-1,,,,,
39623,6956753,-1,41,8,-1,-1,-1,-1,-1,-1,43,1,467,-1,-1,-1,-1,,,,,
39624,6956759,-1,36,8,-1,-1,-1,-1,-1,-1,43,1,468,-1,-1,-1,-1,,,,,
39625,6956761,-1,34,8,-1,-1,-1,-1,-1,-1,43,1,268,-1,-1,-1,-1,,,,,
39626,6956789,-1,7,16,-1,-1,-1,-1,-1,-1,55,1,347,-1,-1,-1,-1,,,,,
39627,6956801,-1,2024,16,-1,-1,-1,-1,-1,-1,55,1,347,-1,-1,-1,-1,,,,,
39628,6957007,-1,89,32,-1,-1,-1,-1,-1,-1,43,1,221,-1,-1,-1,-1,,,,,
39629,6957009,-1,86,8,-1,-1,-1,-1,-1,-1,43,1,467,-1,-1,-1,-1,,,,,
39630,6957011,-1,84,8,-1,-1,-1,-1,-1,-1,43,1,468,-1,-1,-1,-1,,,,,
39631,6957013,-1,83,8,-1,-1,-1,-1,-1,-1,43,1,268,-1,-1,-1,-1,,,,,
39633,6957534,-1,82,32,-1,-1,-1,-1,-1,-1,24,1,101,-1,-1,-1,-1,,,,,
39634,6957563,-1,54,8,-1,-1,-1,-1,-1,-1,24,1,101,-1,-1,-1,-1,,,,,
39635,6957663,-1,8681,32,-1,-1,-1,-1,-1,-1,24,1,101,-1,-1,-1,-1,,,,,
39636,6957688,-1,8657,8,-1,-1,-1,-1,-1,-1,24,1,101,-1,-1,-1,-1,,,,,
39638,6958049,-1,61,32,-1,-1,-1,-1,-1,-1,43,1,221,-1,-1,-1,-1,,,,,
39639,6958129,-1,5,1,-1,-1,-1,-1,-1,-1,43,1,9,-1,-1,-1,-1,,,,,
39641,6958576,-1,44,32,-1,-1,-1,-1,-1,-1,43,1,221,-1,-1,-1,-1,,,,,
39642,6958849,-1,400,16,-1,-1,-1,-1,-1,-1,55,1,347,-1,-1,-1,-1,,,,,
39643,6958878,-1,124,32,-1,-1,-1,-1,-1,-1,43,1,221,-1,-1,-1,-1,,,,,
39645,6959258,-1,412,16,-1,-1,-1,-1,-1,-1,55,1,347,-1,-1,-1,-1,,,,,
39647,6959566,-1,105,1,-1,-1,-1,-1,-1,-1,34,1,131,-1,-1,-1,-1,,,,,
39648,6959735,-1,115,32,-1,-1,-1,-1,-1,-1,43,1,221,-1,-1,-1,-1,,,,,
39650,6960091,-1,427,32,-1,-1,-1,-1,-1,-1,7,1,10,-1,-1,-1,-1,,,,,
39651,6960097,-1,19,1,-1,-1,-1,-1,-1,-1,12,2,1,-1,-1,-1,-1,,,,,
39652,6960111,-1,94,1,-1,-1,-1,-1,-1,-1,15,1,12,-1,-1,-1,-1,,,,,
39653,6960162,-1,357,4,-1,-1,-1,-1,-1,-1,7,1,18,-1,-1,-1,-1,,,,,
39654,6960226,-1,26,1,-1,-1,-1,-1,-1,-1,15,1,12,-1,-1,-1,-1,,,,,
39655,6960259,-1,1620,4,-1,-1,-1,-1,-1,-1,15,1,19,-1,-1,-1,-1,,,,,
39656,6960284,-1,1597,2,-1,-1,-1,-1,-1,-1,15,1,20,-1,-1,-1,-1,,,,,
39658,6960527,-1,30,32,-1,-1,-1,-1,-1,-1,43,1,221,-1,-1,-1,-1,,,,,
39659,6960915,-1,104,32,-1,-1,-1,-1,-1,-1,43,1,221,-1,-1,-1,-1,,,,,
39664,6961491,-1,43,32,-1,-1,-1,-1,-1,-1,43,1,221,-1,-1,-1,-1,,,,,
39667,6961704,-1,252,16,-1,-1,-1,-1,-1,-1,55,1,347,-1,-1,-1,-1,,,,,
39668,6962077,-1,490,16,-1,-1,-1,-1,-1,-1,55,1,347,-1,-1,-1,-1,,,,,
39671,6962781,-1,248,16,-1,-1,-1,-1,-1,-1,55,1,347,-1,-1,-1,-1,,,,,
39677,6963504,-1,44,1,-1,-1,-1,-1,-1,-1,15,1,12,-1,-1,-1,-1,,,,,
39678,6963560,-1,18,1,-1,-1,-1,-1,-1,-1,15,1,12,-1,-1,-1,-1,,,,,
39679,6963584,-1,29,4,-1,-1,-1,-1,-1,-1,15,1,19,-1,-1,-1,-1,,,,,
39680,6963606,-1,20,2,-1,-1,-1,-1,-1,-1,15,1,20,-1,-1,-1,-1,,,,,
39682,6963893,-1,933,4,-1,-1,-1,-1,-1,-1,15,1,19,-1,-1,-1,-1,,,,,
39683,6963914,-1,913,2,-1,-1,-1,-1,-1,-1,15,1,20,-1,-1,-1,-1,,,,,
39685,6964493,-1,381,16,-1,-1,-1,-1,-1,-1,55,1,347,-1,-1,-1,-1,,,,,
39686,6964720,-1,64,1,-1,-1,-1,-1,-1,-1,15,1,12,-1,-1,-1,-1,,,,,
39688,6964804,-1,21,1,-1,-1,-1,-1,-1,-1,15,1,12,-1,-1,-1,-1,,,,,
39690,6964829,-1,840,4,-1,-1,-1,-1,-1,-1,15,1,19,-1,-1,-1,-1,,,,,
39691,6964856,-1,814,2,-1,-1,-1,-1,-1,-1,15,1,20,-1,-1,-1,-1,,,,,
39695,6965671,-1,594,4,-1,-1,-1,-1,-1,-1,15,1,19,-1,-1,-1,-1,,,,,
39697,6965692,-1,574,2,-1,-1,-1,-1,-1,-1,15,1,20,-1,-1,-1,-1,,,,,
39698,6965749,-1,45,4,-1,-1,-1,-1,-1,-1,40,2,297,-1,-1,-1,-1,,,,,
39699,6965897,-1,31,1,-1,-1,-1,-1,-1,-1,58,1,379,-1,-1,-1,-1,,,,,
39700,6965934,-1,114,4,-1,-1,-1,-1,-1,-1,40,2,297,-1,-1,-1,-1,,,,,
39701,6965951,-1,29,1,-1,-1,-1,-1,-1,-1,58,1,379,-1,-1,-1,-1,,,,,
39702,6965988,-1,125,1,-1,-1,-1,-1,-1,-1,58,1,379,-1,-1,-1,-1,,,,,
39703,6966181,-1,32,1,-1,-1,-1,-1,-1,-1,58,1,379,-1,-1,-1,-1,,,,,
39704,6966191,-1,181,64,-1,-1,-1,-1,-1,-1,68,2,158,-1,-1,-1,-1,,,,,
39705,6966256,-1,32,1,-1,-1,-1,-1,-1,-1,58,1,379,-1,-1,-1,-1,,,,,
39707,6966378,-1,373,16,-1,-1,-1,-1,-1,-1,55,1,347,-1,-1,-1,-1,,,,,
39708,6966386,-1,1837,32,-1,-1,-1,-1,-1,-1,4,1,3,-1,-1,-1,-1,,,,,
39709,6966416,-1,49,1,-1,-1,-1,-1,-1,-1,58,1,379,-1,-1,-1,-1,,,,,
39710,6966555,-1,32,1,-1,-1,-1,-1,-1,-1,58,1,379,-1,-1,-1,-1,,,,,
39712,6966679,-1,144,64,-1,-1,-1,-1,-1,-1,68,2,158,-1,-1,-1,-1,,,,,
39713,6966681,-1,34,1,-1,-1,-1,-1,-1,-1,58,1,379,-1,-1,-1,-1,,,,,
39714,6966684,-1,821,4,-1,-1,-1,-1,-1,-1,15,1,19,-1,-1,-1,-1,,,,,
39716,6966709,-1,799,2,-1,-1,-1,-1,-1,-1,15,1,20,-1,-1,-1,-1,,,,,
39717,6966755,-1,345,16,-1,-1,-1,-1,-1,-1,55,1,347,-1,-1,-1,-1,,,,,
39718,6966782,-1,19,4,-1,-1,-1,-1,-1,-1,40,2,297,-1,-1,-1,-1,,,,,
39719,6966807,-1,31,1,-1,-1,-1,-1,-1,-1,58,1,379,-1,-1,-1,-1,,,,,
39722,6966891,-1,50,4,-1,-1,-1,-1,-1,-1,40,2,297,-1,-1,-1,-1,,,,,
39723,6966896,-1,130,64,-1,-1,-1,-1,-1,-1,68,2,158,-1,-1,-1,-1,,,,,
39725,6967140,-1,132,4,-1,-1,-1,-1,-1,-1,40,2,297,-1,-1,-1,-1,,,,,
39726,6967179,-1,255,16,-1,-1,-1,-1,-1,-1,55,1,347,-1,-1,-1,-1,,,,,
39727,6967218,-1,136,64,-1,-1,-1,-1,-1,-1,68,2,158,-1,-1,-1,-1,,,,,
39728,6967466,-1,387,16,-1,-1,-1,-1,-1,-1,55,1,347,-1,-1,-1,-1,,,,,
39729,6967509,-1,66,4,-1,-1,-1,-1,-1,-1,15,1,19,-1,-1,-1,-1,,,,,
39730,6967614,-1,111,1,-1,-1,-1,-1,-1,-1,68,2,12,-1,-1,-1,-1,,,,,
39731,6967618,-1,297,16,-1,-1,-1,-1,-1,-1,40,2,28,-1,-1,-1,-1,,,,,
39732,6967647,-1,1922,4,-1,-1,-1,-1,-1,-1,15,1,19,-1,-1,-1,-1,,,,,
39733,6967668,-1,1901,2,-1,-1,-1,-1,-1,-1,15,1,20,-1,-1,-1,-1,,,,,
39735,6967763,-1,25,1,-1,-1,-1,-1,-1,-1,4,1,4,-1,-1,-1,-1,,,,,
39736,6967777,-1,84,1,-1,-1,-1,-1,-1,-1,68,2,12,-1,-1,-1,-1,,,,,
39737,6967900,-1,374,16,-1,-1,-1,-1,-1,-1,55,1,347,-1,-1,-1,-1,,,,,
39738,6967945,-1,146,64,-1,-1,-1,-1,-1,-1,68,2,158,-1,-1,-1,-1,,,,,
39739,6968141,-1,290,16,-1,-1,-1,-1,-1,-1,40,2,28,-1,-1,-1,-1,,,,,
39740,6968182,-1,12010,1,-1,-1,-1,-1,-1,-1,68,2,466,-1,-1,-1,-1,,,,,
39741,6968228,-1,20,1,-1,-1,-1,-1,-1,-1,4,1,4,-1,-1,-1,-1,,,,,
39743,6968282,-1,401,16,-1,-1,-1,-1,-1,-1,55,1,347,-1,-1,-1,-1,,,,,
39744,6968315,-1,2057,32,-1,-1,-1,-1,-1,-1,4,1,3,-1,-1,-1,-1,,,,,
39745,6968432,-1,58,32,-1,-1,-1,-1,-1,-1,43,1,221,-1,-1,-1,-1,,,,,
39746,6968495,-1,10,1,-1,-1,-1,-1,-1,-1,43,1,9,-1,-1,-1,-1,,,,,
39747,6968567,-1,163,32,-1,-1,-1,-1,-1,-1,43,1,221,-1,-1,-1,-1,,,,,
39748,6968596,-1,8,1,-1,-1,-1,-1,-1,-1,43,1,9,-1,-1,-1,-1,,,,,
39751,6968686,-1,284,16,-1,-1,-1,-1,-1,-1,40,2,28,-1,-1,-1,-1,,,,,
39752,6968687,-1,333,16,-1,-1,-1,-1,-1,-1,55,1,347,-1,-1,-1,-1,,,,,
39754,6969054,-1,312,16,-1,-1,-1,-1,-1,-1,40,2,28,-1,-1,-1,-1,,,,,
39756,6969184,-1,279,32,-1,-1,-1,-1,-1,-1,43,1,221,-1,-1,-1,-1,,,,,
39758,6969387,-1,168,16,-1,-1,-1,-1,-1,-1,40,2,28,-1,-1,-1,-1,,,,,
39759,6969394,-1,292,16,-1,-1,-1,-1,-1,-1,55,1,347,-1,-1,-1,-1,,,,,
39760,6969491,-1,38,1,-1,-1,-1,-1,-1,-1,15,1,12,-1,-1,-1,-1,,,,,
39761,6969548,-1,19,1,-1,-1,-1,-1,-1,-1,15,1,12,-1,-1,-1,-1,,,,,
39762,6969571,-1,1026,4,-1,-1,-1,-1,-1,-1,15,1,19,-1,-1,-1,-1,,,,,
39763,6969592,-1,1005,2,-1,-1,-1,-1,-1,-1,15,1,20,-1,-1,-1,-1,,,,,
39764,6969751,-1,16,1,-1,-1,-1,-1,-1,-1,4,1,4,-1,-1,-1,-1,,,,,
39766,6969917,-1,318,16,-1,-1,-1,-1,-1,-1,55,1,347,-1,-1,-1,-1,,,,,
39767,6970025,-1,360,16,-1,-1,-1,-1,-1,-1,55,1,475,-1,-1,-1,-1,,,,,
39768,6970271,-1,131,32,-1,-1,-1,-1,-1,-1,43,1,221,-1,-1,-1,-1,,,,,
39769,6970386,-1,2049,32,-1,-1,-1,-1,-1,-1,4,1,3,-1,-1,-1,-1,,,,,
39770,6970416,-1,230,16,-1,-1,-1,-1,-1,-1,40,2,28,-1,-1,-1,-1,,,,,
39772,6970599,-1,1080,4,-1,-1,-1,-1,-1,-1,15,1,19,-1,-1,-1,-1,,,,,
39773,6970621,-1,1058,2,-1,-1,-1,-1,-1,-1,15,1,20,-1,-1,-1,-1,,,,,
39774,6970712,-1,263,16,-1,-1,-1,-1,-1,-1,55,1,347,-1,-1,-1,-1,,,,,
39776,6970910,-1,528,32,-1,-1,-1,-1,-1,-1,7,1,10,-1,-1,-1,-1,,,,,
39778,6970978,-1,460,4,-1,-1,-1,-1,-1,-1,7,1,18,-1,-1,-1,-1,,,,,
39780,6971135,-1,177,32,-1,-1,-1,-1,-1,-1,43,1,221,-1,-1,-1,-1,,,,,
39782,6971461,-1,173,16,-1,-1,-1,-1,-1,-1,40,2,28,-1,-1,-1,-1,,,,,
39784,6971673,-1,282,16,-1,-1,-1,-1,-1,-1,40,2,28,-1,-1,-1,-1,,,,,
39785,6971681,-1,901,4,-1,-1,-1,-1,-1,-1,15,1,19,-1,-1,-1,-1,,,,,
39786,6971704,-1,884,2,-1,-1,-1,-1,-1,-1,15,1,20,-1,-1,-1,-1,,,,,
39787,6971786,-1,105,4,-1,-1,-1,-1,-1,-1,40,2,297,-1,-1,-1,-1,,,,,
39788,6971800,-1,21,1,-1,-1,-1,-1,-1,-1,4,1,4,-1,-1,-1,-1,,,,,
39789,6971890,-1,3425,32,-1,-1,-1,-1,-1,-1,24,1,101,-1,-1,-1,-1,,,,,
39790,6971929,-1,3387,8,-1,-1,-1,-1,-1,-1,24,1,101,-1,-1,-1,-1,,,,,
39792,6972174,-1,83,32,-1,-1,-1,-1,-1,-1,43,1,221,-1,-1,-1,-1,,,,,
39793,6972232,-1,287,16,-1,-1,-1,-1,-1,-1,40,2,28,-1,-1,-1,-1,,,,,
39794,6972449,-1,1983,32,-1,-1,-1,-1,-1,-1,4,1,3,-1,-1,-1,-1,,,,,
39795,6972526,-1,53,1,-1,-1,-1,-1,-1,-1,4,1,4,-1,-1,-1,-1,,,,,
39796,6972538,-1,73,4,-1,-1,-1,-1,-1,-1,40,2,297,-1,-1,-1,-1,,,,,
39799,6973027,-1,1279,4,-1,-1,-1,-1,-1,-1,15,1,19,-1,-1,-1,-1,,,,,
39800,6973037,-1,289,16,-1,-1,-1,-1,-1,-1,40,2,28,-1,-1,-1,-1,,,,,
39801,6973048,-1,1258,2,-1,-1,-1,-1,-1,-1,15,1,20,-1,-1,-1,-1,,,,,
39806,6973722,-1,290,16,-1,-1,-1,-1,-1,-1,40,2,28,-1,-1,-1,-1,,,,,
39807,6973877,-1,74,32,-1,-1,-1,-1,-1,-1,43,1,221,-1,-1,-1,-1,,,,,
39808,6973888,-1,31,1,-1,-1,-1,-1,-1,-1,4,1,4,-1,-1,-1,-1,,,,,
39809,6974167,-1,66,1,-1,-1,-1,-1,-1,-1,15,1,12,-1,-1,-1,-1,,,,,
39810,6974184,-1,340,16,-1,-1,-1,-1,-1,-1,40,2,28,-1,-1,-1,-1,,,,,
39811,6974273,-1,32,1,-1,-1,-1,-1,-1,-1,15,1,12,-1,-1,-1,-1,,,,,
39812,6974308,-1,963,4,-1,-1,-1,-1,-1,-1,15,1,19,-1,-1,-1,-1,,,,,
39813,6974329,-1,944,2,-1,-1,-1,-1,-1,-1,15,1,20,-1,-1,-1,-1,,,,,
39814,6974431,-1,202,32,-1,-1,-1,-1,-1,-1,43,1,221,-1,-1,-1,-1,,,,,
39815,6974509,-1,591,32,-1,-1,-1,-1,-1,-1,4,1,3,-1,-1,-1,-1,,,,,
39816,6974668,-1,368,16,-1,-1,-1,-1,-1,-1,40,2,28,-1,-1,-1,-1,,,,,
39817,6974883,-1,74,32,-1,-1,-1,-1,-1,-1,7,1,10,-1,-1,-1,-1,,,,,
39818,6974982,-1,30,1,-1,-1,-1,-1,-1,-1,4,1,4,-1,-1,-1,-1,,,,,
39819,6975171,-1,2265,32,-1,-1,-1,-1,-1,-1,4,1,3,-1,-1,-1,-1,,,,,
39820,6975278,-1,141,32,-1,-1,-1,-1,-1,-1,7,1,10,-1,-1,-1,-1,,,,,
39821,6975351,-1,69,4,-1,-1,-1,-1,-1,-1,7,1,18,-1,-1,-1,-1,,,,,
39822,6975442,-1,376,32,-1,-1,-1,-1,-1,-1,7,1,10,-1,-1,-1,-1,,,,,
39823,6975501,-1,316,4,-1,-1,-1,-1,-1,-1,7,1,18,-1,-1,-1,-1,,,,,
39824,6975643,-1,352,16,-1,-1,-1,-1,-1,-1,40,2,28,-1,-1,-1,-1,,,,,
39825,6975837,-1,8198,32,-1,-1,-1,-1,-1,-1,24,1,101,-1,-1,-1,-1,,,,,
39826,6975869,-1,8167,8,-1,-1,-1,-1,-1,-1,24,1,101,-1,-1,-1,-1,,,,,
39827,6975961,-1,933,4,-1,-1,-1,-1,-1,-1,15,1,19,-1,-1,-1,-1,,,,,
39828,6975983,-1,913,2,-1,-1,-1,-1,-1,-1,15,1,20,-1,-1,-1,-1,,,,,
39829,6976178,-1,87,32,-1,-1,-1,-1,-1,-1,7,1,10,-1,-1,-1,-1,,,,,
39830,6976244,-1,22,4,-1,-1,-1,-1,-1,-1,7,1,18,-1,-1,-1,-1,,,,,
39831,6976318,-1,83,32,-1,-1,-1,-1,-1,-1,7,1,10,-1,-1,-1,-1,,,,,
39832,6976377,-1,25,4,-1,-1,-1,-1,-1,-1,7,1,18,-1,-1,-1,-1,,,,,
39833,6976542,-1,19,1,-1,-1,-1,-1,-1,-1,4,1,4,-1,-1,-1,-1,,,,,
39834,6976701,-1,1182,32,-1,-1,-1,-1,-1,-1,7,1,10,-1,-1,-1,-1,,,,,
39835,6976774,-1,1107,4,-1,-1,-1,-1,-1,-1,7,1,18,-1,-1,-1,-1,,,,,
39836,6977439,-1,20,1,-1,-1,-1,-1,-1,-1,4,1,4,-1,-1,-1,-1,,,,,
39837,6977480,-1,923,4,-1,-1,-1,-1,-1,-1,15,1,19,-1,-1,-1,-1,,,,,
39838,6977501,-1,904,2,-1,-1,-1,-1,-1,-1,15,1,20,-1,-1,-1,-1,,,,,
39839,6977834,-1,369,4,-1,-1,-1,-1,-1,-1,40,2,297,-1,-1,-1,-1,,,,,
39840,6977906,-1,6128,32,-1,-1,-1,-1,-1,-1,7,1,10,-1,-1,-1,-1,,,,,
39841,6977969,-1,6066,4,-1,-1,-1,-1,-1,-1,7,1,18,-1,-1,-1,-1,,,,,
39842,6978216,-1,167,4,-1,-1,-1,-1,-1,-1,40,2,297,-1,-1,-1,-1,,,,,
39843,6978252,-1,5783,32,-1,-1,-1,-1,-1,-1,4,1,3,-1,-1,-1,-1,,,,,
39844,6980701,-1,16,1,-1,-1,-1,-1,-1,-1,9,2,9,-1,-1,-1,-1,,,,,
39845,6980734,-1,17,1,-1,-1,-1,-1,-1,-1,68,2,9,-1,-1,-1,-1,,,,,
39846,6980784,-1,224,1,-1,-1,-1,-1,-1,-1,68,2,9,-1,-1,-1,-1,,,,,
39847,6981100,-1,96,1,-1,-1,-1,-1,-1,-1,68,2,12,-1,-1,-1,-1,,,,,
39848,6981547,-1,80,1,-1,-1,-1,-1,-1,-1,68,2,12,-1,-1,-1,-1,,,,,
39849,6982736,-1,79,8,-1,-1,-1,-1,-1,-1,5,2,11,-1,-1,-1,-1,,,,,
39850,6982819,-1,34,8,-1,-1,-1,-1,-1,-1,5,2,241,-1,-1,-1,-1,,,,,
39851,6982872,-1,34,8,-1,-1,-1,-1,-1,-1,5,2,241,-1,-1,-1,-1,,,,,
39852,6982937,-1,46,8,-1,-1,-1,-1,-1,-1,5,2,241,-1,-1,-1,-1,,,,,
39853,6984637,-1,2384,32,-1,-1,-1,-1,-1,-1,7,1,10,-1,-1,-1,-1,,,,,
39854,6984667,-1,43,4,-1,-1,-1,-1,-1,-1,5,2,241,-1,-1,-1,-1,,,,,
39855,6984710,-1,2311,4,-1,-1,-1,-1,-1,-1,7,1,18,-1,-1,-1,-1,,,,,
39856,6984755,-1,36,4,-1,-1,-1,-1,-1,-1,5,2,241,-1,-1,-1,-1,,,,,
39857,6984794,-1,139,8,-1,-1,-1,-1,-1,-1,5,2,11,-1,-1,-1,-1,,,,,
39858,6984941,-1,34,8,-1,-1,-1,-1,-1,-1,5,2,241,-1,-1,-1,-1,,,,,
39859,6985033,-1,19,1,-1,-1,-1,-1,-1,-1,4,1,4,-1,-1,-1,-1,,,,,
39860,6985143,-1,35,8,-1,-1,-1,-1,-1,-1,5,2,241,-1,-1,-1,-1,,,,,
39861,6985182,-1,33,8,-1,-1,-1,-1,-1,-1,5,2,241,-1,-1,-1,-1,,,,,
39862,6985229,-1,41,32,-1,-1,-1,-1,-1,-1,5,2,241,-1,-1,-1,-1,,,,,
39863,6985252,-1,1144,32,-1,-1,-1,-1,-1,-1,4,1,3,-1,-1,-1,-1,,,,,
39864,6985281,-1,26,32,-1,-1,-1,-1,-1,-1,5,2,241,-1,-1,-1,-1,,,,,
39865,6986525,-1,29,1,-1,-1,-1,-1,-1,-1,68,2,12,-1,-1,-1,-1,,,,,
39866,6987608,-1,10278,64,-1,-1,-1,-1,-1,-1,4,1,-1,-1,-1,-1,-1,,,,,
39867,6987623,-1,10270,32,-1,-1,-1,-1,-1,-1,7,1,10,-1,-1,-1,-1,,,,,
39868,6987722,-1,10175,4,-1,-1,-1,-1,-1,-1,7,1,18,-1,-1,-1,-1,,,,,
39869,6997902,-1,103,128,-1,-1,-1,-1,-1,-1,12,2,-1,-1,-1,-1,-1,,,,,
39870,6998009,-1,10177,64,-1,-1,-1,-1,-1,-1,4,1,-1,-1,-1,-1,-1,,,,,
39871,6998195,-1,2043,32,-1,-1,-1,-1,-1,-1,7,1,10,-1,-1,-1,-1,,,,,
39872,6998260,-1,1978,4,-1,-1,-1,-1,-1,-1,7,1,18,-1,-1,-1,-1,,,,,
39881,7000681,-1,7510,32,-1,-1,-1,-1,-1,-1,7,1,10,-1,-1,-1,-1,,,,,
39882,7000756,-1,7438,4,-1,-1,-1,-1,-1,-1,7,1,18,-1,-1,-1,-1,,,,,
39915,7005217,-1,104,1,-1,-1,-1,-1,-1,-1,58,1,379,-1,-1,-1,-1,,,,,
39916,7005395,-1,132,1,-1,-1,-1,-1,-1,-1,58,1,379,-1,-1,-1,-1,,,,,
39917,7005551,-1,266,1,-1,-1,-1,-1,-1,-1,58,1,379,-1,-1,-1,-1,,,,,
39938,7008197,-1,115,128,-1,-1,-1,-1,-1,-1,12,2,-1,-1,-1,-1,-1,,,,,
39939,7008317,-1,10166,64,-1,-1,-1,-1,-1,-1,4,1,-1,-1,-1,-1,-1,,,,,
39940,7008497,-1,28606,32,-1,-1,-1,-1,-1,-1,7,1,10,-1,-1,-1,-1,,,,,
39941,7008566,-1,28538,4,-1,-1,-1,-1,-1,-1,7,1,18,-1,-1,-1,-1,,,,,
40030,7019590,-1,15617,32,-1,-1,-1,-1,-1,-1,24,1,101,-1,-1,-1,-1,,,,,
40031,7019613,-1,15595,8,-1,-1,-1,-1,-1,-1,24,1,101,-1,-1,-1,-1,,,,,
40046,7021552,-1,23,1,-1,-1,-1,-1,-1,-1,4,1,2,-1,-1,-1,-1,,,,,
40051,7021732,-1,938,32,-1,-1,-1,-1,-1,-1,4,1,3,-1,-1,-1,-1,,,,,
40060,7022705,-1,3447,32,-1,-1,-1,-1,-1,-1,4,1,3,-1,-1,-1,-1,,,,,
40082,7025446,-1,561,8,-1,-1,-1,-1,-1,-1,5,2,11,-1,-1,-1,-1,,,,,
40090,7026176,-1,3143,32,-1,-1,-1,-1,-1,-1,4,1,3,-1,-1,-1,-1,,,,,
40093,7026949,-1,107,4,-1,-1,-1,-1,-1,-1,5,2,11,-1,-1,-1,-1,,,,,
40098,7027776,-1,25,1,-1,-1,-1,-1,-1,-1,4,1,4,-1,-1,-1,-1,,,,,
40101,7028388,-1,58,4,-1,-1,-1,-1,-1,-1,5,2,11,-1,-1,-1,-1,,,,,
40103,7028918,-1,21,1,-1,-1,-1,-1,-1,-1,4,1,4,-1,-1,-1,-1,,,,,
40105,7029356,-1,1367,32,-1,-1,-1,-1,-1,-1,4,1,3,-1,-1,-1,-1,,,,,
40112,7030405,-1,192,16,-1,-1,-1,-1,-1,-1,12,2,-1,-1,-1,-1,-1,,,,,
40114,7030760,-1,6867,32,-1,-1,-1,-1,-1,-1,4,1,3,-1,-1,-1,-1,,,,,
40115,7030782,-1,55,16,-1,-1,-1,-1,-1,-1,32,1,440,-1,-1,-1,-1,,,,,
40116,7030893,-1,35,16,-1,-1,-1,-1,-1,-1,32,1,440,-1,-1,-1,-1,,,,,
40121,7032469,-1,22,4,-1,-1,-1,-1,-1,-1,40,2,297,-1,-1,-1,-1,,,,,
40122,7032508,-1,21,4,-1,-1,-1,-1,-1,-1,40,2,297,-1,-1,-1,-1,,,,,
40123,7032588,-1,46,8,-1,-1,-1,-1,-1,-1,32,1,11,-1,-1,-1,-1,,,,,
40124,7032642,-1,21,4,-1,-1,-1,-1,-1,-1,40,2,297,-1,-1,-1,-1,,,,,
40125,7032857,-1,55,4,-1,-1,-1,-1,-1,-1,55,1,347,-1,-1,-1,-1,,,,,
40126,7032886,-1,22,4,-1,-1,-1,-1,-1,-1,40,2,297,-1,-1,-1,-1,,,,,
40127,7032948,-1,56,4,-1,-1,-1,-1,-1,-1,55,1,347,-1,-1,-1,-1,,,,,
40128,7032980,-1,22,1,-1,-1,-1,-1,-1,-1,4,1,4,-1,-1,-1,-1,,,,,
40129,7033023,-1,24,4,-1,-1,-1,-1,-1,-1,40,2,297,-1,-1,-1,-1,,,,,
40130,7033049,-1,70,4,-1,-1,-1,-1,-1,-1,55,1,347,-1,-1,-1,-1,,,,,
40132,7033122,-1,79,4,-1,-1,-1,-1,-1,-1,55,1,347,-1,-1,-1,-1,,,,,
40133,7033144,-1,21,4,-1,-1,-1,-1,-1,-1,40,2,297,-1,-1,-1,-1,,,,,
40134,7033279,-1,52,4,-1,-1,-1,-1,-1,-1,55,1,347,-1,-1,-1,-1,,,,,
40135,7033324,-1,178,8,-1,-1,-1,-1,-1,-1,32,1,11,-1,-1,-1,-1,,,,,
40136,7033340,-1,55,4,-1,-1,-1,-1,-1,-1,55,1,347,-1,-1,-1,-1,,,,,
40137,7033409,-1,20,1,-1,-1,-1,-1,-1,-1,4,1,4,-1,-1,-1,-1,,,,,
40138,7033427,-1,21,4,-1,-1,-1,-1,-1,-1,40,2,297,-1,-1,-1,-1,,,,,
40139,7033511,-1,44,4,-1,-1,-1,-1,-1,-1,55,1,347,-1,-1,-1,-1,,,,,
40140,7033556,-1,318,4,-1,-1,-1,-1,-1,-1,32,1,11,-1,-1,-1,-1,,,,,
40141,7033631,-1,22,4,-1,-1,-1,-1,-1,-1,40,2,297,-1,-1,-1,-1,,,,,
40143,7033843,-1,62,16,-1,-1,-1,-1,-1,-1,32,1,440,-1,-1,-1,-1,,,,,
40144,7033886,-1,22,4,-1,-1,-1,-1,-1,-1,40,2,297,-1,-1,-1,-1,,,,,
40145,7033944,-1,61,4,-1,-1,-1,-1,-1,-1,55,1,347,-1,-1,-1,-1,,,,,
40146,7033950,-1,47,4,-1,-1,-1,-1,-1,-1,40,2,297,-1,-1,-1,-1,,,,,
40147,7034096,-1,536,4,-1,-1,-1,-1,-1,-1,55,1,347,-1,-1,-1,-1,,,,,
40149,7034434,-1,45,4,-1,-1,-1,-1,-1,-1,32,1,440,-1,-1,-1,-1,,,,,
40150,7034530,-1,18,1,-1,-1,-1,-1,-1,-1,4,1,4,-1,-1,-1,-1,,,,,
40151,7034590,-1,1,8,-1,-1,-1,-1,-1,-1,32,1,440,-1,-1,-1,-1,,,,,
40152,7034602,-1,49,8,-1,-1,-1,-1,-1,-1,32,1,440,-1,-1,-1,-1,,,,,
40155,7034703,-1,21,1,-1,-1,-1,-1,-1,-1,9,2,9,-1,-1,-1,-1,,,,,
40157,7034756,-1,144,4,-1,-1,-1,-1,-1,-1,32,1,11,-1,-1,-1,-1,,,,,
40159,7034837,-1,46,4,-1,-1,-1,-1,-1,-1,40,2,297,-1,-1,-1,-1,,,,,
40162,7035657,-1,21,1,-1,-1,-1,-1,-1,-1,4,1,4,-1,-1,-1,-1,,,,,
40163,7035661,-1,42,4,-1,-1,-1,-1,-1,-1,40,2,297,-1,-1,-1,-1,,,,,
40164,7035727,-1,42,4,-1,-1,-1,-1,-1,-1,40,2,297,-1,-1,-1,-1,,,,,
40165,7035774,-1,47,4,-1,-1,-1,-1,-1,-1,40,2,297,-1,-1,-1,-1,,,,,
40166,7035868,-1,122,32,-1,-1,-1,-1,-1,-1,43,1,221,-1,-1,-1,-1,,,,,
40167,7035923,-1,158,16,-1,-1,-1,-1,-1,-1,16,2,476,-1,-1,-1,-1,,,,,
40169,7036062,-1,133,4,-1,-1,-1,-1,-1,-1,40,2,297,-1,-1,-1,-1,,,,,
40170,7036153,-1,142,16,-1,-1,-1,-1,-1,-1,16,2,476,-1,-1,-1,-1,,,,,
40171,7036334,-1,381,16,-1,-1,-1,-1,-1,-1,55,1,347,-1,-1,-1,-1,,,,,
40172,7036391,-1,70,4,-1,-1,-1,-1,-1,-1,40,2,297,-1,-1,-1,-1,,,,,
40178,7036845,-1,23,1,-1,-1,-1,-1,-1,-1,4,1,4,-1,-1,-1,-1,,,,,
40179,7036846,-1,1181,32,-1,-1,-1,-1,-1,-1,24,1,101,-1,-1,-1,-1,,,,,
40180,7036891,-1,1138,8,-1,-1,-1,-1,-1,-1,24,1,101,-1,-1,-1,-1,,,,,
40182,7037291,-1,45,4,-1,-1,-1,-1,-1,-1,40,2,297,-1,-1,-1,-1,,,,,
40183,7037319,-1,2189,32,-1,-1,-1,-1,-1,-1,7,1,10,-1,-1,-1,-1,,,,,
40184,7037392,-1,2115,4,-1,-1,-1,-1,-1,-1,7,1,18,-1,-1,-1,-1,,,,,
40185,7037537,-1,39,4,-1,-1,-1,-1,-1,-1,40,2,297,-1,-1,-1,-1,,,,,
40186,7037632,-1,46,1,-1,-1,-1,-1,-1,-1,4,1,4,-1,-1,-1,-1,,,,,
40187,7037664,-1,66,32,-1,-1,-1,-1,-1,-1,43,1,221,-1,-1,-1,-1,,,,,
40188,7037748,-1,45,4,-1,-1,-1,-1,-1,-1,40,2,297,-1,-1,-1,-1,,,,,
40195,7038439,-1,3725,32,-1,-1,-1,-1,-1,-1,4,1,-1,-1,-1,-1,-1,,,,,
40196,7038560,-1,57,32,-1,-1,-1,-1,-1,-1,43,1,221,-1,-1,-1,-1,,,,,
40197,7038668,-1,895,4,-1,-1,-1,-1,-1,-1,15,1,19,-1,-1,-1,-1,,,,,
40198,7038690,-1,876,2,-1,-1,-1,-1,-1,-1,15,1,20,-1,-1,-1,-1,,,,,
40200,7039215,-1,64,32,-1,-1,-1,-1,-1,-1,43,1,221,-1,-1,-1,-1,,,,,
40202,7039549,-1,0,32,-1,-1,-1,-1,-1,-1,7,1,10,-1,-1,-1,-1,,,,,
40203,7039629,-1,0,4,-1,-1,-1,-1,-1,-1,7,1,18,-1,-1,-1,-1,,,,,
40204,7039697,-1,55,32,-1,-1,-1,-1,-1,-1,43,1,221,-1,-1,-1,-1,,,,,
40210,7040016,-1,15,1,-1,-1,-1,-1,-1,-1,4,1,4,-1,-1,-1,-1,,,,,
40212,7040768,-1,40,1,-1,-1,-1,-1,-1,-1,15,1,12,-1,-1,-1,-1,,,,,
40213,7040830,-1,22,1,-1,-1,-1,-1,-1,-1,15,1,12,-1,-1,-1,-1,,,,,
40214,7040858,-1,55,4,-1,-1,-1,-1,-1,-1,15,1,19,-1,-1,-1,-1,,,,,
40215,7040880,-1,30,2,-1,-1,-1,-1,-1,-1,15,1,20,-1,-1,-1,-1,,,,,
40216,7040977,-1,17,1,-1,-1,-1,-1,-1,-1,4,1,4,-1,-1,-1,-1,,,,,
40218,7041225,-1,5,1,-1,-1,-1,-1,-1,-1,5,2,9,-1,-1,-1,-1,,,,,
40219,7041307,-1,10,1,-1,-1,-1,-1,-1,-1,5,2,56,-1,-1,-1,-1,,,,,
40220,7041354,-1,9,1,-1,-1,-1,-1,-1,-1,5,2,56,-1,-1,-1,-1,,,,,
40224,7041499,-1,256,4,-1,-1,-1,-1,-1,-1,5,2,241,-1,-1,-1,-1,,,,,
40226,7041594,-1,36,1,-1,-1,-1,-1,-1,-1,5,2,9,-1,-1,-1,-1,,,,,
40228,7041635,-1,27,1,-1,-1,-1,-1,-1,-1,5,2,9,-1,-1,-1,-1,,,,,
40229,7041774,-1,2345,4,-1,-1,-1,-1,-1,-1,15,1,19,-1,-1,-1,-1,,,,,
40230,7041796,-1,2324,2,-1,-1,-1,-1,-1,-1,15,1,20,-1,-1,-1,-1,,,,,
40231,7041815,-1,1,1,-1,-1,-1,-1,-1,-1,5,2,9,-1,-1,-1,-1,,,,,
40232,7042045,-1,28,1,-1,-1,-1,-1,-1,-1,5,2,9,-1,-1,-1,-1,,,,,
40234,7042285,-1,139,1,-1,-1,-1,-1,-1,-1,5,2,9,-1,-1,-1,-1,,,,,
40235,7042336,-1,164,8,-1,-1,-1,-1,-1,-1,32,1,11,-1,-1,-1,-1,,,,,
40236,7042499,-1,1,1,-1,-1,-1,-1,-1,-1,5,2,56,-1,-1,-1,-1,,,,,
40237,7042507,-1,375,1,-1,-1,-1,-1,-1,-1,5,2,56,-1,-1,-1,-1,,,,,
40241,7043025,-1,0,32,-1,-1,-1,-1,-1,-1,4,1,-1,-1,-1,-1,-1,,,,,
40244,7043183,-1,21,1,-1,-1,-1,-1,-1,-1,5,2,9,-1,-1,-1,-1,,,,,
40246,7043552,-1,21,1,-1,-1,-1,-1,-1,-1,5,2,11,-1,-1,-1,-1,,,,,
40247,7043645,-1,47,1,-1,-1,-1,-1,-1,-1,5,2,11,-1,-1,-1,-1,,,,,
40249,7043712,-1,89,1,-1,-1,-1,-1,-1,-1,5,2,71,-1,-1,-1,-1,,,,,
40250,7043984,-1,208,1,-1,-1,-1,-1,-1,-1,5,2,140,-1,-1,-1,-1,,,,,
40251,7044004,-1,45,16,-1,-1,-1,-1,-1,-1,32,1,440,-1,-1,-1,-1,,,,,
40252,7044138,-1,0,4,-1,-1,-1,-1,-1,-1,15,1,19,-1,-1,-1,-1,,,,,
40253,7044160,-1,0,2,-1,-1,-1,-1,-1,-1,15,1,20,-1,-1,-1,-1,,,,,
40259,7046920,-1,1009,4,-1,-1,-1,-1,-1,-1,15,1,19,-1,-1,-1,-1,,,,,
40260,7046938,-1,2379,32,-1,-1,-1,-1,-1,-1,4,1,-1,-1,-1,-1,-1,,,,,
40261,7046943,-1,987,2,-1,-1,-1,-1,-1,-1,15,1,20,-1,-1,-1,-1,,,,,
40262,7046997,-1,1695,32,-1,-1,-1,-1,-1,-1,24,1,101,-1,-1,-1,-1,,,,,
40263,7047066,-1,1627,8,-1,-1,-1,-1,-1,-1,24,1,101,-1,-1,-1,-1,,,,,
40264,7047067,-1,31,32,-1,-1,-1,-1,-1,-1,7,1,10,-1,-1,-1,-1,,,,,
40265,7047087,-1,43,1,-1,-1,-1,-1,-1,-1,32,1,11,-1,-1,-1,-1,,,,,
40266,7047267,-1,10,1,-1,-1,-1,-1,-1,-1,32,1,477,-1,-1,-1,-1,,,,,
40268,7047337,-1,49,1,-1,-1,-1,-1,-1,-1,32,1,478,-1,-1,-1,-1,,,,,
40269,7047385,-1,10175,32,-1,-1,-1,-1,-1,-1,7,1,10,-1,-1,-1,-1,,,,,
40270,7047447,-1,10111,4,-1,-1,-1,-1,-1,-1,7,1,18,-1,-1,-1,-1,,,,,
40271,7047668,-1,36,8,-1,-1,-1,-1,-1,-1,32,1,440,-1,-1,-1,-1,,,,,
40278,7048709,-1,49,32,-1,-1,-1,-1,-1,-1,43,1,221,-1,-1,-1,-1,,,,,
40280,7049222,-1,28,1,-1,-1,-1,-1,-1,-1,4,1,4,-1,-1,-1,-1,,,,,
40282,7049396,-1,37,1,-1,-1,-1,-1,-1,-1,15,1,12,-1,-1,-1,-1,,,,,
40283,7049437,-1,1299,32,-1,-1,-1,-1,-1,-1,4,1,-1,-1,-1,-1,-1,,,,,
40284,7049448,-1,21,1,-1,-1,-1,-1,-1,-1,15,1,12,-1,-1,-1,-1,,,,,
40285,7049473,-1,917,4,-1,-1,-1,-1,-1,-1,15,1,19,-1,-1,-1,-1,,,,,
40286,7049496,-1,895,2,-1,-1,-1,-1,-1,-1,15,1,20,-1,-1,-1,-1,,,,,
40292,7050082,-1,42,4,-1,-1,-1,-1,-1,-1,40,2,297,-1,-1,-1,-1,,,,,
40293,7050313,-1,43,1,-1,-1,-1,-1,-1,-1,15,1,12,-1,-1,-1,-1,,,,,
40294,7050369,-1,20,1,-1,-1,-1,-1,-1,-1,15,1,12,-1,-1,-1,-1,,,,,
40295,7050392,-1,992,4,-1,-1,-1,-1,-1,-1,15,1,19,-1,-1,-1,-1,,,,,
40296,7050414,-1,973,2,-1,-1,-1,-1,-1,-1,15,1,20,-1,-1,-1,-1,,,,,
40298,7050697,-1,18,1,-1,-1,-1,-1,-1,-1,4,1,4,-1,-1,-1,-1,,,,,
40299,7050790,-1,1124,32,-1,-1,-1,-1,-1,-1,4,1,3,-1,-1,-1,-1,,,,,
40301,7051202,-1,459,32,-1,-1,-1,-1,-1,-1,24,1,101,-1,-1,-1,-1,,,,,
40302,7051231,-1,430,8,-1,-1,-1,-1,-1,-1,24,1,101,-1,-1,-1,-1,,,,,
40308,7051917,-1,21,1,-1,-1,-1,-1,-1,-1,4,1,4,-1,-1,-1,-1,,,,,
40309,7051930,-1,38,4,-1,-1,-1,-1,-1,-1,15,1,19,-1,-1,-1,-1,,,,,
40310,7051944,-1,444,32,-1,-1,-1,-1,-1,-1,4,1,-1,-1,-1,-1,-1,,,,,
40311,7051952,-1,4,2,-1,-1,-1,-1,-1,-1,15,1,20,-1,-1,-1,-1,,,,,
40313,7052435,-1,2942,32,-1,-1,-1,-1,-1,-1,4,1,3,-1,-1,-1,-1,,,,,
40314,7052621,-1,1001,4,-1,-1,-1,-1,-1,-1,15,1,19,-1,-1,-1,-1,,,,,
40315,7052645,-1,979,2,-1,-1,-1,-1,-1,-1,15,1,20,-1,-1,-1,-1,,,,,
40316,7052705,-1,238,32,-1,-1,-1,-1,-1,-1,24,1,101,-1,-1,-1,-1,,,,,
40317,7052750,-1,194,8,-1,-1,-1,-1,-1,-1,24,1,101,-1,-1,-1,-1,,,,,
40319,7052965,-1,756,32,-1,-1,-1,-1,-1,-1,24,1,101,-1,-1,-1,-1,,,,,
40320,7052981,-1,117,8,-1,-1,-1,-1,-1,-1,37,1,297,-1,-1,-1,-1,,,,,
40321,7053020,-1,703,8,-1,-1,-1,-1,-1,-1,24,1,101,-1,-1,-1,-1,,,,,
40322,7053066,-1,281,4,-1,-1,-1,-1,-1,-1,35,1,406,-1,-1,-1,-1,,,,,
40325,7053248,-1,19,4,-1,-1,-1,-1,-1,-1,32,1,11,-1,-1,-1,-1,,,,,
40326,7053274,-1,81,4,-1,-1,-1,-1,-1,-1,37,1,297,-1,-1,-1,-1,,,,,
40327,7053368,-1,222,4,-1,-1,-1,-1,-1,-1,37,1,297,-1,-1,-1,-1,,,,,
40330,7053504,-1,18,1,-1,-1,-1,-1,-1,-1,4,1,4,-1,-1,-1,-1,,,,,
40331,7053524,-1,88,4,-1,-1,-1,-1,-1,-1,32,1,440,-1,-1,-1,-1,,,,,
40332,7053627,-1,69,8,-1,-1,-1,-1,-1,-1,37,1,297,-1,-1,-1,-1,,,,,
40333,7053751,-1,945,4,-1,-1,-1,-1,-1,-1,15,1,19,-1,-1,-1,-1,,,,,
40334,7053772,-1,926,2,-1,-1,-1,-1,-1,-1,15,1,20,-1,-1,-1,-1,,,,,
40336,7053973,-1,76,8,-1,-1,-1,-1,-1,-1,37,1,297,-1,-1,-1,-1,,,,,
40337,7054061,-1,68,8,-1,-1,-1,-1,-1,-1,37,1,297,-1,-1,-1,-1,,,,,
40338,7054180,-1,58,8,-1,-1,-1,-1,-1,-1,37,1,297,-1,-1,-1,-1,,,,,
40339,7054245,-1,62,8,-1,-1,-1,-1,-1,-1,37,1,297,-1,-1,-1,-1,,,,,
40340,7054316,-1,62,8,-1,-1,-1,-1,-1,-1,37,1,297,-1,-1,-1,-1,,,,,
40341,7054387,-1,73,8,-1,-1,-1,-1,-1,-1,37,1,297,-1,-1,-1,-1,,,,,
40343,7054505,-1,62,8,-1,-1,-1,-1,-1,-1,37,1,297,-1,-1,-1,-1,,,,,
40344,7054610,-1,15,1,-1,-1,-1,-1,-1,-1,4,1,4,-1,-1,-1,-1,,,,,
40345,7054673,-1,60,8,-1,-1,-1,-1,-1,-1,37,1,297,-1,-1,-1,-1,,,,,
40346,7054739,-1,69,8,-1,-1,-1,-1,-1,-1,37,1,297,-1,-1,-1,-1,,,,,
40347,7054780,-1,644,32,-1,-1,-1,-1,-1,-1,24,1,101,-1,-1,-1,-1,,,,,
40348,7054816,-1,607,8,-1,-1,-1,-1,-1,-1,24,1,101,-1,-1,-1,-1,,,,,
40349,7054840,-1,57,8,-1,-1,-1,-1,-1,-1,37,1,297,-1,-1,-1,-1,,,,,
40351,7054994,-1,88,8,-1,-1,-1,-1,-1,-1,37,1,297,-1,-1,-1,-1,,,,,
40352,7055014,-1,407,8,-1,-1,-1,-1,-1,-1,35,1,406,-1,-1,-1,-1,,,,,
40354,7055109,-1,70,8,-1,-1,-1,-1,-1,-1,37,1,297,-1,-1,-1,-1,,,,,
40358,7055356,-1,128,8,-1,-1,-1,-1,-1,-1,37,1,297,-1,-1,-1,-1,,,,,
40359,7055380,-1,18,1,-1,-1,-1,-1,-1,-1,4,1,4,-1,-1,-1,-1,,,,,
40360,7055414,-1,1252,32,-1,-1,-1,-1,-1,-1,4,1,-1,-1,-1,-1,-1,,,,,
40361,7055553,-1,43,1,-1,-1,-1,-1,-1,-1,15,1,12,-1,-1,-1,-1,,,,,
40362,7055609,-1,39,1,-1,-1,-1,-1,-1,-1,15,1,12,-1,-1,-1,-1,,,,,
40363,7055713,-1,696,32,-1,-1,-1,-1,-1,-1,24,1,101,-1,-1,-1,-1,,,,,
40364,7055744,-1,667,8,-1,-1,-1,-1,-1,-1,24,1,101,-1,-1,-1,-1,,,,,
40366,7055928,-1,28,1,-1,-1,-1,-1,-1,-1,15,1,12,-1,-1,-1,-1,,,,,
40367,7055963,-1,1098,4,-1,-1,-1,-1,-1,-1,15,1,19,-1,-1,-1,-1,,,,,
40368,7055985,-1,1078,2,-1,-1,-1,-1,-1,-1,15,1,20,-1,-1,-1,-1,,,,,
40372,7056685,-1,20,1,-1,-1,-1,-1,-1,-1,4,1,4,-1,-1,-1,-1,,,,,
40374,7056754,-1,2862,32,-1,-1,-1,-1,-1,-1,4,1,3,-1,-1,-1,-1,,,,,
40377,7056935,-1,75,8,-1,-1,-1,-1,-1,-1,34,1,319,-1,-1,-1,-1,,,,,
40378,7057254,-1,66,8,-1,-1,-1,-1,-1,-1,37,1,297,-1,-1,-1,-1,,,,,
40379,7057266,-1,55,8,-1,-1,-1,-1,-1,-1,40,2,297,-1,-1,-1,-1,,,,,
40381,7057355,-1,62,8,-1,-1,-1,-1,-1,-1,37,1,297,-1,-1,-1,-1,,,,,
40382,7057426,-1,173,32,-1,-1,-1,-1,-1,-1,24,1,101,-1,-1,-1,-1,,,,,
40383,7057430,-1,57,8,-1,-1,-1,-1,-1,-1,40,2,297,-1,-1,-1,-1,,,,,
40384,7057461,-1,137,8,-1,-1,-1,-1,-1,-1,24,1,101,-1,-1,-1,-1,,,,,
40385,7057479,-1,60,8,-1,-1,-1,-1,-1,-1,37,1,297,-1,-1,-1,-1,,,,,
40386,7057543,-1,54,8,-1,-1,-1,-1,-1,-1,37,1,297,-1,-1,-1,-1,,,,,
40387,7057550,-1,52,8,-1,-1,-1,-1,-1,-1,40,2,297,-1,-1,-1,-1,,,,,
40388,7057599,-1,94,8,-1,-1,-1,-1,-1,-1,37,1,297,-1,-1,-1,-1,,,,,
40389,7057626,-1,2273,32,-1,-1,-1,-1,-1,-1,7,1,10,-1,-1,-1,-1,,,,,
40390,7057708,-1,2191,4,-1,-1,-1,-1,-1,-1,7,1,18,-1,-1,-1,-1,,,,,
40391,7057718,-1,102,8,-1,-1,-1,-1,-1,-1,37,1,297,-1,-1,-1,-1,,,,,
40392,7057811,-1,71,8,-1,-1,-1,-1,-1,-1,40,2,297,-1,-1,-1,-1,,,,,
40393,7057823,-1,90,8,-1,-1,-1,-1,-1,-1,37,1,297,-1,-1,-1,-1,,,,,
40396,7057893,-1,66,8,-1,-1,-1,-1,-1,-1,40,2,297,-1,-1,-1,-1,,,,,
40397,7057928,-1,80,8,-1,-1,-1,-1,-1,-1,37,1,297,-1,-1,-1,-1,,,,,
40398,7057985,-1,58,8,-1,-1,-1,-1,-1,-1,40,2,297,-1,-1,-1,-1,,,,,
40399,7058024,-1,8,8,-1,-1,-1,-1,-1,-1,40,2,1,-1,-1,-1,-1,,,,,
40400,7058052,-1,6,8,-1,-1,-1,-1,-1,-1,40,2,1,-1,-1,-1,-1,,,,,
40401,7058072,-1,54,8,-1,-1,-1,-1,-1,-1,40,2,297,-1,-1,-1,-1,,,,,
40403,7058329,-1,690,32,-1,-1,-1,-1,-1,-1,24,1,101,-1,-1,-1,-1,,,,,
40404,7058369,-1,653,8,-1,-1,-1,-1,-1,-1,24,1,101,-1,-1,-1,-1,,,,,
40407,7058577,-1,1107,4,-1,-1,-1,-1,-1,-1,15,1,19,-1,-1,-1,-1,,,,,
40408,7058602,-1,1084,2,-1,-1,-1,-1,-1,-1,15,1,20,-1,-1,-1,-1,,,,,
40409,7058810,-1,63,8,-1,-1,-1,-1,-1,-1,37,1,80,-1,-1,-1,-1,,,,,
40411,7058891,-1,106,8,-1,-1,-1,-1,-1,-1,37,1,80,-1,-1,-1,-1,,,,,
40415,7059106,-1,306,8,-1,-1,-1,-1,-1,-1,40,2,297,-1,-1,-1,-1,,,,,
40417,7059591,-1,54,4,-1,-1,-1,-1,-1,-1,40,2,297,-1,-1,-1,-1,,,,,
40419,7059621,-1,20,1,-1,-1,-1,-1,-1,-1,4,1,4,-1,-1,-1,-1,,,,,
40420,7059752,-1,62,8,-1,-1,-1,-1,-1,-1,40,2,297,-1,-1,-1,-1,,,,,
40422,7059928,-1,116,8,-1,-1,-1,-1,-1,-1,40,2,297,-1,-1,-1,-1,,,,,
40423,7059929,-1,11576,32,-1,-1,-1,-1,-1,-1,7,1,10,-1,-1,-1,-1,,,,,
40424,7060006,-1,11499,4,-1,-1,-1,-1,-1,-1,7,1,18,-1,-1,-1,-1,,,,,
40426,7060114,-1,2811,32,-1,-1,-1,-1,-1,-1,4,1,3,-1,-1,-1,-1,,,,,
40427,7060256,-1,355,4,-1,-1,-1,-1,-1,-1,40,2,297,-1,-1,-1,-1,,,,,
40433,7060855,-1,190,4,-1,-1,-1,-1,-1,-1,40,2,297,-1,-1,-1,-1,,,,,
40435,7061208,-1,21,1,-1,-1,-1,-1,-1,-1,4,1,4,-1,-1,-1,-1,,,,,
40439,7062475,-1,547,32,-1,-1,-1,-1,-1,-1,24,1,101,-1,-1,-1,-1,,,,,
40440,7062506,-1,516,8,-1,-1,-1,-1,-1,-1,24,1,101,-1,-1,-1,-1,,,,,
40441,7062610,-1,20,1,-1,-1,-1,-1,-1,-1,4,1,4,-1,-1,-1,-1,,,,,
40443,7062927,-1,17,1,-1,-1,-1,-1,-1,-1,4,1,4,-1,-1,-1,-1,,,,,
40444,7062964,-1,40,4,-1,-1,-1,-1,-1,-1,40,2,297,-1,-1,-1,-1,,,,,
40445,7063118,-1,7,1,-1,-1,-1,-1,-1,-1,4,1,2,-1,-1,-1,-1,,,,,
40446,7063192,-1,2881,32,-1,-1,-1,-1,-1,-1,4,1,3,-1,-1,-1,-1,,,,,
40450,7063387,-1,1060,4,-1,-1,-1,-1,-1,-1,15,1,19,-1,-1,-1,-1,,,,,
40451,7063409,-1,1041,2,-1,-1,-1,-1,-1,-1,15,1,20,-1,-1,-1,-1,,,,,
40454,7063808,-1,518,32,-1,-1,-1,-1,-1,-1,24,1,101,-1,-1,-1,-1,,,,,
40455,7063840,-1,487,8,-1,-1,-1,-1,-1,-1,24,1,101,-1,-1,-1,-1,,,,,
40457,7064337,-1,6,32,-1,-1,-1,-1,-1,-1,24,1,101,-1,-1,-1,-1,,,,,
40458,7064349,-1,280,32,-1,-1,-1,-1,-1,-1,24,1,101,-1,-1,-1,-1,,,,,
40459,7064384,-1,246,8,-1,-1,-1,-1,-1,-1,24,1,101,-1,-1,-1,-1,,,,,
40466,7065035,-1,226,32,-1,-1,-1,-1,-1,-1,12,2,14,-1,-1,-1,-1,,,,,
40467,7065304,-1,179,16,-1,-1,-1,-1,-1,-1,12,2,14,-1,-1,-1,-1,,,,,
40468,7065347,-1,17,1,-1,-1,-1,-1,-1,-1,4,1,4,-1,-1,-1,-1,,,,,
40470,7065740,-1,297,32,-1,-1,-1,-1,-1,-1,24,1,101,-1,-1,-1,-1,,,,,
40471,7065764,-1,274,8,-1,-1,-1,-1,-1,-1,24,1,101,-1,-1,-1,-1,,,,,
40472,7066076,-1,23,1,-1,-1,-1,-1,-1,-1,4,1,4,-1,-1,-1,-1,,,,,
40474,7066151,-1,0,1,-1,-1,-1,-1,-1,-1,4,1,2,-1,-1,-1,-1,,,,,
40475,7066153,-1,169,32,-1,-1,-1,-1,-1,-1,24,1,101,-1,-1,-1,-1,,,,,
40476,7066195,-1,125,8,-1,-1,-1,-1,-1,-1,24,1,101,-1,-1,-1,-1,,,,,
40477,7066230,-1,2896,32,-1,-1,-1,-1,-1,-1,4,1,3,-1,-1,-1,-1,,,,,
40478,7066240,-1,21,1,-1,-1,-1,-1,-1,-1,4,1,2,-1,-1,-1,-1,,,,,
40484,7067009,-1,642,32,-1,-1,-1,-1,-1,-1,24,1,101,-1,-1,-1,-1,,,,,
40485,7067056,-1,597,8,-1,-1,-1,-1,-1,-1,24,1,101,-1,-1,-1,-1,,,,,
40486,7067101,-1,19,1,-1,-1,-1,-1,-1,-1,69,1,9,-1,-1,-1,-1,,,,,
40487,7067104,-1,30,1,-1,-1,-1,-1,-1,-1,9,2,9,-1,-1,-1,-1,,,,,
40488,7067330,-1,23,1,-1,-1,-1,-1,-1,-1,4,1,4,-1,-1,-1,-1,,,,,
40489,7067512,-1,1059,4,-1,-1,-1,-1,-1,-1,15,1,19,-1,-1,-1,-1,,,,,
40490,7067533,-1,1040,2,-1,-1,-1,-1,-1,-1,15,1,20,-1,-1,-1,-1,,,,,
40491,7068019,-1,20,1,-1,-1,-1,-1,-1,-1,4,1,4,-1,-1,-1,-1,,,,,
40492,7068318,-1,5699,32,-1,-1,-1,-1,-1,-1,24,1,101,-1,-1,-1,-1,,,,,
40493,7068344,-1,5673,8,-1,-1,-1,-1,-1,-1,24,1,101,-1,-1,-1,-1,,,,,
40494,7068486,-1,18,1,-1,-1,-1,-1,-1,-1,4,1,4,-1,-1,-1,-1,,,,,
40495,7069129,-1,17,1,-1,-1,-1,-1,-1,-1,4,1,4,-1,-1,-1,-1,,,,,
40497,7071378,-1,14,1,-1,-1,-1,-1,-1,-1,7,1,12,-1,-1,-1,-1,,,,,
40499,7071599,-1,238,32,-1,-1,-1,-1,-1,-1,7,1,10,-1,-1,-1,-1,,,,,
40500,7071663,-1,176,4,-1,-1,-1,-1,-1,-1,7,1,18,-1,-1,-1,-1,,,,,
40501,7071680,-1,43,1,-1,-1,-1,-1,-1,-1,15,1,12,-1,-1,-1,-1,,,,,
40502,7071735,-1,19,1,-1,-1,-1,-1,-1,-1,15,1,12,-1,-1,-1,-1,,,,,
40503,7071759,-1,2097,4,-1,-1,-1,-1,-1,-1,15,1,19,-1,-1,-1,-1,,,,,
40504,7071781,-1,2077,2,-1,-1,-1,-1,-1,-1,15,1,20,-1,-1,-1,-1,,,,,
40505,7071866,-1,595,32,-1,-1,-1,-1,-1,-1,7,1,10,-1,-1,-1,-1,,,,,
40506,7071942,-1,520,4,-1,-1,-1,-1,-1,-1,7,1,18,-1,-1,-1,-1,,,,,
40510,7072489,-1,1561,32,-1,-1,-1,-1,-1,-1,7,1,10,-1,-1,-1,-1,,,,,
40512,7072554,-1,1485,4,-1,-1,-1,-1,-1,-1,7,1,18,-1,-1,-1,-1,,,,,
40518,7073948,-1,80,4,-1,-1,-1,-1,-1,-1,15,1,19,-1,-1,-1,-1,,,,,
40519,7073970,-1,52,2,-1,-1,-1,-1,-1,-1,15,1,20,-1,-1,-1,-1,,,,,
40521,7074026,-1,9899,64,-1,-1,-1,-1,-1,-1,4,1,-1,-1,-1,-1,-1,,,,,
40522,7074073,-1,5733,64,-1,-1,-1,-1,-1,-1,18,1,-1,-1,-1,-1,-1,,,,,
40523,7079819,-1,1999,4,-1,-1,-1,-1,-1,-1,15,1,19,-1,-1,-1,-1,,,,,
40524,7079843,-1,1978,2,-1,-1,-1,-1,-1,-1,15,1,20,-1,-1,-1,-1,,,,,
40526,7080081,-1,3849,32,-1,-1,-1,-1,-1,-1,7,1,10,-1,-1,-1,-1,,,,,
40527,7080135,-1,3798,4,-1,-1,-1,-1,-1,-1,7,1,18,-1,-1,-1,-1,,,,,
40537,7082544,-1,9,1,-1,-1,-1,-1,-1,-1,4,1,2,-1,-1,-1,-1,,,,,
40545,7083937,-1,106,128,-1,-1,-1,-1,-1,-1,12,2,-1,-1,-1,-1,-1,,,,,
40546,7084049,-1,9835,64,-1,-1,-1,-1,-1,-1,4,1,-1,-1,-1,-1,-1,,,,,
40550,7084232,-1,9653,32,-1,-1,-1,-1,-1,-1,7,1,10,-1,-1,-1,-1,,,,,
40552,7084295,-1,9595,4,-1,-1,-1,-1,-1,-1,7,1,18,-1,-1,-1,-1,,,,,
40624,7093901,-1,9827,64,-1,-1,-1,-1,-1,-1,4,1,-1,-1,-1,-1,-1,,,,,
40626,7094187,-1,29104,32,-1,-1,-1,-1,-1,-1,7,1,10,-1,-1,-1,-1,,,,,
40627,7094252,-1,29040,4,-1,-1,-1,-1,-1,-1,7,1,18,-1,-1,-1,-1,,,,,
40630,7106362,-1,30,32,-1,-1,-1,-1,-1,-1,24,1,101,-1,-1,-1,-1,,,,,
40638,7107948,-1,870,1,-1,-1,-1,-1,-1,-1,58,1,379,-1,-1,-1,-1,,,,,
40648,7108844,-1,30,1,-1,-1,-1,-1,-1,-1,58,1,379,-1,-1,-1,-1,,,,,
40652,7111339,-1,17972,32,-1,-1,-1,-1,-1,-1,24,1,101,-1,-1,-1,-1,,,,,
40653,7111363,-1,17952,8,-1,-1,-1,-1,-1,-1,24,1,101,-1,-1,-1,-1,,,,,
40665,7114840,-1,57,16,-1,-1,-1,-1,-1,-1,25,1,146,-1,-1,-1,-1,,,,,
40666,7115106,-1,74,16,-1,-1,-1,-1,-1,-1,25,1,146,-1,-1,-1,-1,,,,,
40667,7115198,-1,83,32,-1,-1,-1,-1,-1,-1,25,1,146,-1,-1,-1,-1,,,,,
40668,7116736,-1,191,16,-1,-1,-1,-1,-1,-1,12,2,-1,-1,-1,-1,-1,,,,,
40669,7116754,-1,16,1,-1,-1,-1,-1,-1,-1,12,2,1,-1,-1,-1,-1,,,,,
40670,7116920,-1,62,4,-1,-1,-1,-1,-1,-1,5,2,11,-1,-1,-1,-1,,,,,
40671,7117020,-1,72,32,-1,-1,-1,-1,-1,-1,5,2,11,-1,-1,-1,-1,,,,,
40672,7117217,-1,29,32,-1,-1,-1,-1,-1,-1,5,2,11,-1,-1,-1,-1,,,,,
40674,7117678,-1,19,1,-1,-1,-1,-1,-1,-1,4,1,2,-1,-1,-1,-1,,,,,
40676,7117904,-1,9238,32,-1,-1,-1,-1,-1,-1,4,1,3,-1,-1,-1,-1,,,,,
40689,7119428,-1,52,8,-1,-1,-1,-1,-1,-1,40,2,297,-1,-1,-1,-1,,,,,
40692,7119547,-1,42,4,-1,-1,-1,-1,-1,-1,40,2,297,-1,-1,-1,-1,,,,,
40694,7120245,-1,54,4,-1,-1,-1,-1,-1,-1,40,2,297,-1,-1,-1,-1,,,,,
40699,7120866,-1,24,1,-1,-1,-1,-1,-1,-1,40,2,1,-1,-1,-1,-1,,,,,
40702,7121015,-1,21,1,-1,-1,-1,-1,-1,-1,40,2,1,-1,-1,-1,-1,,,,,
40703,7121080,-1,26,1,-1,-1,-1,-1,-1,-1,40,2,1,-1,-1,-1,-1,,,,,
40704,7121100,-1,21,1,-1,-1,-1,-1,-1,-1,9,2,9,-1,-1,-1,-1,,,,,
40706,7121546,-1,21,1,-1,-1,-1,-1,-1,-1,40,2,1,-1,-1,-1,-1,,,,,
40707,7121613,-1,4,1,-1,-1,-1,-1,-1,-1,5,2,9,-1,-1,-1,-1,,,,,
40708,7121845,-1,5,1,-1,-1,-1,-1,-1,-1,40,2,1,-1,-1,-1,-1,,,,,
40710,7121886,-1,16,1,-1,-1,-1,-1,-1,-1,40,2,1,-1,-1,-1,-1,,,,,
40711,7121889,-1,21,1,-1,-1,-1,-1,-1,-1,40,2,1,-1,-1,-1,-1,,,,,
40712,7121919,-1,22,1,-1,-1,-1,-1,-1,-1,40,2,1,-1,-1,-1,-1,,,,,
40714,7122083,-1,675,8,-1,-1,-1,-1,-1,-1,68,2,461,-1,-1,-1,-1,,,,,
40716,7122318,-1,9,1,-1,-1,-1,-1,-1,-1,5,2,9,-1,-1,-1,-1,,,,,
40720,7122523,-1,44,4,-1,-1,-1,-1,-1,-1,5,2,11,-1,-1,-1,-1,,,,,
40722,7122674,-1,26,4,-1,-1,-1,-1,-1,-1,37,1,297,-1,-1,-1,-1,,,,,
40723,7122797,-1,47,4,-1,-1,-1,-1,-1,-1,37,1,297,-1,-1,-1,-1,,,,,
40724,7122808,-1,636,8,-1,-1,-1,-1,-1,-1,68,2,461,-1,-1,-1,-1,,,,,
40726,7122973,-1,29,4,-1,-1,-1,-1,-1,-1,37,1,297,-1,-1,-1,-1,,,,,
40731,7123404,-1,16,1,-1,-1,-1,-1,-1,-1,40,2,1,-1,-1,-1,-1,,,,,
40732,7123441,-1,19,1,-1,-1,-1,-1,-1,-1,40,2,1,-1,-1,-1,-1,,,,,
40733,7123502,-1,653,8,-1,-1,-1,-1,-1,-1,68,2,461,-1,-1,-1,-1,,,,,
40734,7123633,-1,36,4,-1,-1,-1,-1,-1,-1,40,2,297,-1,-1,-1,-1,,,,,
40736,7123745,-1,26,4,-1,-1,-1,-1,-1,-1,40,2,297,-1,-1,-1,-1,,,,,
40737,7123779,-1,26,4,-1,-1,-1,-1,-1,-1,40,2,297,-1,-1,-1,-1,,,,,
40738,7123850,-1,38,4,-1,-1,-1,-1,-1,-1,40,2,297,-1,-1,-1,-1,,,,,
40739,7123904,-1,38,4,-1,-1,-1,-1,-1,-1,40,2,297,-1,-1,-1,-1,,,,,
40744,7124377,-1,637,8,-1,-1,-1,-1,-1,-1,68,2,461,-1,-1,-1,-1,,,,,
40746,7124539,-1,88,8,-1,-1,-1,-1,-1,-1,37,1,80,-1,-1,-1,-1,,,,,
40747,7124574,-1,17,1,-1,-1,-1,-1,-1,-1,5,2,9,-1,-1,-1,-1,,,,,
40748,7124624,-1,41,4,-1,-1,-1,-1,-1,-1,40,2,297,-1,-1,-1,-1,,,,,
40750,7124969,-1,6,1,-1,-1,-1,-1,-1,-1,5,2,9,-1,-1,-1,-1,,,,,
40751,7125453,-1,19,4,-1,-1,-1,-1,-1,-1,40,2,297,-1,-1,-1,-1,,,,,
40752,7125458,-1,346,4,-1,-1,-1,-1,-1,-1,68,2,462,-1,-1,-1,-1,,,,,
40754,7125602,-1,43,4,-1,-1,-1,-1,-1,-1,40,2,297,-1,-1,-1,-1,,,,,
40755,7125705,-1,51,4,-1,-1,-1,-1,-1,-1,40,2,297,-1,-1,-1,-1,,,,,
40756,7125855,-1,362,4,-1,-1,-1,-1,-1,-1,68,2,462,-1,-1,-1,-1,,,,,
40757,7126029,-1,53,4,-1,-1,-1,-1,-1,-1,40,2,297,-1,-1,-1,-1,,,,,
40759,7126091,-1,52,4,-1,-1,-1,-1,-1,-1,40,2,297,-1,-1,-1,-1,,,,,
40760,7126095,-1,27,1,-1,-1,-1,-1,-1,-1,4,1,4,-1,-1,-1,-1,,,,,
40764,7126271,-1,1764,32,-1,-1,-1,-1,-1,-1,7,1,10,-1,-1,-1,-1,,,,,
40766,7126357,-1,1673,4,-1,-1,-1,-1,-1,-1,7,1,18,-1,-1,-1,-1,,,,,
40767,7126363,-1,20,4,-1,-1,-1,-1,-1,-1,68,2,462,-1,-1,-1,-1,,,,,
40768,7126454,-1,21,1,-1,-1,-1,-1,-1,-1,12,2,1,-1,-1,-1,-1,,,,,
40769,7126464,-1,4,4,-1,-1,-1,-1,-1,-1,68,2,462,-1,-1,-1,-1,,,,,
40770,7126496,-1,312,4,-1,-1,-1,-1,-1,-1,68,2,462,-1,-1,-1,-1,,,,,
40771,7126686,-1,7,1,-1,-1,-1,-1,-1,-1,5,2,9,-1,-1,-1,-1,,,,,
40772,7126844,-1,3,4,-1,-1,-1,-1,-1,-1,68,2,462,-1,-1,-1,-1,,,,,
40774,7127022,-1,343,4,-1,-1,-1,-1,-1,-1,68,2,462,-1,-1,-1,-1,,,,,
40775,7127145,-1,25,1,-1,-1,-1,-1,-1,-1,4,1,4,-1,-1,-1,-1,,,,,
40776,7127154,-1,18,1,-1,-1,-1,-1,-1,-1,5,2,9,-1,-1,-1,-1,,,,,
40777,7127386,-1,1567,32,-1,-1,-1,-1,-1,-1,4,1,3,-1,-1,-1,-1,,,,,
40780,7127740,-1,9,1,-1,-1,-1,-1,-1,-1,5,2,9,-1,-1,-1,-1,,,,,
40784,7127996,-1,148,4,-1,-1,-1,-1,-1,-1,22,1,479,-1,-1,-1,-1,,,,,
40785,7128056,-1,2425,32,-1,-1,-1,-1,-1,-1,7,1,10,-1,-1,-1,-1,,,,,
40787,7128150,-1,2632,4,-1,-1,-1,-1,-1,-1,7,1,18,-1,-1,-1,-1,,,,,
40788,7128189,-1,41,4,-1,-1,-1,-1,-1,-1,40,2,297,-1,-1,-1,-1,,,,,
40789,7128268,-1,45,4,-1,-1,-1,-1,-1,-1,22,1,479,-1,-1,-1,-1,,,,,
40790,7128386,-1,62,4,-1,-1,-1,-1,-1,-1,40,2,297,-1,-1,-1,-1,,,,,
40791,7128397,-1,87,4,-1,-1,-1,-1,-1,-1,22,1,479,-1,-1,-1,-1,,,,,
40793,7128612,-1,68,8,-1,-1,-1,-1,-1,-1,22,1,479,-1,-1,-1,-1,,,,,
40794,7128732,-1,72,16,-1,-1,-1,-1,-1,-1,22,1,479,-1,-1,-1,-1,,,,,
40795,7128806,-1,16,1,-1,-1,-1,-1,-1,-1,12,2,1,-1,-1,-1,-1,,,,,
40796,7128884,-1,152,16,-1,-1,-1,-1,-1,-1,68,2,158,-1,-1,-1,-1,,,,,
40797,7128957,-1,41,1,-1,-1,-1,-1,-1,-1,4,1,4,-1,-1,-1,-1,,,,,
40798,7128979,-1,6,1,-1,-1,-1,-1,-1,-1,5,2,9,-1,-1,-1,-1,,,,,
40799,7129040,-1,2192,32,-1,-1,-1,-1,-1,-1,4,1,3,-1,-1,-1,-1,,,,,
40801,7129120,-1,45,4,-1,-1,-1,-1,-1,-1,40,2,297,-1,-1,-1,-1,,,,,
40802,7129159,-1,59,8,-1,-1,-1,-1,-1,-1,68,2,158,-1,-1,-1,-1,,,,,
40803,7129269,-1,66,8,-1,-1,-1,-1,-1,-1,68,2,158,-1,-1,-1,-1,,,,,
40804,7129290,-1,59,4,-1,-1,-1,-1,-1,-1,40,2,297,-1,-1,-1,-1,,,,,
40805,7129388,-1,55,8,-1,-1,-1,-1,-1,-1,68,2,158,-1,-1,-1,-1,,,,,
40808,7129530,-1,72,8,-1,-1,-1,-1,-1,-1,68,2,158,-1,-1,-1,-1,,,,,
40810,7129593,-1,72,8,-1,-1,-1,-1,-1,-1,37,1,297,-1,-1,-1,-1,,,,,
40811,7129596,-1,62,4,-1,-1,-1,-1,-1,-1,40,2,297,-1,-1,-1,-1,,,,,
40814,7129844,-1,6,1,-1,-1,-1,-1,-1,-1,5,2,9,-1,-1,-1,-1,,,,,
40815,7129885,-1,142,2,-1,-1,-1,-1,-1,-1,22,1,479,-1,-1,-1,-1,,,,,
40816,7130076,-1,119,32,-1,-1,-1,-1,-1,-1,22,1,479,-1,-1,-1,-1,,,,,
40818,7130221,-1,6477,32,-1,-1,-1,-1,-1,-1,24,1,101,-1,-1,-1,-1,,,,,
40819,7130229,-1,17,1,-1,-1,-1,-1,-1,-1,5,2,9,-1,-1,-1,-1,,,,,
40820,7130269,-1,6431,8,-1,-1,-1,-1,-1,-1,24,1,101,-1,-1,-1,-1,,,,,
40821,7130413,-1,22,1,-1,-1,-1,-1,-1,-1,4,1,4,-1,-1,-1,-1,,,,,
40822,7130461,-1,72,8,-1,-1,-1,-1,-1,-1,37,1,297,-1,-1,-1,-1,,,,,
40823,7130576,-1,193,2,-1,-1,-1,-1,-1,-1,22,1,480,-1,-1,-1,-1,,,,,
40825,7130787,-1,120,32,-1,-1,-1,-1,-1,-1,7,1,10,-1,-1,-1,-1,,,,,
40826,7130905,-1,30,4,-1,-1,-1,-1,-1,-1,7,1,18,-1,-1,-1,-1,,,,,
40827,7130916,-1,23,4,-1,-1,-1,-1,-1,-1,40,2,297,-1,-1,-1,-1,,,,,
40828,7130924,-1,218,4,-1,-1,-1,-1,-1,-1,22,1,480,-1,-1,-1,-1,,,,,
40830,7131104,-1,906,8,-1,-1,-1,-1,-1,-1,37,1,297,-1,-1,-1,-1,,,,,
40832,7131162,-1,214,8,-1,-1,-1,-1,-1,-1,22,1,480,-1,-1,-1,-1,,,,,
40833,7131207,-1,125,32,-1,-1,-1,-1,-1,-1,7,1,10,-1,-1,-1,-1,,,,,
40835,7131248,-1,1968,32,-1,-1,-1,-1,-1,-1,4,1,3,-1,-1,-1,-1,,,,,
40836,7131303,-1,39,4,-1,-1,-1,-1,-1,-1,7,1,18,-1,-1,-1,-1,,,,,
40839,7131449,-1,43,4,-1,-1,-1,-1,-1,-1,40,2,297,-1,-1,-1,-1,,,,,
40840,7131629,-1,380,32,-1,-1,-1,-1,-1,-1,7,1,10,-1,-1,-1,-1,,,,,
40842,7131729,-1,27,4,-1,-1,-1,-1,-1,-1,5,2,5,-1,-1,-1,-1,,,,,
40843,7131881,-1,48,4,-1,-1,-1,-1,-1,-1,40,2,297,-1,-1,-1,-1,,,,,
40846,7132273,-1,205,8,-1,-1,-1,-1,-1,-1,37,1,297,-1,-1,-1,-1,,,,,
40847,7132276,-1,2204,4,-1,-1,-1,-1,-1,-1,15,1,19,-1,-1,-1,-1,,,,,
40848,7132305,-1,2180,2,-1,-1,-1,-1,-1,-1,15,1,20,-1,-1,-1,-1,,,,,
40849,7132494,-1,45,1,-1,-1,-1,-1,-1,-1,5,2,9,-1,-1,-1,-1,,,,,
40850,7132513,-1,37,8,-1,-1,-1,-1,-1,-1,37,1,297,-1,-1,-1,-1,,,,,
40852,7132591,-1,130,8,-1,-1,-1,-1,-1,-1,37,1,297,-1,-1,-1,-1,,,,,
40853,7132878,-1,48,8,-1,-1,-1,-1,-1,-1,37,1,297,-1,-1,-1,-1,,,,,
40855,7132939,-1,126,8,-1,-1,-1,-1,-1,-1,37,1,297,-1,-1,-1,-1,,,,,
40858,7133120,-1,216,8,-1,-1,-1,-1,-1,-1,22,1,480,-1,-1,-1,-1,,,,,
40860,7133221,-1,26,1,-1,-1,-1,-1,-1,-1,4,1,4,-1,-1,-1,-1,,,,,
40861,7133253,-1,2024,32,-1,-1,-1,-1,-1,-1,4,1,3,-1,-1,-1,-1,,,,,
40865,7134389,-1,914,8,-1,-1,-1,-1,-1,-1,22,1,480,-1,-1,-1,-1,,,,,
40870,7134811,-1,7,1,-1,-1,-1,-1,-1,-1,5,2,9,-1,-1,-1,-1,,,,,
40872,7134891,-1,58,4,-1,-1,-1,-1,-1,-1,40,2,297,-1,-1,-1,-1,,,,,
40873,7134896,-1,42,1,-1,-1,-1,-1,-1,-1,4,1,4,-1,-1,-1,-1,,,,,
40874,7134927,-1,76,1,-1,-1,-1,-1,-1,-1,58,1,379,-1,-1,-1,-1,,,,,
40875,7134971,-1,45,4,-1,-1,-1,-1,-1,-1,40,2,297,-1,-1,-1,-1,,,,,
40876,7135032,-1,4642,32,-1,-1,-1,-1,-1,-1,7,1,10,-1,-1,-1,-1,,,,,
40877,7135098,-1,4577,4,-1,-1,-1,-1,-1,-1,7,1,18,-1,-1,-1,-1,,,,,
40878,7135108,-1,147,1,-1,-1,-1,-1,-1,-1,58,1,379,-1,-1,-1,-1,,,,,
40879,7135229,-1,84,4,-1,-1,-1,-1,-1,-1,40,2,297,-1,-1,-1,-1,,,,,
40880,7135275,-1,2374,4,-1,-1,-1,-1,-1,-1,15,1,19,-1,-1,-1,-1,,,,,
40881,7135282,-1,74,1,-1,-1,-1,-1,-1,-1,58,1,379,-1,-1,-1,-1,,,,,
40882,7135307,-1,2345,2,-1,-1,-1,-1,-1,-1,15,1,20,-1,-1,-1,-1,,,,,
40883,7135315,-1,1475,32,-1,-1,-1,-1,-1,-1,4,1,3,-1,-1,-1,-1,,,,,
40884,7135405,-1,31,1,-1,-1,-1,-1,-1,-1,58,1,379,-1,-1,-1,-1,,,,,
40885,7135480,-1,111,1,-1,-1,-1,-1,-1,-1,58,1,379,-1,-1,-1,-1,,,,,
40886,7135596,-1,68,8,-1,-1,-1,-1,-1,-1,22,1,480,-1,-1,-1,-1,,,,,
40887,7135811,-1,50,4,-1,-1,-1,-1,-1,-1,40,2,297,-1,-1,-1,-1,,,,,
40888,7135883,-1,60,4,-1,-1,-1,-1,-1,-1,40,2,297,-1,-1,-1,-1,,,,,
40889,7135953,-1,78,8,-1,-1,-1,-1,-1,-1,37,1,80,-1,-1,-1,-1,,,,,
40890,7136035,-1,188,4,-1,-1,-1,-1,-1,-1,40,2,297,-1,-1,-1,-1,,,,,
40891,7136344,-1,9,1,-1,-1,-1,-1,-1,-1,5,2,9,-1,-1,-1,-1,,,,,
40893,7136374,-1,62,4,-1,-1,-1,-1,-1,-1,40,2,297,-1,-1,-1,-1,,,,,
40894,7136475,-1,85,4,-1,-1,-1,-1,-1,-1,22,1,480,-1,-1,-1,-1,,,,,
40895,7136566,-1,63,4,-1,-1,-1,-1,-1,-1,40,2,297,-1,-1,-1,-1,,,,,
40898,7136727,-1,494,1,-1,-1,-1,-1,-1,-1,58,1,379,-1,-1,-1,-1,,,,,
40899,7136748,-1,142,2,-1,-1,-1,-1,-1,-1,22,1,480,-1,-1,-1,-1,,,,,
40900,7136799,-1,26,1,-1,-1,-1,-1,-1,-1,4,1,4,-1,-1,-1,-1,,,,,
40902,7136945,-1,7,1,-1,-1,-1,-1,-1,-1,5,2,9,-1,-1,-1,-1,,,,,
40903,7136984,-1,94,16,-1,-1,-1,-1,-1,-1,22,1,480,-1,-1,-1,-1,,,,,
40904,7137141,-1,143,32,-1,-1,-1,-1,-1,-1,22,1,480,-1,-1,-1,-1,,,,,
40905,7137173,-1,35,1,-1,-1,-1,-1,-1,-1,5,2,9,-1,-1,-1,-1,,,,,
40906,7137241,-1,3032,32,-1,-1,-1,-1,-1,-1,24,1,101,-1,-1,-1,-1,,,,,
40907,7137257,-1,8,1,-1,-1,-1,-1,-1,-1,58,1,379,-1,-1,-1,-1,,,,,
40908,7137291,-1,2983,8,-1,-1,-1,-1,-1,-1,24,1,101,-1,-1,-1,-1,,,,,
40909,7137300,-1,74,1,-1,-1,-1,-1,-1,-1,58,1,379,-1,-1,-1,-1,,,,,
40911,7137528,-1,38,8,-1,-1,-1,-1,-1,-1,68,2,461,-1,-1,-1,-1,,,,,
40912,7137586,-1,41,32,-1,-1,-1,-1,-1,-1,41,1,28,-1,-1,-1,-1,,,,,
40913,7137621,-1,354,8,-1,-1,-1,-1,-1,-1,68,2,461,-1,-1,-1,-1,,,,,
40914,7137646,-1,32,32,-1,-1,-1,-1,-1,-1,41,1,28,-1,-1,-1,-1,,,,,
40915,7137722,-1,49,32,-1,-1,-1,-1,-1,-1,41,1,28,-1,-1,-1,-1,,,,,
40916,7137775,-1,1938,32,-1,-1,-1,-1,-1,-1,4,1,3,-1,-1,-1,-1,,,,,
40917,7137826,-1,99,1,-1,-1,-1,-1,-1,-1,58,1,379,-1,-1,-1,-1,,,,,
40918,7137929,-1,299,2,-1,-1,-1,-1,-1,-1,22,1,481,-1,-1,-1,-1,,,,,
40920,7138016,-1,4,1,-1,-1,-1,-1,-1,-1,68,2,461,-1,-1,-1,-1,,,,,
40921,7138054,-1,166,1,-1,-1,-1,-1,-1,-1,68,2,461,-1,-1,-1,-1,,,,,
40922,7138113,-1,72,8,-1,-1,-1,-1,-1,-1,37,1,297,-1,-1,-1,-1,,,,,
40924,7138369,-1,2250,8,-1,-1,-1,-1,-1,-1,68,2,461,-1,-1,-1,-1,,,,,
40926,7138373,-1,120,8,-1,-1,-1,-1,-1,-1,37,1,80,-1,-1,-1,-1,,,,,
40927,7138424,-1,71,1,-1,-1,-1,-1,-1,-1,58,1,379,-1,-1,-1,-1,,,,,
40929,7138547,-1,28,1,-1,-1,-1,-1,-1,-1,58,1,379,-1,-1,-1,-1,,,,,
40931,7138629,-1,51,1,-1,-1,-1,-1,-1,-1,58,1,379,-1,-1,-1,-1,,,,,
40932,7138631,-1,12,4,-1,-1,-1,-1,-1,-1,15,1,19,-1,-1,-1,-1,,,,,
40933,7138835,-1,8,1,-1,-1,-1,-1,-1,-1,5,2,9,-1,-1,-1,-1,,,,,
40934,7138847,-1,109,4,-1,-1,-1,-1,-1,-1,15,1,19,-1,-1,-1,-1,,,,,
40935,7138870,-1,88,2,-1,-1,-1,-1,-1,-1,15,1,20,-1,-1,-1,-1,,,,,
40937,7139173,-1,52,1,-1,-1,-1,-1,-1,-1,58,1,379,-1,-1,-1,-1,,,,,
40938,7139294,-1,93,8,-1,-1,-1,-1,-1,-1,37,1,80,-1,-1,-1,-1,,,,,
40939,7139305,-1,65,1,-1,-1,-1,-1,-1,-1,58,1,379,-1,-1,-1,-1,,,,,
40940,7139406,-1,2149,4,-1,-1,-1,-1,-1,-1,15,1,19,-1,-1,-1,-1,,,,,
40941,7139427,-1,2131,2,-1,-1,-1,-1,-1,-1,15,1,20,-1,-1,-1,-1,,,,,
40942,7139715,-1,33,1,-1,-1,-1,-1,-1,-1,4,1,4,-1,-1,-1,-1,,,,,
40943,7139744,-1,78,8,-1,-1,-1,-1,-1,-1,37,1,80,-1,-1,-1,-1,,,,,
40944,7139911,-1,44,32,-1,-1,-1,-1,-1,-1,41,1,28,-1,-1,-1,-1,,,,,
40946,7139933,-1,2478,32,-1,-1,-1,-1,-1,-1,4,1,3,-1,-1,-1,-1,,,,,
40947,7139977,-1,4,32,-1,-1,-1,-1,-1,-1,7,1,10,-1,-1,-1,-1,,,,,
40950,7140078,-1,72,32,-1,-1,-1,-1,-1,-1,7,1,10,-1,-1,-1,-1,,,,,
40952,7140191,-1,3714,32,-1,-1,-1,-1,-1,-1,7,1,10,-1,-1,-1,-1,,,,,
40954,7140263,-1,3642,4,-1,-1,-1,-1,-1,-1,7,1,18,-1,-1,-1,-1,,,,,
40955,7140424,-1,37,32,-1,-1,-1,-1,-1,-1,41,1,28,-1,-1,-1,-1,,,,,
40956,7140632,-1,12546,32,-1,-1,-1,-1,-1,-1,24,1,101,-1,-1,-1,-1,,,,,
40957,7140673,-1,12506,8,-1,-1,-1,-1,-1,-1,24,1,101,-1,-1,-1,-1,,,,,
40958,7140734,-1,2259,8,-1,-1,-1,-1,-1,-1,68,2,461,-1,-1,-1,-1,,,,,
40964,7142140,-1,36,1,-1,-1,-1,-1,-1,-1,58,1,379,-1,-1,-1,-1,,,,,
40965,7142248,-1,37,1,-1,-1,-1,-1,-1,-1,58,1,379,-1,-1,-1,-1,,,,,
40966,7142415,-1,47,1,-1,-1,-1,-1,-1,-1,4,1,4,-1,-1,-1,-1,,,,,
40967,7142472,-1,18,1,-1,-1,-1,-1,-1,-1,4,1,2,-1,-1,-1,-1,,,,,
40968,7142495,-1,46,1,-1,-1,-1,-1,-1,-1,58,1,379,-1,-1,-1,-1,,,,,
40969,7142565,-1,2466,32,-1,-1,-1,-1,-1,-1,4,1,3,-1,-1,-1,-1,,,,,
40971,7142621,-1,42,1,-1,-1,-1,-1,-1,-1,58,1,379,-1,-1,-1,-1,,,,,
40972,7142792,-1,38,1,-1,-1,-1,-1,-1,-1,58,1,379,-1,-1,-1,-1,,,,,
40973,7142918,-1,39,1,-1,-1,-1,-1,-1,-1,58,1,379,-1,-1,-1,-1,,,,,
40975,7143119,-1,40,1,-1,-1,-1,-1,-1,-1,58,1,379,-1,-1,-1,-1,,,,,
40976,7143203,-1,94,1,-1,-1,-1,-1,-1,-1,51,1,324,-1,-1,-1,-1,,,,,
40977,7143340,-1,144,2,-1,-1,-1,-1,-1,-1,51,1,324,-1,-1,-1,-1,,,,,
40980,7143532,-1,47,1,-1,-1,-1,-1,-1,-1,58,1,379,-1,-1,-1,-1,,,,,
40984,7143814,-1,38,1,-1,-1,-1,-1,-1,-1,58,1,379,-1,-1,-1,-1,,,,,
40985,7143924,-1,6352,4,-1,-1,-1,-1,-1,-1,51,1,324,-1,-1,-1,-1,,,,,
40986,7143931,-1,2588,32,-1,-1,-1,-1,-1,-1,7,1,10,-1,-1,-1,-1,,,,,
40987,7144006,-1,2514,4,-1,-1,-1,-1,-1,-1,7,1,18,-1,-1,-1,-1,,,,,
40989,7144552,-1,31,8,-1,-1,-1,-1,-1,-1,68,2,158,-1,-1,-1,-1,,,,,
40990,7144587,-1,37,8,-1,-1,-1,-1,-1,-1,68,2,158,-1,-1,-1,-1,,,,,
40992,7144747,-1,96,4,-1,-1,-1,-1,-1,-1,15,1,19,-1,-1,-1,-1,,,,,
40993,7144768,-1,76,2,-1,-1,-1,-1,-1,-1,15,1,20,-1,-1,-1,-1,,,,,
40995,7145034,-1,22,1,-1,-1,-1,-1,-1,-1,4,1,4,-1,-1,-1,-1,,,,,
40999,7145186,-1,2573,4,-1,-1,-1,-1,-1,-1,15,1,19,-1,-1,-1,-1,,,,,
41000,7145212,-1,2551,2,-1,-1,-1,-1,-1,-1,15,1,20,-1,-1,-1,-1,,,,,
41003,7146025,-1,450,32,-1,-1,-1,-1,-1,-1,4,1,3,-1,-1,-1,-1,,,,,
41004,7146505,-1,1348,32,-1,-1,-1,-1,-1,-1,4,1,3,-1,-1,-1,-1,,,,,
41005,7146682,-1,1342,32,-1,-1,-1,-1,-1,-1,7,1,10,-1,-1,-1,-1,,,,,
41006,7146747,-1,1277,4,-1,-1,-1,-1,-1,-1,7,1,18,-1,-1,-1,-1,,,,,
41007,7147896,-1,2388,32,-1,-1,-1,-1,-1,-1,4,1,3,-1,-1,-1,-1,,,,,
41008,7148029,-1,5088,32,-1,-1,-1,-1,-1,-1,7,1,10,-1,-1,-1,-1,,,,,
41009,7148092,-1,5025,4,-1,-1,-1,-1,-1,-1,7,1,18,-1,-1,-1,-1,,,,,
41010,7148182,-1,2058,4,-1,-1,-1,-1,-1,-1,15,1,19,-1,-1,-1,-1,,,,,
41011,7148204,-1,2039,2,-1,-1,-1,-1,-1,-1,15,1,20,-1,-1,-1,-1,,,,,
41012,7150289,-1,22,1,-1,-1,-1,-1,-1,-1,4,1,4,-1,-1,-1,-1,,,,,
41013,7150305,-1,326,4,-1,-1,-1,-1,-1,-1,51,1,324,-1,-1,-1,-1,,,,,
41014,7150504,-1,739,32,-1,-1,-1,-1,-1,-1,4,1,3,-1,-1,-1,-1,,,,,
41015,7150661,-1,9,1,-1,-1,-1,-1,-1,-1,4,1,2,-1,-1,-1,-1,,,,,
41016,7150897,-1,5,1,-1,-1,-1,-1,-1,-1,5,2,9,-1,-1,-1,-1,,,,,
41017,7150955,-1,721,4,-1,-1,-1,-1,-1,-1,51,1,324,-1,-1,-1,-1,,,,,
41018,7151268,-1,646,32,-1,-1,-1,-1,-1,-1,4,1,3,-1,-1,-1,-1,,,,,
41019,7151774,-1,53,1,-1,-1,-1,-1,-1,-1,58,1,379,-1,-1,-1,-1,,,,,
41020,7151859,-1,34,1,-1,-1,-1,-1,-1,-1,58,1,379,-1,-1,-1,-1,,,,,
41021,7151941,-1,8467,32,-1,-1,-1,-1,-1,-1,4,1,3,-1,-1,-1,-1,,,,,
41022,7151942,-1,43,1,-1,-1,-1,-1,-1,-1,58,1,379,-1,-1,-1,-1,,,,,
41023,7152012,-1,38,1,-1,-1,-1,-1,-1,-1,58,1,379,-1,-1,-1,-1,,,,,
41024,7153205,-1,886,32,-1,-1,-1,-1,-1,-1,7,1,10,-1,-1,-1,-1,,,,,
41025,7153265,-1,827,4,-1,-1,-1,-1,-1,-1,7,1,18,-1,-1,-1,-1,,,,,
41026,7153410,-1,252,32,-1,-1,-1,-1,-1,-1,24,1,101,-1,-1,-1,-1,,,,,
41027,7153436,-1,228,8,-1,-1,-1,-1,-1,-1,24,1,101,-1,-1,-1,-1,,,,,
41028,7153504,-1,19,1,-1,-1,-1,-1,-1,-1,9,2,9,-1,-1,-1,-1,,,,,
41029,7154100,-1,6314,32,-1,-1,-1,-1,-1,-1,7,1,10,-1,-1,-1,-1,,,,,
41030,7154172,-1,6542,4,-1,-1,-1,-1,-1,-1,7,1,18,-1,-1,-1,-1,,,,,
41031,7154390,-1,370,32,-1,-1,-1,-1,-1,-1,24,1,101,-1,-1,-1,-1,,,,,
41032,7154774,-1,9617,32,-1,-1,-1,-1,-1,-1,24,1,101,-1,-1,-1,-1,,,,,
41033,7154798,-1,9593,8,-1,-1,-1,-1,-1,-1,24,1,101,-1,-1,-1,-1,,,,,
41034,7160417,-1,41,1,-1,-1,-1,-1,-1,-1,4,1,4,-1,-1,-1,-1,,,,,
41035,7160419,-1,10935,64,-1,-1,-1,-1,-1,-1,4,1,-1,-1,-1,-1,-1,,,,,
41036,7164422,-1,7609,32,-1,-1,-1,-1,-1,-1,24,1,101,-1,-1,-1,-1,,,,,
41037,7164451,-1,7580,8,-1,-1,-1,-1,-1,-1,24,1,101,-1,-1,-1,-1,,,,,
41038,7171569,-1,6869,32,-1,-1,-1,-1,-1,-1,7,1,10,-1,-1,-1,-1,,,,,
41039,7171632,-1,6809,4,-1,-1,-1,-1,-1,-1,7,1,18,-1,-1,-1,-1,,,,,
41041,7172370,-1,10,1,-1,-1,-1,-1,-1,-1,4,1,4,-1,-1,-1,-1,,,,,
41042,7172585,-1,5,1,-1,-1,-1,-1,-1,-1,3,2,9,-1,-1,-1,-1,,,,,
41087,7178424,-1,9,1,-1,-1,-1,-1,-1,-1,4,1,4,-1,-1,-1,-1,,,,,
41088,7178453,-1,10939,64,-1,-1,-1,-1,-1,-1,4,1,-1,-1,-1,-1,-1,,,,,
41091,7178740,-1,29848,32,-1,-1,-1,-1,-1,-1,7,1,10,-1,-1,-1,-1,,,,,
41092,7178808,-1,29779,4,-1,-1,-1,-1,-1,-1,7,1,18,-1,-1,-1,-1,,,,,
41249,7193384,-1,69,8,-1,-1,-1,-1,-1,-1,5,2,11,-1,-1,-1,-1,,,,,
41250,7193460,-1,291,32,-1,-1,-1,-1,-1,-1,5,2,11,-1,-1,-1,-1,,,,,
41259,7193910,-1,454,32,-1,-1,-1,-1,-1,-1,5,2,11,-1,-1,-1,-1,,,,,
41301,7196089,-1,47,64,-1,-1,-1,-1,-1,-1,5,2,482,-1,-1,-1,-1,,,,,
41305,7196203,-1,185,64,-1,-1,-1,-1,-1,-1,5,2,482,-1,-1,-1,-1,,,,,
41318,7197030,-1,92,16,-1,-1,-1,-1,-1,-1,5,2,11,-1,-1,-1,-1,,,,,
41321,7197172,-1,70,16,-1,-1,-1,-1,-1,-1,5,2,11,-1,-1,-1,-1,,,,,
41325,7197268,-1,56,16,-1,-1,-1,-1,-1,-1,5,2,5,-1,-1,-1,-1,,,,,
41328,7197433,-1,62,16,-1,-1,-1,-1,-1,-1,5,2,5,-1,-1,-1,-1,,,,,
41330,7197505,-1,70,16,-1,-1,-1,-1,-1,-1,5,2,5,-1,-1,-1,-1,,,,,
41337,7197636,-1,81,16,-1,-1,-1,-1,-1,-1,5,2,5,-1,-1,-1,-1,,,,,
41340,7197733,-1,24,1,-1,-1,-1,-1,-1,-1,4,1,4,-1,-1,-1,-1,,,,,
41341,7197742,-1,73,16,-1,-1,-1,-1,-1,-1,5,2,5,-1,-1,-1,-1,,,,,
41342,7197759,-1,7234,32,-1,-1,-1,-1,-1,-1,4,1,3,-1,-1,-1,-1,,,,,
41345,7197927,-1,72,16,-1,-1,-1,-1,-1,-1,5,2,5,-1,-1,-1,-1,,,,,
41348,7198026,-1,73,16,-1,-1,-1,-1,-1,-1,5,2,5,-1,-1,-1,-1,,,,,
41351,7198181,-1,12,16,-1,-1,-1,-1,-1,-1,5,2,5,-1,-1,-1,-1,,,,,
41352,7198291,-1,35,16,-1,-1,-1,-1,-1,-1,5,2,241,-1,-1,-1,-1,,,,,
41354,7198389,-1,60,16,-1,-1,-1,-1,-1,-1,5,2,5,-1,-1,-1,-1,,,,,
41355,7198450,-1,661,16,-1,-1,-1,-1,-1,-1,5,2,11,-1,-1,-1,-1,,,,,
41361,7199146,-1,4,1,-1,-1,-1,-1,-1,-1,5,2,9,-1,-1,-1,-1,,,,,
41365,7199250,-1,1946,32,-1,-1,-1,-1,-1,-1,24,1,101,-1,-1,-1,-1,,,,,
41366,7199290,-1,1908,8,-1,-1,-1,-1,-1,-1,24,1,101,-1,-1,-1,-1,,,,,
41371,7199895,-1,64,16,-1,-1,-1,-1,-1,-1,5,2,5,-1,-1,-1,-1,,,,,
41374,7200370,-1,20,16,-1,-1,-1,-1,-1,-1,5,2,5,-1,-1,-1,-1,,,,,
41375,7200405,-1,351,16,-1,-1,-1,-1,-1,-1,5,2,11,-1,-1,-1,-1,,,,,
41384,7201369,-1,136,32,-1,-1,-1,-1,-1,-1,24,1,101,-1,-1,-1,-1,,,,,
41392,7202288,-1,32,32,-1,-1,-1,-1,-1,-1,24,1,101,-1,-1,-1,-1,,,,,
41395,7202374,-1,190,32,-1,-1,-1,-1,-1,-1,24,1,101,-1,-1,-1,-1,,,,,
41400,7202990,-1,466,32,-1,-1,-1,-1,-1,-1,24,1,101,-1,-1,-1,-1,,,,,
41405,7203823,-1,63,16,-1,-1,-1,-1,-1,-1,5,2,178,-1,-1,-1,-1,,,,,
41410,7204109,-1,262,16,-1,-1,-1,-1,-1,-1,5,2,178,-1,-1,-1,-1,,,,,
41411,7204130,-1,302,32,-1,-1,-1,-1,-1,-1,24,1,101,-1,-1,-1,-1,,,,,
41414,7204616,-1,312,32,-1,-1,-1,-1,-1,-1,24,1,101,-1,-1,-1,-1,,,,,
41415,7204674,-1,249,16,-1,-1,-1,-1,-1,-1,5,2,178,-1,-1,-1,-1,,,,,
41421,7205106,-1,22,1,-1,-1,-1,-1,-1,-1,4,1,4,-1,-1,-1,-1,,,,,
41422,7205173,-1,15,1,-1,-1,-1,-1,-1,-1,4,1,4,-1,-1,-1,-1,,,,,
41423,7205189,-1,749,32,-1,-1,-1,-1,-1,-1,4,1,3,-1,-1,-1,-1,,,,,
41425,7205267,-1,96,16,-1,-1,-1,-1,-1,-1,5,2,178,-1,-1,-1,-1,,,,,
41428,7205446,-1,331,32,-1,-1,-1,-1,-1,-1,24,1,101,-1,-1,-1,-1,,,,,
41431,7205679,-1,165,16,-1,-1,-1,-1,-1,-1,5,2,178,-1,-1,-1,-1,,,,,
41432,7205787,-1,194,16,-1,-1,-1,-1,-1,-1,12,2,-1,-1,-1,-1,-1,,,,,
41433,7205925,-1,77,16,-1,-1,-1,-1,-1,-1,5,2,5,-1,-1,-1,-1,,,,,
41434,7206011,-1,19,1,-1,-1,-1,-1,-1,-1,4,1,4,-1,-1,-1,-1,,,,,
41435,7206033,-1,2996,32,-1,-1,-1,-1,-1,-1,4,1,3,-1,-1,-1,-1,,,,,
41436,7206098,-1,29,16,-1,-1,-1,-1,-1,-1,5,2,5,-1,-1,-1,-1,,,,,
41438,7206182,-1,6,1,-1,-1,-1,-1,-1,-1,5,2,9,-1,-1,-1,-1,,,,,
41444,7207344,-1,29,16,-1,-1,-1,-1,-1,-1,5,2,5,-1,-1,-1,-1,,,,,
41445,7207422,-1,128,16,-1,-1,-1,-1,-1,-1,5,2,11,-1,-1,-1,-1,,,,,
41446,7207514,-1,19,1,-1,-1,-1,-1,-1,-1,9,2,9,-1,-1,-1,-1,,,,,
41454,7208793,-1,25,32,-1,-1,-1,-1,-1,-1,7,1,10,-1,-1,-1,-1,,,,,
41455,7208822,-1,72,4,-1,-1,-1,-1,-1,-1,5,2,11,-1,-1,-1,-1,,,,,
41456,7208973,-1,326,32,-1,-1,-1,-1,-1,-1,24,1,101,-1,-1,-1,-1,,,,,
41457,7209062,-1,44,1,-1,-1,-1,-1,-1,-1,4,1,4,-1,-1,-1,-1,,,,,
41459,7209176,-1,20,1,-1,-1,-1,-1,-1,-1,4,1,4,-1,-1,-1,-1,,,,,
41460,7209197,-1,1734,32,-1,-1,-1,-1,-1,-1,4,1,3,-1,-1,-1,-1,,,,,
41466,7209945,-1,53,8,-1,-1,-1,-1,-1,-1,37,1,297,-1,-1,-1,-1,,,,,
41467,7210026,-1,18,1,-1,-1,-1,-1,-1,-1,4,1,2,-1,-1,-1,-1,,,,,
41468,7210093,-1,5869,32,-1,-1,-1,-1,-1,-1,7,1,10,-1,-1,-1,-1,,,,,
41469,7210164,-1,63,8,-1,-1,-1,-1,-1,-1,37,1,297,-1,-1,-1,-1,,,,,
41470,7210180,-1,5782,4,-1,-1,-1,-1,-1,-1,7,1,18,-1,-1,-1,-1,,,,,
41472,7210289,-1,124,32,-1,-1,-1,-1,-1,-1,24,1,101,-1,-1,-1,-1,,,,,
41473,7210443,-1,53,8,-1,-1,-1,-1,-1,-1,37,1,297,-1,-1,-1,-1,,,,,
41474,7210709,-1,130,2,-1,-1,-1,-1,-1,-1,51,1,324,-1,-1,-1,-1,,,,,
41476,7210854,-1,66,8,-1,-1,-1,-1,-1,-1,37,1,297,-1,-1,-1,-1,,,,,
41477,7210961,-1,13,1,-1,-1,-1,-1,-1,-1,4,1,4,-1,-1,-1,-1,,,,,
41478,7210976,-1,755,32,-1,-1,-1,-1,-1,-1,4,1,3,-1,-1,-1,-1,,,,,
41479,7211010,-1,193,2,-1,-1,-1,-1,-1,-1,51,1,324,-1,-1,-1,-1,,,,,
41482,7211232,-1,138,32,-1,-1,-1,-1,-1,-1,24,1,101,-1,-1,-1,-1,,,,,
41484,7211269,-1,223,4,-1,-1,-1,-1,-1,-1,51,1,324,-1,-1,-1,-1,,,,,
41487,7211437,-1,551,32,-1,-1,-1,-1,-1,-1,24,1,101,-1,-1,-1,-1,,,,,
41488,7211567,-1,56,8,-1,-1,-1,-1,-1,-1,37,1,297,-1,-1,-1,-1,,,,,
41489,7211574,-1,288,4,-1,-1,-1,-1,-1,-1,51,1,324,-1,-1,-1,-1,,,,,
41490,7211647,-1,61,8,-1,-1,-1,-1,-1,-1,37,1,297,-1,-1,-1,-1,,,,,
41491,7211779,-1,37,1,-1,-1,-1,-1,-1,-1,4,1,4,-1,-1,-1,-1,,,,,
41492,7211784,-1,50,8,-1,-1,-1,-1,-1,-1,37,1,297,-1,-1,-1,-1,,,,,
41493,7211887,-1,58,8,-1,-1,-1,-1,-1,-1,37,1,297,-1,-1,-1,-1,,,,,
41494,7211903,-1,7223,32,-1,-1,-1,-1,-1,-1,4,1,3,-1,-1,-1,-1,,,,,
41496,7212116,-1,82,8,-1,-1,-1,-1,-1,-1,37,1,297,-1,-1,-1,-1,,,,,
41497,7212372,-1,86,8,-1,-1,-1,-1,-1,-1,37,1,297,-1,-1,-1,-1,,,,,
41499,7212493,-1,58,8,-1,-1,-1,-1,-1,-1,37,1,297,-1,-1,-1,-1,,,,,
41500,7212691,-1,63,8,-1,-1,-1,-1,-1,-1,37,1,297,-1,-1,-1,-1,,,,,
41501,7212769,-1,446,4,-1,-1,-1,-1,-1,-1,51,1,324,-1,-1,-1,-1,,,,,
41507,7213048,-1,165,32,-1,-1,-1,-1,-1,-1,24,1,101,-1,-1,-1,-1,,,,,
41508,7213072,-1,142,8,-1,-1,-1,-1,-1,-1,24,1,101,-1,-1,-1,-1,,,,,
41509,7213283,-1,340,32,-1,-1,-1,-1,-1,-1,24,1,101,-1,-1,-1,-1,,,,,
41510,7213381,-1,190,16,-1,-1,-1,-1,-1,-1,12,2,-1,-1,-1,-1,-1,,,,,
41512,7213584,-1,283,4,-1,-1,-1,-1,-1,-1,51,1,324,-1,-1,-1,-1,,,,,
41513,7213634,-1,11,32,-1,-1,-1,-1,-1,-1,24,1,101,-1,-1,-1,-1,,,,,
41514,7213669,-1,7293,32,-1,-1,-1,-1,-1,-1,24,1,101,-1,-1,-1,-1,,,,,
41515,7213699,-1,7263,8,-1,-1,-1,-1,-1,-1,24,1,101,-1,-1,-1,-1,,,,,
41517,7214096,-1,165,4,-1,-1,-1,-1,-1,-1,51,1,324,-1,-1,-1,-1,,,,,
41522,7214503,-1,40,8,-1,-1,-1,-1,-1,-1,37,1,297,-1,-1,-1,-1,,,,,
41524,7214769,-1,40,8,-1,-1,-1,-1,-1,-1,37,1,297,-1,-1,-1,-1,,,,,
41525,7214925,-1,59,8,-1,-1,-1,-1,-1,-1,37,1,297,-1,-1,-1,-1,,,,,
41527,7215298,-1,23,4,-1,-1,-1,-1,-1,-1,40,2,28,-1,-1,-1,-1,,,,,
41528,7215333,-1,20,4,-1,-1,-1,-1,-1,-1,40,2,1,-1,-1,-1,-1,,,,,
41529,7215342,-1,7,1,-1,-1,-1,-1,-1,-1,40,2,1,-1,-1,-1,-1,,,,,
41530,7215357,-1,21,1,-1,-1,-1,-1,-1,-1,40,2,1,-1,-1,-1,-1,,,,,
41531,7215385,-1,75,8,-1,-1,-1,-1,-1,-1,37,1,297,-1,-1,-1,-1,,,,,
41532,7215438,-1,24,4,-1,-1,-1,-1,-1,-1,40,2,1,-1,-1,-1,-1,,,,,
41533,7215493,-1,43,4,-1,-1,-1,-1,-1,-1,40,2,28,-1,-1,-1,-1,,,,,
41535,7215741,-1,94,4,-1,-1,-1,-1,-1,-1,51,1,324,-1,-1,-1,-1,,,,,
41536,7215818,-1,41,8,-1,-1,-1,-1,-1,-1,37,1,297,-1,-1,-1,-1,,,,,
41537,7215874,-1,62,8,-1,-1,-1,-1,-1,-1,37,1,297,-1,-1,-1,-1,,,,,
41539,7215976,-1,169,2,-1,-1,-1,-1,-1,-1,51,1,324,-1,-1,-1,-1,,,,,
41541,7215996,-1,4966,32,-1,-1,-1,-1,-1,-1,7,1,10,-1,-1,-1,-1,,,,,
41542,7216067,-1,4895,4,-1,-1,-1,-1,-1,-1,7,1,18,-1,-1,-1,-1,,,,,
41545,7216311,-1,698,8,-1,-1,-1,-1,-1,-1,37,1,297,-1,-1,-1,-1,,,,,
41548,7217526,-1,508,4,-1,-1,-1,-1,-1,-1,40,2,28,-1,-1,-1,-1,,,,,
41549,7217534,-1,1029,4,-1,-1,-1,-1,-1,-1,51,1,324,-1,-1,-1,-1,,,,,
41555,7218610,-1,446,4,-1,-1,-1,-1,-1,-1,40,2,28,-1,-1,-1,-1,,,,,
41557,7218941,-1,22,4,-1,-1,-1,-1,-1,-1,51,1,324,-1,-1,-1,-1,,,,,
41558,7219089,-1,1081,4,-1,-1,-1,-1,-1,-1,40,2,28,-1,-1,-1,-1,,,,,
41559,7219128,-1,56,1,-1,-1,-1,-1,-1,-1,4,1,4,-1,-1,-1,-1,,,,,
41562,7219253,-1,1091,32,-1,-1,-1,-1,-1,-1,4,1,3,-1,-1,-1,-1,,,,,
41566,7219772,-1,26,1,-1,-1,-1,-1,-1,-1,51,1,324,-1,-1,-1,-1,,,,,
41568,7220384,-1,578,32,-1,-1,-1,-1,-1,-1,4,1,3,-1,-1,-1,-1,,,,,
41569,7220751,-1,21,1,-1,-1,-1,-1,-1,-1,51,1,324,-1,-1,-1,-1,,,,,
41571,7220954,-1,8,4,-1,-1,-1,-1,-1,-1,5,2,11,-1,-1,-1,-1,,,,,
41572,7221644,-1,5259,32,-1,-1,-1,-1,-1,-1,7,1,10,-1,-1,-1,-1,,,,,
41573,7221667,-1,497,32,-1,-1,-1,-1,-1,-1,24,1,101,-1,-1,-1,-1,,,,,
41574,7221732,-1,432,8,-1,-1,-1,-1,-1,-1,24,1,101,-1,-1,-1,-1,,,,,
41575,7221742,-1,23,4,-1,-1,-1,-1,-1,-1,5,2,11,-1,-1,-1,-1,,,,,
41576,7221763,-1,5141,4,-1,-1,-1,-1,-1,-1,7,1,18,-1,-1,-1,-1,,,,,
41577,7221785,-1,36,4,-1,-1,-1,-1,-1,-1,5,2,11,-1,-1,-1,-1,,,,,
41578,7221788,-1,2457,32,-1,-1,-1,-1,-1,-1,4,1,3,-1,-1,-1,-1,,,,,
41579,7221919,-1,117,4,-1,-1,-1,-1,-1,-1,5,2,11,-1,-1,-1,-1,,,,,
41581,7222051,-1,21,4,-1,-1,-1,-1,-1,-1,5,2,5,-1,-1,-1,-1,,,,,
41582,7222104,-1,176,4,-1,-1,-1,-1,-1,-1,5,2,11,-1,-1,-1,-1,,,,,
41583,7222122,-1,29,1,-1,-1,-1,-1,-1,-1,51,1,324,-1,-1,-1,-1,,,,,
41584,7222125,-1,77,4,-1,-1,-1,-1,-1,-1,40,2,28,-1,-1,-1,-1,,,,,
41585,7222194,-1,6881,32,-1,-1,-1,-1,-1,-1,24,1,101,-1,-1,-1,-1,,,,,
41586,7222231,-1,6847,8,-1,-1,-1,-1,-1,-1,24,1,101,-1,-1,-1,-1,,,,,
41588,7222781,-1,75,4,-1,-1,-1,-1,-1,-1,5,2,11,-1,-1,-1,-1,,,,,
41593,7223444,-1,22,1,-1,-1,-1,-1,-1,-1,4,1,4,-1,-1,-1,-1,,,,,
41595,7224247,-1,19,1,-1,-1,-1,-1,-1,-1,4,1,4,-1,-1,-1,-1,,,,,
41597,7224324,-1,776,32,-1,-1,-1,-1,-1,-1,4,1,3,-1,-1,-1,-1,,,,,
41599,7225224,-1,3612,32,-1,-1,-1,-1,-1,-1,4,1,3,-1,-1,-1,-1,,,,,
41605,7226138,-1,114,1,-1,-1,-1,-1,-1,-1,12,2,483,-1,-1,-1,-1,,,,,
41607,7226609,-1,22,1,-1,-1,-1,-1,-1,-1,4,1,4,-1,-1,-1,-1,,,,,
41608,7226887,-1,25,1,-1,-1,-1,-1,-1,-1,12,2,149,-1,-1,-1,-1,,,,,
41609,7226944,-1,595,32,-1,-1,-1,-1,-1,-1,7,1,10,-1,-1,-1,-1,,,,,
41610,7226953,-1,115,1,-1,-1,-1,-1,-1,-1,12,2,149,-1,-1,-1,-1,,,,,
41611,7227013,-1,527,4,-1,-1,-1,-1,-1,-1,7,1,18,-1,-1,-1,-1,,,,,
41613,7227560,-1,4664,32,-1,-1,-1,-1,-1,-1,7,1,10,-1,-1,-1,-1,,,,,
41615,7227626,-1,4599,4,-1,-1,-1,-1,-1,-1,7,1,18,-1,-1,-1,-1,,,,,
41619,7227805,-1,20,1,-1,-1,-1,-1,-1,-1,4,1,4,-1,-1,-1,-1,,,,,
41622,7228817,-1,5,1,-1,-1,-1,-1,-1,-1,4,1,4,-1,-1,-1,-1,,,,,
41623,7228838,-1,28,1,-1,-1,-1,-1,-1,-1,4,1,4,-1,-1,-1,-1,,,,,
41624,7228894,-1,17,1,-1,-1,-1,-1,-1,-1,4,1,4,-1,-1,-1,-1,,,,,
41625,7228928,-1,99,1,-1,-1,-1,-1,-1,-1,12,2,484,-1,-1,-1,-1,,,,,
41626,7228957,-1,1603,32,-1,-1,-1,-1,-1,-1,4,1,3,-1,-1,-1,-1,,,,,
41629,7230484,-1,17,1,-1,-1,-1,-1,-1,-1,4,1,4,-1,-1,-1,-1,,,,,
41630,7230561,-1,17,1,-1,-1,-1,-1,-1,-1,4,1,4,-1,-1,-1,-1,,,,,
41631,7230607,-1,875,32,-1,-1,-1,-1,-1,-1,4,1,3,-1,-1,-1,-1,,,,,
41632,7231526,-1,2376,32,-1,-1,-1,-1,-1,-1,4,1,3,-1,-1,-1,-1,,,,,
41633,7231872,-1,12,32,-1,-1,-1,-1,-1,-1,24,1,101,-1,-1,-1,-1,,,,,
41634,7232241,-1,14562,32,-1,-1,-1,-1,-1,-1,7,1,10,-1,-1,-1,-1,,,,,
41635,7232306,-1,24106,4,-1,-1,-1,-1,-1,-1,7,1,18,-1,-1,-1,-1,,,,,
41636,7232585,-1,23822,32,-1,-1,-1,-1,-1,-1,24,1,101,-1,-1,-1,-1,,,,,
41637,7232617,-1,23790,8,-1,-1,-1,-1,-1,-1,24,1,101,-1,-1,-1,-1,,,,,
41638,7233907,-1,21,1,-1,-1,-1,-1,-1,-1,4,1,4,-1,-1,-1,-1,,,,,
41639,7233913,-1,10,1,-1,-1,-1,-1,-1,-1,4,1,2,-1,-1,-1,-1,,,,,
41640,7233957,-1,2380,32,-1,-1,-1,-1,-1,-1,4,1,3,-1,-1,-1,-1,,,,,
41641,7236339,-1,20,1,-1,-1,-1,-1,-1,-1,4,1,4,-1,-1,-1,-1,,,,,
41642,7236343,-1,8,1,-1,-1,-1,-1,-1,-1,4,1,2,-1,-1,-1,-1,,,,,
41643,7236388,-1,2393,32,-1,-1,-1,-1,-1,-1,4,1,3,-1,-1,-1,-1,,,,,
41644,7238783,-1,26,1,-1,-1,-1,-1,-1,-1,4,1,4,-1,-1,-1,-1,,,,,
41645,7239105,-1,2331,32,-1,-1,-1,-1,-1,-1,4,1,3,-1,-1,-1,-1,,,,,
41646,7239901,-1,17,1,-1,-1,-1,-1,-1,-1,9,2,9,-1,-1,-1,-1,,,,,
41647,7241438,-1,25,1,-1,-1,-1,-1,-1,-1,4,1,4,-1,-1,-1,-1,,,,,
41648,7242557,-1,9,1,-1,-1,-1,-1,-1,-1,4,1,2,-1,-1,-1,-1,,,,,
41649,7242668,-1,834,32,-1,-1,-1,-1,-1,-1,4,1,3,-1,-1,-1,-1,,,,,
41650,7246809,-1,9596,64,-1,-1,-1,-1,-1,-1,4,1,-1,-1,-1,-1,-1,,,,,
41651,7253018,-1,175,4,-1,-1,-1,-1,-1,-1,51,1,324,-1,-1,-1,-1,,,,,
41652,7253879,-1,438,4,-1,-1,-1,-1,-1,-1,51,1,324,-1,-1,-1,-1,,,,,
41653,7254635,-1,138,4,-1,-1,-1,-1,-1,-1,51,1,324,-1,-1,-1,-1,,,,,
41654,7254813,-1,25,4,-1,-1,-1,-1,-1,-1,51,1,324,-1,-1,-1,-1,,,,,
41655,7254899,-1,23,4,-1,-1,-1,-1,-1,-1,51,1,324,-1,-1,-1,-1,,,,,
41656,7255076,-1,22,2,-1,-1,-1,-1,-1,-1,51,1,324,-1,-1,-1,-1,,,,,
41657,7256416,-1,5137,64,-1,-1,-1,-1,-1,-1,4,1,-1,-1,-1,-1,-1,,,,,
41679,7774664,-1,306,64,-1,-1,-1,-1,-1,-1,4,1,-1,-1,-1,-1,-1,,,,,
41680,7774985,-1,9569,64,-1,-1,-1,-1,-1,-1,4,1,-1,-1,-1,-1,-1,,,,,
41702,7782595,-1,1301,8,-1,-1,-1,-1,-1,-1,51,1,324,-1,-1,-1,-1,,,,,
41709,7784553,-1,9653,64,-1,-1,-1,-1,-1,-1,4,1,-1,-1,-1,-1,-1,,,,,
41770,7801115,-1,8850,32,-1,-1,-1,-1,-1,-1,4,1,3,-1,-1,-1,-1,,,,,
41780,7804150,-1,3,1,-1,-1,-1,-1,-1,-1,28,1,409,-1,-1,-1,-1,,,,,
41786,7804765,-1,17,1,-1,-1,-1,-1,-1,-1,28,1,409,-1,-1,-1,-1,,,,,
41787,7804928,-1,68,8,-1,-1,-1,-1,-1,-1,28,1,67,-1,-1,-1,-1,,,,,
41790,7805945,-1,70,8,-1,-1,-1,-1,-1,-1,28,1,67,-1,-1,-1,-1,,,,,
41796,7806908,-1,52,8,-1,-1,-1,-1,-1,-1,28,1,67,-1,-1,-1,-1,,,,,
41799,7808026,-1,83,8,-1,-1,-1,-1,-1,-1,28,1,67,-1,-1,-1,-1,,,,,
41803,7809787,-1,47,32,-1,-1,-1,-1,-1,-1,24,1,101,-1,-1,-1,-1,,,,,
41804,7809814,-1,21,8,-1,-1,-1,-1,-1,-1,24,1,101,-1,-1,-1,-1,,,,,
41805,7809880,-1,101,64,-1,-1,-1,-1,-1,-1,32,1,11,-1,-1,-1,-1,,,,,
41806,7809891,-1,34,32,-1,-1,-1,-1,-1,-1,24,1,101,-1,-1,-1,-1,,,,,
41807,7809973,-1,23991,32,-1,-1,-1,-1,-1,-1,24,1,101,-1,-1,-1,-1,,,,,
41808,7810005,-1,23959,8,-1,-1,-1,-1,-1,-1,24,1,101,-1,-1,-1,-1,,,,,
41814,7810560,-1,24,64,-1,-1,-1,-1,-1,-1,32,1,485,-1,-1,-1,-1,,,,,
41815,7810623,-1,61,8,-1,-1,-1,-1,-1,-1,28,1,67,-1,-1,-1,-1,,,,,
41823,7812301,-1,22,1,-1,-1,-1,-1,-1,-1,9,2,9,-1,-1,-1,-1,,,,,
41825,7812927,-1,13,1,-1,-1,-1,-1,-1,-1,4,1,2,-1,-1,-1,-1,,,,,
41826,7813047,-1,189,32,-1,-1,-1,-1,-1,-1,4,1,3,-1,-1,-1,-1,,,,,
41827,7813341,-1,4764,32,-1,-1,-1,-1,-1,-1,4,1,3,-1,-1,-1,-1,,,,,
41832,7814040,-1,59,8,-1,-1,-1,-1,-1,-1,28,1,486,-1,-1,-1,-1,,,,,
41835,7814540,-1,225,32,-1,-1,-1,-1,-1,-1,12,2,-1,-1,-1,-1,-1,,,,,
41837,7814709,-1,38,8,-1,-1,-1,-1,-1,-1,28,1,67,-1,-1,-1,-1,,,,,
41838,7815209,-1,24,8,-1,-1,-1,-1,-1,-1,28,1,67,-1,-1,-1,-1,,,,,
41852,7818065,-1,16,1,-1,-1,-1,-1,-1,-1,4,1,4,-1,-1,-1,-1,,,,,
41853,7818269,-1,264,32,-1,-1,-1,-1,-1,-1,4,1,3,-1,-1,-1,-1,,,,,
41854,7818341,-1,80,1,-1,-1,-1,-1,-1,-1,22,1,32,-1,-1,-1,-1,,,,,
41856,7818449,-1,63,2,-1,-1,-1,-1,-1,-1,22,1,32,-1,-1,-1,-1,,,,,
41857,7818524,-1,105,4,-1,-1,-1,-1,-1,-1,22,1,32,-1,-1,-1,-1,,,,,
41858,7818616,-1,1017,32,-1,-1,-1,-1,-1,-1,4,1,3,-1,-1,-1,-1,,,,,
41859,7818641,-1,110,8,-1,-1,-1,-1,-1,-1,22,1,32,-1,-1,-1,-1,,,,,
41860,7818762,-1,90,16,-1,-1,-1,-1,-1,-1,22,1,32,-1,-1,-1,-1,,,,,
41861,7818868,-1,110,32,-1,-1,-1,-1,-1,-1,22,1,32,-1,-1,-1,-1,,,,,
41862,7819163,-1,9,1,-1,-1,-1,-1,-1,-1,28,1,487,-1,-1,-1,-1,,,,,
41863,7819181,-1,119,4,-1,-1,-1,-1,-1,-1,5,2,11,-1,-1,-1,-1,,,,,
41864,7819244,-1,34,4,-1,-1,-1,-1,-1,-1,28,1,487,-1,-1,-1,-1,,,,,
41865,7819298,-1,27,1,-1,-1,-1,-1,-1,-1,22,1,32,-1,-1,-1,-1,,,,,
41866,7819341,-1,29,2,-1,-1,-1,-1,-1,-1,22,1,32,-1,-1,-1,-1,,,,,
41867,7819383,-1,96,4,-1,-1,-1,-1,-1,-1,22,1,32,-1,-1,-1,-1,,,,,
41868,7819414,-1,118,8,-1,-1,-1,-1,-1,-1,5,2,11,-1,-1,-1,-1,,,,,
41869,7819424,-1,12,1,-1,-1,-1,-1,-1,-1,28,1,487,-1,-1,-1,-1,,,,,
41870,7819494,-1,80,8,-1,-1,-1,-1,-1,-1,22,1,32,-1,-1,-1,-1,,,,,
41871,7819592,-1,87,16,-1,-1,-1,-1,-1,-1,22,1,32,-1,-1,-1,-1,,,,,
41872,7819690,-1,115,32,-1,-1,-1,-1,-1,-1,22,1,32,-1,-1,-1,-1,,,,,
41873,7820592,-1,26,1,-1,-1,-1,-1,-1,-1,22,1,32,-1,-1,-1,-1,,,,,
41874,7820631,-1,32,2,-1,-1,-1,-1,-1,-1,22,1,32,-1,-1,-1,-1,,,,,
41875,7820673,-1,89,4,-1,-1,-1,-1,-1,-1,22,1,32,-1,-1,-1,-1,,,,,
41876,7820774,-1,76,8,-1,-1,-1,-1,-1,-1,22,1,32,-1,-1,-1,-1,,,,,
41877,7820869,-1,108,16,-1,-1,-1,-1,-1,-1,22,1,32,-1,-1,-1,-1,,,,,
41878,7820991,-1,132,32,-1,-1,-1,-1,-1,-1,22,1,32,-1,-1,-1,-1,,,,,
41879,7821112,-1,369,32,-1,-1,-1,-1,-1,-1,4,1,488,-1,-1,-1,-1,,,,,
41880,7821523,-1,403,32,-1,-1,-1,-1,-1,-1,4,1,488,-1,-1,-1,-1,,,,,
41881,7821624,-1,107,4,-1,-1,-1,-1,-1,-1,5,2,11,-1,-1,-1,-1,,,,,
41882,7821737,-1,91,8,-1,-1,-1,-1,-1,-1,5,2,11,-1,-1,-1,-1,,,,,
41883,7821908,-1,219,32,-1,-1,-1,-1,-1,-1,12,2,14,-1,-1,-1,-1,,,,,
41884,7822133,-1,162,64,-1,-1,-1,-1,-1,-1,12,2,14,-1,-1,-1,-1,,,,,
41885,7822366,-1,178,16,-1,-1,-1,-1,-1,-1,12,2,14,-1,-1,-1,-1,,,,,
41886,7822383,-1,346,8,-1,-1,-1,-1,-1,-1,12,2,14,-1,-1,-1,-1,,,,,
41887,7822717,-1,54,1,-1,-1,-1,-1,-1,-1,22,1,32,-1,-1,-1,-1,,,,,
41888,7822726,-1,355,32,-1,-1,-1,-1,-1,-1,4,1,488,-1,-1,-1,-1,,,,,
41889,7822786,-1,63,2,-1,-1,-1,-1,-1,-1,22,1,32,-1,-1,-1,-1,,,,,
41890,7822876,-1,132,4,-1,-1,-1,-1,-1,-1,22,1,32,-1,-1,-1,-1,,,,,
41891,7823030,-1,83,8,-1,-1,-1,-1,-1,-1,22,1,32,-1,-1,-1,-1,,,,,
41892,7823122,-1,92,16,-1,-1,-1,-1,-1,-1,22,1,32,-1,-1,-1,-1,,,,,
41893,7823129,-1,426,32,-1,-1,-1,-1,-1,-1,4,1,488,-1,-1,-1,-1,,,,,
41894,7823231,-1,105,32,-1,-1,-1,-1,-1,-1,22,1,32,-1,-1,-1,-1,,,,,
41895,7823649,-1,28,4,-1,-1,-1,-1,-1,-1,5,2,5,-1,-1,-1,-1,,,,,
41896,7823860,-1,568,32,-1,-1,-1,-1,-1,-1,4,1,488,-1,-1,-1,-1,,,,,
41897,7823903,-1,135,4,-1,-1,-1,-1,-1,-1,5,2,11,-1,-1,-1,-1,,,,,
41898,7824050,-1,226,8,-1,-1,-1,-1,-1,-1,5,2,11,-1,-1,-1,-1,,,,,
41899,7824265,-1,28,1,-1,-1,-1,-1,-1,-1,22,1,32,-1,-1,-1,-1,,,,,
41900,7824313,-1,27,2,-1,-1,-1,-1,-1,-1,22,1,32,-1,-1,-1,-1,,,,,
41901,7824351,-1,94,4,-1,-1,-1,-1,-1,-1,22,1,32,-1,-1,-1,-1,,,,,
41902,7824430,-1,16,1,-1,-1,-1,-1,-1,-1,4,1,4,-1,-1,-1,-1,,,,,
41903,7824449,-1,13,1,-1,-1,-1,-1,-1,-1,4,1,2,-1,-1,-1,-1,,,,,
41904,7824460,-1,89,8,-1,-1,-1,-1,-1,-1,22,1,32,-1,-1,-1,-1,,,,,
41905,7824521,-1,6865,32,-1,-1,-1,-1,-1,-1,4,1,488,-1,-1,-1,-1,,,,,
41906,7824562,-1,124,16,-1,-1,-1,-1,-1,-1,22,1,32,-1,-1,-1,-1,,,,,
41907,7824702,-1,29,32,-1,-1,-1,-1,-1,-1,22,1,32,-1,-1,-1,-1,,,,,
41908,7824790,-1,32,32,-1,-1,-1,-1,-1,-1,43,1,221,-1,-1,-1,-1,,,,,
41909,7824911,-1,103,32,-1,-1,-1,-1,-1,-1,22,1,32,-1,-1,-1,-1,,,,,
41910,7825269,-1,118,8,-1,-1,-1,-1,-1,-1,5,2,11,-1,-1,-1,-1,,,,,
41911,7825273,-1,54,1,-1,-1,-1,-1,-1,-1,22,1,489,-1,-1,-1,-1,,,,,
41912,7825344,-1,6,2,-1,-1,-1,-1,-1,-1,22,1,489,-1,-1,-1,-1,,,,,
41913,7825427,-1,57,1,-1,-1,-1,-1,-1,-1,22,1,489,-1,-1,-1,-1,,,,,
41914,7825495,-1,40,2,-1,-1,-1,-1,-1,-1,22,1,489,-1,-1,-1,-1,,,,,
41915,7825546,-1,43,4,-1,-1,-1,-1,-1,-1,22,1,489,-1,-1,-1,-1,,,,,
41916,7825599,-1,38,8,-1,-1,-1,-1,-1,-1,22,1,489,-1,-1,-1,-1,,,,,
41917,7825648,-1,52,16,-1,-1,-1,-1,-1,-1,22,1,489,-1,-1,-1,-1,,,,,
41918,7825715,-1,90,32,-1,-1,-1,-1,-1,-1,22,1,489,-1,-1,-1,-1,,,,,
41919,7826065,-1,55,1,-1,-1,-1,-1,-1,-1,22,1,490,-1,-1,-1,-1,,,,,
41920,7826070,-1,43,32,-1,-1,-1,-1,-1,-1,43,1,221,-1,-1,-1,-1,,,,,
41921,7826634,-1,509,1,-1,-1,-1,-1,-1,-1,22,1,261,-1,-1,-1,-1,,,,,
41922,7826789,-1,36,32,-1,-1,-1,-1,-1,-1,43,1,221,-1,-1,-1,-1,,,,,
41923,7827214,-1,70,1,-1,-1,-1,-1,-1,-1,22,1,261,-1,-1,-1,-1,,,,,
41924,7827293,-1,157,2,-1,-1,-1,-1,-1,-1,22,1,261,-1,-1,-1,-1,,,,,
41925,7827460,-1,31,4,-1,-1,-1,-1,-1,-1,22,1,261,-1,-1,-1,-1,,,,,
41926,7827674,-1,20,1,-1,-1,-1,-1,-1,-1,4,1,4,-1,-1,-1,-1,,,,,
41927,7828179,-1,88,1,-1,-1,-1,-1,-1,-1,22,1,258,-1,-1,-1,-1,,,,,
41928,7828248,-1,113,4,-1,-1,-1,-1,-1,-1,32,1,11,-1,-1,-1,-1,,,,,
41929,7828284,-1,80,2,-1,-1,-1,-1,-1,-1,22,1,258,-1,-1,-1,-1,,,,,
41930,7828351,-1,349,4,-1,-1,-1,-1,-1,-1,32,1,28,-1,-1,-1,-1,,,,,
41931,7828373,-1,56,4,-1,-1,-1,-1,-1,-1,22,1,258,-1,-1,-1,-1,,,,,
41932,7828445,-1,66,8,-1,-1,-1,-1,-1,-1,22,1,258,-1,-1,-1,-1,,,,,
41933,7828528,-1,65,16,-1,-1,-1,-1,-1,-1,22,1,258,-1,-1,-1,-1,,,,,
41934,7828609,-1,100,32,-1,-1,-1,-1,-1,-1,22,1,258,-1,-1,-1,-1,,,,,
41935,7828950,-1,82,1,-1,-1,-1,-1,-1,-1,22,1,491,-1,-1,-1,-1,,,,,
41936,7829286,-1,21,1,-1,-1,-1,-1,-1,-1,4,1,4,-1,-1,-1,-1,,,,,
41937,7829287,-1,27,1,-1,-1,-1,-1,-1,-1,22,1,492,-1,-1,-1,-1,,,,,
41938,7829324,-1,53,2,-1,-1,-1,-1,-1,-1,22,1,492,-1,-1,-1,-1,,,,,
41939,7829388,-1,59,4,-1,-1,-1,-1,-1,-1,22,1,492,-1,-1,-1,-1,,,,,
41940,7829457,-1,62,8,-1,-1,-1,-1,-1,-1,22,1,492,-1,-1,-1,-1,,,,,
41941,7829533,-1,68,16,-1,-1,-1,-1,-1,-1,22,1,492,-1,-1,-1,-1,,,,,
41942,7829620,-1,36,32,-1,-1,-1,-1,-1,-1,43,1,221,-1,-1,-1,-1,,,,,
41943,7830358,-1,20,1,-1,-1,-1,-1,-1,-1,4,1,4,-1,-1,-1,-1,,,,,
41944,7830469,-1,21,1,-1,-1,-1,-1,-1,-1,22,1,493,-1,-1,-1,-1,,,,,
41945,7830611,-1,32,1,-1,-1,-1,-1,-1,-1,22,1,492,-1,-1,-1,-1,,,,,
41946,7830805,-1,29,1,-1,-1,-1,-1,-1,-1,22,1,492,-1,-1,-1,-1,,,,,
41947,7830850,-1,46,2,-1,-1,-1,-1,-1,-1,22,1,492,-1,-1,-1,-1,,,,,
41948,7830912,-1,51,4,-1,-1,-1,-1,-1,-1,22,1,492,-1,-1,-1,-1,,,,,
41949,7830974,-1,51,8,-1,-1,-1,-1,-1,-1,22,1,492,-1,-1,-1,-1,,,,,
41950,7831035,-1,68,16,-1,-1,-1,-1,-1,-1,22,1,492,-1,-1,-1,-1,,,,,
41951,7831114,-1,95,32,-1,-1,-1,-1,-1,-1,22,1,492,-1,-1,-1,-1,,,,,
41952,7831388,-1,14,1,-1,-1,-1,-1,-1,-1,4,1,4,-1,-1,-1,-1,,,,,
41953,7831844,-1,54,1,-1,-1,-1,-1,-1,-1,22,1,455,-1,-1,-1,-1,,,,,
41954,7831854,-1,1292,32,-1,-1,-1,-1,-1,-1,4,1,488,-1,-1,-1,-1,,,,,
41955,7831912,-1,63,2,-1,-1,-1,-1,-1,-1,22,1,455,-1,-1,-1,-1,,,,,
41956,7831994,-1,36,4,-1,-1,-1,-1,-1,-1,22,1,455,-1,-1,-1,-1,,,,,
41957,7832045,-1,43,8,-1,-1,-1,-1,-1,-1,22,1,455,-1,-1,-1,-1,,,,,
41958,7832100,-1,60,16,-1,-1,-1,-1,-1,-1,22,1,455,-1,-1,-1,-1,,,,,
41959,7832173,-1,88,32,-1,-1,-1,-1,-1,-1,22,1,455,-1,-1,-1,-1,,,,,
41960,7832251,-1,11,1,-1,-1,-1,-1,-1,-1,4,1,2,-1,-1,-1,-1,,,,,
41961,7832838,-1,41,1,-1,-1,-1,-1,-1,-1,22,1,318,-1,-1,-1,-1,,,,,
41962,7832902,-1,87,32,-1,-1,-1,-1,-1,-1,7,1,10,-1,-1,-1,-1,,,,,
41963,7832904,-1,2,2,-1,-1,-1,-1,-1,-1,22,1,318,-1,-1,-1,-1,,,,,
41964,7832965,-1,23,4,-1,-1,-1,-1,-1,-1,22,1,318,-1,-1,-1,-1,,,,,
41965,7832972,-1,5,4,-1,-1,-1,-1,-1,-1,7,1,18,-1,-1,-1,-1,,,,,
41966,7832998,-1,86,16,-1,-1,-1,-1,-1,-1,22,1,318,-1,-1,-1,-1,,,,,
41967,7833101,-1,136,32,-1,-1,-1,-1,-1,-1,22,1,318,-1,-1,-1,-1,,,,,
41968,7833148,-1,18,1,-1,-1,-1,-1,-1,-1,4,1,4,-1,-1,-1,-1,,,,,
41969,7833288,-1,26,2,-1,-1,-1,-1,-1,-1,22,1,318,-1,-1,-1,-1,,,,,
41970,7833291,-1,9182,32,-1,-1,-1,-1,-1,-1,7,1,10,-1,-1,-1,-1,,,,,
41971,7833299,-1,36,1,-1,-1,-1,-1,-1,-1,4,1,2,-1,-1,-1,-1,,,,,
41972,7833366,-1,32,4,-1,-1,-1,-1,-1,-1,22,1,318,-1,-1,-1,-1,,,,,
41973,7833384,-1,9390,4,-1,-1,-1,-1,-1,-1,7,1,18,-1,-1,-1,-1,,,,,
41974,7833410,-1,26,8,-1,-1,-1,-1,-1,-1,22,1,318,-1,-1,-1,-1,,,,,
41975,7833490,-1,21,8,-1,-1,-1,-1,-1,-1,22,1,318,-1,-1,-1,-1,,,,,
41976,7833532,-1,187,32,-1,-1,-1,-1,-1,-1,4,1,488,-1,-1,-1,-1,,,,,
41977,7833623,-1,21,4,-1,-1,-1,-1,-1,-1,22,1,318,-1,-1,-1,-1,,,,,
41978,7833754,-1,130,32,-1,-1,-1,-1,-1,-1,4,1,488,-1,-1,-1,-1,,,,,
41979,7833905,-1,88,32,-1,-1,-1,-1,-1,-1,43,1,221,-1,-1,-1,-1,,,,,
41980,7833975,-1,10074,32,-1,-1,-1,-1,-1,-1,4,1,488,-1,-1,-1,-1,,,,,
41981,7834015,-1,22,4,-1,-1,-1,-1,-1,-1,22,1,318,-1,-1,-1,-1,,,,,
41982,7834152,-1,21,4,-1,-1,-1,-1,-1,-1,22,1,318,-1,-1,-1,-1,,,,,
41983,7834191,-1,22,16,-1,-1,-1,-1,-1,-1,22,1,318,-1,-1,-1,-1,,,,,
41984,7834757,-1,2881,4,-1,-1,-1,-1,-1,-1,32,1,11,-1,-1,-1,-1,,,,,
41985,7834815,-1,30,32,-1,-1,-1,-1,-1,-1,43,1,221,-1,-1,-1,-1,,,,,
41986,7835064,-1,97,2,-1,-1,-1,-1,-1,-1,12,2,90,-1,-1,-1,-1,,,,,
41987,7835099,-1,65,2,-1,-1,-1,-1,-1,-1,12,2,49,-1,-1,-1,-1,,,,,
41988,7835193,-1,15,1,-1,-1,-1,-1,-1,-1,12,2,1,-1,-1,-1,-1,,,,,
41989,7835289,-1,15,1,-1,-1,-1,-1,-1,-1,4,1,4,-1,-1,-1,-1,,,,,
41990,7835756,-1,511,8,-1,-1,-1,-1,-1,-1,58,1,324,-1,-1,-1,-1,,,,,
41991,7836319,-1,37,8,-1,-1,-1,-1,-1,-1,58,1,324,-1,-1,-1,-1,,,,,
41992,7836374,-1,1143,8,-1,-1,-1,-1,-1,-1,58,1,324,-1,-1,-1,-1,,,,,
41993,7837275,-1,31,32,-1,-1,-1,-1,-1,-1,43,1,221,-1,-1,-1,-1,,,,,
41994,7837620,-1,24,1,-1,-1,-1,-1,-1,-1,4,1,4,-1,-1,-1,-1,,,,,
41995,7837813,-1,743,8,-1,-1,-1,-1,-1,-1,58,1,324,-1,-1,-1,-1,,,,,
41996,7838436,-1,36,32,-1,-1,-1,-1,-1,-1,43,1,221,-1,-1,-1,-1,,,,,
41997,7838653,-1,175,8,-1,-1,-1,-1,-1,-1,58,1,324,-1,-1,-1,-1,,,,,
41998,7838844,-1,44,32,-1,-1,-1,-1,-1,-1,43,1,221,-1,-1,-1,-1,,,,,
41999,7838846,-1,45,8,-1,-1,-1,-1,-1,-1,58,1,324,-1,-1,-1,-1,,,,,
42000,7838913,-1,390,8,-1,-1,-1,-1,-1,-1,58,1,324,-1,-1,-1,-1,,,,,
42001,7839593,-1,222,32,-1,-1,-1,-1,-1,-1,12,2,-1,-1,-1,-1,-1,,,,,
42002,7839773,-1,129,8,-1,-1,-1,-1,-1,-1,58,1,324,-1,-1,-1,-1,,,,,
42003,7839825,-1,182,16,-1,-1,-1,-1,-1,-1,12,2,-1,-1,-1,-1,-1,,,,,
42004,7840043,-1,3879,8,-1,-1,-1,-1,-1,-1,58,1,324,-1,-1,-1,-1,,,,,
42005,7841753,-1,9855,32,-1,-1,-1,-1,-1,-1,24,1,101,-1,-1,-1,-1,,,,,
42006,7841781,-1,9827,8,-1,-1,-1,-1,-1,-1,24,1,101,-1,-1,-1,-1,,,,,
42007,7842425,-1,5,1,-1,-1,-1,-1,-1,-1,43,1,9,-1,-1,-1,-1,,,,,
42008,7842494,-1,31,32,-1,-1,-1,-1,-1,-1,43,1,221,-1,-1,-1,-1,,,,,
42009,7842761,-1,417,32,-1,-1,-1,-1,-1,-1,43,1,221,-1,-1,-1,-1,,,,,
42010,7843379,-1,8233,32,-1,-1,-1,-1,-1,-1,7,1,10,-1,-1,-1,-1,,,,,
42011,7843435,-1,8477,4,-1,-1,-1,-1,-1,-1,7,1,18,-1,-1,-1,-1,,,,,
42012,7844053,-1,14,1,-1,-1,-1,-1,-1,-1,4,1,4,-1,-1,-1,-1,,,,,
42013,7844316,-1,10049,32,-1,-1,-1,-1,-1,-1,4,1,3,-1,-1,-1,-1,,,,,
42014,7844701,-1,17,1,-1,-1,-1,-1,-1,-1,9,2,9,-1,-1,-1,-1,,,,,
42015,7851615,-1,10933,64,-1,-1,-1,-1,-1,-1,4,1,-1,-1,-1,-1,-1,,,,,
42016,7851914,-1,62,32,-1,-1,-1,-1,-1,-1,7,1,10,-1,-1,-1,-1,,,,,
42017,7852278,-1,63,32,-1,-1,-1,-1,-1,-1,7,1,10,-1,-1,-1,-1,,,,,
42018,7852642,-1,59,32,-1,-1,-1,-1,-1,-1,7,1,10,-1,-1,-1,-1,,,,,
42019,7853004,-1,61,32,-1,-1,-1,-1,-1,-1,7,1,10,-1,-1,-1,-1,,,,,
42020,7853366,-1,66,32,-1,-1,-1,-1,-1,-1,7,1,10,-1,-1,-1,-1,,,,,
42021,7853733,-1,58,32,-1,-1,-1,-1,-1,-1,7,1,10,-1,-1,-1,-1,,,,,
42022,7854092,-1,57,32,-1,-1,-1,-1,-1,-1,7,1,10,-1,-1,-1,-1,,,,,
42023,7854367,-1,13,1,-1,-1,-1,-1,-1,-1,4,1,4,-1,-1,-1,-1,,,,,
42024,7854450,-1,8103,32,-1,-1,-1,-1,-1,-1,7,1,10,-1,-1,-1,-1,,,,,
42025,7854513,-1,8043,4,-1,-1,-1,-1,-1,-1,7,1,18,-1,-1,-1,-1,,,,,
42026,7862561,-1,104,128,-1,-1,-1,-1,-1,-1,12,2,-1,-1,-1,-1,-1,,,,,
42027,7862855,-1,62643,32,-1,-1,-1,-1,-1,-1,7,1,10,-1,-1,-1,-1,,,,,
42028,7862917,-1,62581,4,-1,-1,-1,-1,-1,-1,7,1,18,-1,-1,-1,-1,,,,,
42044,7869954,-1,32694,32,-1,-1,-1,-1,-1,-1,24,1,101,-1,-1,-1,-1,,,,,
42045,7869984,-1,32666,8,-1,-1,-1,-1,-1,-1,24,1,101,-1,-1,-1,-1,,,,,
42122,7887527,-1,10103,32,-1,-1,-1,-1,-1,-1,4,1,488,-1,-1,-1,-1,,,,,
42154,7896883,-1,20,2,-1,-1,-1,-1,-1,-1,22,1,318,-1,-1,-1,-1,,,,,
42155,7896943,-1,28,2,-1,-1,-1,-1,-1,-1,22,1,455,-1,-1,-1,-1,,,,,
42160,7897632,-1,17,1,-1,-1,-1,-1,-1,-1,4,1,4,-1,-1,-1,-1,,,,,
42163,7898319,-1,10080,32,-1,-1,-1,-1,-1,-1,4,1,488,-1,-1,-1,-1,,,,,
42165,7898701,-1,26,1,-1,-1,-1,-1,-1,-1,9,2,9,-1,-1,-1,-1,,,,,
42201,7908401,-1,13,1,-1,-1,-1,-1,-1,-1,4,1,4,-1,-1,-1,-1,,,,,
42206,7909112,-1,10071,32,-1,-1,-1,-1,-1,-1,4,1,488,-1,-1,-1,-1,,,,,
42212,7910583,-1,114,4,-1,-1,-1,-1,-1,-1,5,2,11,-1,-1,-1,-1,,,,,
42214,7910707,-1,158,8,-1,-1,-1,-1,-1,-1,5,2,11,-1,-1,-1,-1,,,,,
42215,7910915,-1,58,4,-1,-1,-1,-1,-1,-1,5,2,11,-1,-1,-1,-1,,,,,
42248,7919184,-1,14,1,-1,-1,-1,-1,-1,-1,4,1,4,-1,-1,-1,-1,,,,,
42253,7919911,-1,10069,32,-1,-1,-1,-1,-1,-1,4,1,488,-1,-1,-1,-1,,,,,
42256,7929982,-1,13,1,-1,-1,-1,-1,-1,-1,4,1,4,-1,-1,-1,-1,,,,,
42257,7930712,-1,6717,32,-1,-1,-1,-1,-1,-1,4,1,3,-1,-1,-1,-1,,,,,
42258,7931101,-1,14,1,-1,-1,-1,-1,-1,-1,9,2,9,-1,-1,-1,-1,,,,,
42259,7932024,-1,160,64,-1,-1,-1,-1,-1,-1,12,2,14,-1,-1,-1,-1,,,,,
42260,7932040,-1,217,32,-1,-1,-1,-1,-1,-1,12,2,14,-1,-1,-1,-1,,,,,
42261,7932210,-1,17,1,-1,-1,-1,-1,-1,-1,12,2,1,-1,-1,-1,-1,,,,,
42262,7937431,-1,13,1,-1,-1,-1,-1,-1,-1,4,1,4,-1,-1,-1,-1,,,,,
42263,7938006,-1,10923,64,-1,-1,-1,-1,-1,-1,4,1,-1,-1,-1,-1,-1,,,,,
42264,7948936,-1,86,128,-1,-1,-1,-1,-1,-1,12,2,-1,-1,-1,-1,-1,,,,,
